0.830075
0.330075
0.251629
0.334962
0.215038
0.251629
0.27218
0.165038
0.192815
0.215038
0.14231
0.0817041
0.107345
0.0805746
0.0853364
0.089503
0.0931795
0.105329
0.0994814
0.094218
0.0894562
0.0851271
0.0811747
0.0775514
0.074218
0.0772605
0.081534
0.0855022
0.0631835
0.0608847
0.0638636
0.0676451
0.071433
0.074998
0.0783594
0.081534
0.084537
0.0873818
0.090081
0.0926451
0.0950841
0.097407
0.0763661
0.0790088
0.0593117
0.0622102
0.0649855
0.0546107
0.0520598
0.0526451
0.0668657
0.0642262
0.0616863
0.0592404
0.0568835
0.072468
0.0699617
0.0675418
0.065204
0.0629441
0.0607584
0.0747721
0.0724679
0.0702358
0.0680723
0.0811259
0.0788645
0.0766696
0.0745384
0.0724679
0.0704558
0.0684996
0.066597
0.064746
0.0629441
0.0611897
0.0594808
0.0706363
0.0688514
0.0671107
0.0654133
0.0637571
0.0741892
0.0724679
0.0707873
0.0691456
0.0675432
0.0661064
0.064702
0.0633286
0.0619856
0.0606717
0.0701387
0.0687661
0.0779486
0.0765231
0.0751271
0.0737596
0.0825207
0.0811064
0.0797203
0.0783612
0.0770288
0.0757218
0.0744398
0.0826159
0.0812933
0.0799954
0.0787212
0.086561
0.0852507
0.0839636
0.0826993
0.0814573
0.0802369
0.0790375
0.0778586
0.0766996
0.0755602
0.0744397
0.0733379
0.0722539
0.0711877
0.0701387
0.0691065
0.0680904
0.0670908
0.0661064
0.0651373
0.0641832
0.0632439
0.0623186
0.0614073
0.0605095
0.0596249
0.0587535
0.0578948
0.0570486
0.0562145
0.0553921
0.0545818
0.0608249
0.0599876
0.0591621
0.0583477
0.0575448
0.0567527
0.0559712
0.0552003
0.0544398
0.0536893
0.0595276
0.0587535
0.0579895
0.0572355
0.056491
0.0557562
0.0550305
0.0543141
0.0536063
0.0529078
0.0522177
0.0515358
0.0508626
0.0501974
0.04954
0.048891
0.0482494
0.0476155
0.0469885
0.0463697
0.0457575
0.0451528
0.0445547
0.0439636
0.0433792
0.0428011
0.0422301
0.0416653
0.0411063
0.0460787
0.0455017
0.0449315
0.0443671
0.0438091
0.043257
0.0427107
0.04217
0.0416356
0.0411065
0.0405828
0.0400649
0.0395519
0.0390449
0.0398768
0.0380453
0.0376641
0.0390998
0.0405211
0.0369281
0.038346
0.0397499
0.0411399
0.0425163
0.0438793
0.0403747
0.0377249
0.0382743
0.0415848
0.0411061
0.0406324
0.040163
0.040238
0.0415542
0.0387807
0.0395207
0.0408221
0.0421116
0.0433893
0.0401099
0.0413851
0.0381443
0.0394168
0.0406781
0.0419281
0.0387422
0.0399898
0.0412263
0.0424521
0.0436672
0.0448718
0.0417557
0.0429581
0.0441504
0.0453323
0.0465044
0.0476664
0.0488188
0.0499616
0.0510948
0.0522186
0.0492008
0.0462079
0.0432395
0.0402954
0.0414403
0.0425758
0.0437023
0.0448197
0.0459281
0.0470277
0.0481185
0.0452483
0.0463375
0.0474183
0.0484906
0.0495545
0.0506102
0.0477968
0.0488512
0.0498974
0.0509357
0.0481638
0.0492008
0.05023
0.0512514
0.0522652
0.0532714
0.0505526
0.047854
0.0451753
0.0425163
0.0435398
0.0409063
0.0382918
0.0393195
0.0367296
0.0377554
0.038774
0.0397852
0.0372306
0.0382401
0.0392426
0.040238
0.0377176
0.0387113
0.0362138
0.0337336
0.0347309
0.0357212
0.0367047
0.0342568
0.0352387
0.0328124
0.0337925
0.034766
0.0357328
0.0366932
0.0343027
0.0326452
0.0331766
0.0338486
0.031499
0.0299222
0.0301248
0.0310785
0.0320258
0.0329671
0.0339022
0.0316055
0.032539
0.0334665
0.0343881
0.0353039
0.0362138
0.037118
0.0348619
0.0326199
0.0303921
0.031303
0.0322085
0.0331082
0.0340024
0.0348911
0.0326973
0.0335845
0.0344663
0.0353428
0.0331743
0.0340493
0.0318978
0.0327715
0.0336398
0.0345029
0.0353609
0.0338678
0.0315804
0.0322652
0.0329459
0.0336928
0.0345381
0.0324544
0.0332984
0.0341374
0.032073
0.0329107
0.0337436
0.0345717
0.0353951
0.0362138
0.0370278
0.0357617
0.0364055
0.0342209
0.0348654
0.0355062
0.0361437
0.0367774
0.0346221
0.0324789
0.0331175
0.0337526
0.0343843
0.0322652
0.0328974
0.0335263
0.0341516
0.0347735
0.0353921
0.0360073
0.0366192
0.0345398
0.0351524
0.0358319
0.0365947
0.034694
0.0328034
0.0335683
0.0316907
0.0324544
0.0332142
0.0326679
0.0332694
0.0312635
0.0318656
0.0324644
0.0330603
0.033653
0.0342426
0.0348293
0.0354831
0.0336628
0.0340268
0.0346079
0.0351863
0.0332364
0.0338153
0.0318786
0.0324579
0.0305344
0.0311142
0.0316911
0.0322652
0.0328364
0.0309356
0.0315073
0.0320762
0.0326422
0.0332056
0.0313271
0.0310572
0.0308326
0.0306093
0.0303871
0.0325756
0.0323495
0.0321247
0.0319011
0.0316784
0.0314565
0.0312362
0.0310166
0.0307983
0.0305806
0.0303642
0.0301488
0.0299344
0.0297211
0.0295088
0.0292971
0.0290867
0.0288774
0.0286689
0.0307655
0.0305536
0.0303426
0.032421
0.032207
0.0319937
0.0317814
0.0315701
0.0313596
0.0311503
0.0309418
0.0307343
0.0305281
0.030322
0.0301175
0.0299138
0.0297107
0.0295087
0.0293077
0.0291072
0.0289081
0.0287095
0.0285119
0.0283151
0.0281194
0.0279241
0.0277302
0.0275367
0.0273442
0.0271524
0.0269615
0.0267717
0.0265824
0.0263939
0.0262063
0.0260196
0.0258338
0.0256485
0.0254639
0.0252802
0.0250973
0.0249155
0.024734
0.0245536
0.0245407
0.0262821
0.0260994
0.0259176
0.0257363
0.0255562
0.0253763
0.0251977
0.0250194
0.0268953
0.0267143
0.0265342
0.0263547
0.0261761
0.025998
0.0258206
0.025644
0.0254683
0.0252932
0.0251185
0.024945
0.0247719
0.0245997
0.024428
0.0242569
0.0240867
0.0239171
0.0237481
0.0235798
0.0234123
0.0232453
0.023079
0.0248737
0.0247054
0.0245371
0.0243697
0.0242031
0.0240366
0.0238708
0.023706
0.0235417
0.0233781
0.0251379
0.0249718
0.0248065
0.0246415
0.0244775
0.0243139
0.0241508
0.0239888
0.0238268
0.0236657
0.0253922
0.0252282
0.0250659
0.0249034
0.024742
0.0245808
0.0244205
0.0242609
0.0241014
0.0239426
0.0237847
0.0236276
0.0234705
0.0233141
0.0231586
0.0230031
0.0228483
0.0226946
0.0225412
0.0223883
0.022236
0.0220842
0.0219327
0.0217821
0.0216321
0.0214825
0.0213333
0.0211849
0.0210369
0.0208894
0.0207424
0.020596
0.0204502
0.0203047
0.0201597
0.0200156
0.0198717
0.0205886
0.0198216
0.0208149
0.0218046
0.0227908
0.0220254
0.0230079
0.0222447
0.0214842
0.0207264
0.0199712
0.0192185
0.0184685
0.0194452
0.0186974
0.0196704
0.0189247
0.0181817
0.0174411
0.0173006
0.0169641
0.0169353
0.0166982
0.0171659
0.0181266
0.0190841
0.0200384
0.0209894
0.0202566
0.0195262
0.0187983
0.0180728
0.0173498
0.016933
0.0175748
0.0171872
0.017595
0.0180013
0.0184063
0.0171598
0.0176769
0.017547
0.0174172
0.0172881
0.0171593
0.0170308
0.0169031
0.0171061
0.017506
0.0179045
0.0183019
0.0178876
0.0177596
0.0178732
0.019115
0.0189855
0.0188566
0.0187278
0.0185996
0.0194673
0.0187743
0.0182174
0.0189847
0.0195517
0.0194236
0.0192959
0.0191683
0.0190414
0.0204893
0.0203606
0.0202321
0.0201042
0.0199768
0.0198496
0.0197226
0.0195965
0.0194705
0.0193449
0.0192198
0.0190949
0.0189704
0.0188463
0.0187228
0.020138
0.0200128
0.0214217
0.0212948
0.0211686
0.0210423
0.0209167
0.0207914
0.0206664
0.0205419
0.021933
0.0218068
0.0216812
0.0215558
0.0214308
0.0228101
0.0226837
0.0225579
0.0224318
0.0223068
0.0221816
0.0220571
0.0219329
0.0218091
0.0216857
0.0215626
0.0214399
0.0213176
0.0211956
0.021074
0.0217272
0.0210858
0.0207111
0.0212729
0.020635
0.0203512
0.0208226
0.0201881
0.0199951
0.0198768
0.0197589
0.0205631
0.0213787
0.0221919
0.0215619
0.0223726
0.0217441
0.0225522
0.0219252
0.0213001
0.0221053
0.0214818
0.0208599
0.0202399
0.021042
0.0204235
0.0212231
0.0220205
0.0214032
0.022198
0.0215822
0.0223746
0.0217602
0.0225501
0.0219373
0.0225157
0.0223983
0.0222816
0.0221649
0.0220489
0.0219329
0.0218174
0.0217022
0.0215871
0.0214723
0.0213582
0.0216016
0.0223765
0.0217757
0.0211765
0.0207915
0.0206791
0.0205668
0.020455
0.0203435
0.0203366
0.0201215
0.0200108
0.0199218
0.0197903
0.0200976
0.0195712
0.0194621
0.0196866
0.0204464
0.0212041
0.0219598
0.0213748
0.0207914
0.0215446
0.0209625
0.0217135
0.0211327
0.0218815
0.0226283
0.0233731
0.0227932
0.0235358
0.0229572
0.0223801
0.0231204
0.0238587
0.0232827
0.0240189
0.0247531
0.0254854
0.0249103
0.0243367
0.0237646
0.023194
0.0239235
0.0233542
0.0227863
0.0222199
0.022947
0.0236722
0.0243955
0.0251169
0.0245512
0.0252706
0.0259881
0.0254234
0.0248602
0.0255755
0.026289
0.0270007
0.0264383
0.0258774
0.0253178
0.0260271
0.0254688
0.0249119
0.0256191
0.0250634
0.0257685
0.025214
0.024661
0.025364
0.0248121
0.0255132
0.0262125
0.0256616
0.0251121
0.024564
0.0240172
0.0247141
0.0241684
0.0248634
0.0243189
0.0237758
0.0244687
0.0239267
0.0233861
0.0228469
0.0223089
0.0217723
0.0224625
0.023151
0.0226153
0.0220809
0.0227674
0.0222341
0.0229187
0.0236016
0.0230693
0.0225382
0.0220085
0.0226892
0.0221606
0.0228395
0.0235167
0.0241923
0.0236644
0.0243382
0.0238114
0.0232858
0.0227615
0.0234332
0.02291
0.022388
0.0218672
0.0213477
0.0220171
0.0226849
0.0221663
0.0216489
0.0223147
0.022979
0.0236417
0.023125
0.0226095
0.0220953
0.0215822
0.0210703
0.0205597
0.0212198
0.0218784
0.0225354
0.0231909
0.0238449
0.0233346
0.0228254
0.0223175
0.0218107
0.0213051
0.0219567
0.0214521
0.0209486
0.0204464
0.021096
0.0217441
0.0223907
0.0218891
0.0213886
0.0220334
0.0215339
0.0210356
0.0216786
0.0211812
0.0218225
0.0213261
0.0208308
0.0203366
0.0209761
0.0204828
0.0211207
0.0217571
0.0212646
0.0218994
0.0214079
0.0220411
0.0215506
0.0210612
0.0205728
0.0200855
0.0195993
0.0191143
0.0186303
0.0182493
0.0181254
0.0180018
0.0178785
0.0177554
0.0187401
0.0186164
0.0195979
0.0194734
0.0204519
0.0203269
0.020202
0.0200773
0.0199532
0.0198292
0.0197055
0.0195822
0.0205519
0.0204278
0.0203041
0.0201803
0.0200571
0.0199342
0.0198114
0.0196888
0.0195668
0.0205271
0.0204041
0.0202816
0.0201594
0.0211148
0.0209919
0.0208692
0.0207467
0.0206245
0.0205027
0.0203811
0.0202596
0.0201384
0.0200176
0.0198972
0.0197768
0.0196566
0.0195369
0.0194171
0.0192979
0.0202382
0.0201183
0.0199985
0.019879
0.01976
0.0196409
0.0195222
0.0194038
0.0192857
0.0191678
0.0190499
0.0189326
0.0188153
0.0186985
0.0185817
0.0184653
0.018349
0.0188855
0.0184344
0.0180019
0.0178865
0.0177715
0.0176567
0.0175422
0.0174278
0.0183458
0.0182309
0.0181163
0.0180017
0.0189154
0.0188003
0.0186856
0.018571
0.0184566
0.0183427
0.0182288
0.0181152
0.0180019
0.0178887
0.0177758
0.0176631
0.0175506
0.0174384
0.0173263
0.0172145
0.017103
0.0169917
0.0168805
0.0167698
0.016659
0.0165486
0.0164384
0.0163285
0.0162187
0.0161091
0.0170009
0.0168907
0.0167807
0.0166711
0.0165617
0.0164524
0.0163434
0.0162346
0.016126
0.0160176
0.0160824
0.0166457
0.0172078
0.0177688
0.0173416
0.0179013
0.01846
0.0190176
0.0185908
0.0191472
0.0187211
0.0182958
0.0188508
0.0194048
0.0189801
0.0195328
0.0191088
0.0186857
0.0182634
0.0178419
0.0174212
0.0179722
0.0185221
0.018102
0.0186508
0.0182313
0.0178127
0.0173949
0.0169779
0.0175251
0.0171088
0.0176548
0.0172392
0.017784
0.017369
0.0169548
0.0174984
0.0170849
0.0166721
0.0172144
0.0168023
0.0163911
0.016932
0.017472
0.0170613
0.0176001
0.01719
0.0167807
0.0163721
0.0169096
0.0165017
0.0160946
0.0156882
0.0162243
0.0167593
0.0172933
0.0168874
0.0174203
0.017015
0.0166104
0.0171421
0.0176728
0.0172687
0.0177983
0.0173949
0.0169923
0.0175206
0.0171186
0.0176459
0.0181721
0.0177706
0.0173699
0.0169699
0.0165706
0.0161721
0.0157743
0.0153772
0.0149809
0.0155053
0.0151095
0.0147145
0.0152377
0.0148433
0.0144497
0.0149716
0.0154926
0.0160127
0.0165318
0.0161384
0.0157457
0.0153537
0.0158716
0.0154802
0.015997
0.0165128
0.0170277
0.0175417
0.0180547
0.0185668
0.0181755
0.0177849
0.0173949
0.0179058
0.0175164
0.0171278
0.0176375
0.0172495
0.0177582
0.018266
0.0187729
0.0183852
0.0179982
0.0176119
0.0172263
0.0168414
0.0164571
0.0169625
0.0165788
0.0161959
0.0167001
0.0163177
0.0159359
0.0164391
0.0160579
0.0156774
0.0161794
0.0157995
0.0163005
0.0159211
0.0155424
0.0151644
0.0156642
0.0152868
0.0157856
0.0154087
0.0159065
0.0155302
0.0160271
0.0156512
0.0161472
0.0157719
0.0153973
0.0158921
0.015518
0.0151446
0.0156384
0.0152655
0.0157583
0.0162503
0.0167414
0.0163689
0.015997
0.0156257
0.0152551
0.015745
0.016234
0.0158638
0.0163518
0.0168391
0.0173255
0.0169556
0.0165864
0.0162178
0.0158499
0.0154825
0.0151158
0.0147497
0.0152346
0.0157186
0.0162019
0.0158361
0.0163184
0.0167999
0.0172806
0.0169151
0.0165503
0.01703
0.0166657
0.0171445
0.0176224
0.0172585
0.0177356
0.0173722
0.0178484
0.0174855
0.0171233
0.0167617
0.0164006
0.0160402
0.0165151
0.0169892
0.0166292
0.0162697
0.0167429
0.0163839
0.0168562
0.0164978
0.0161399
0.0157827
0.0162539
0.0167243
0.0163674
0.0160112
0.0156555
0.0161249
0.0165935
0.0170613
0.0175283
0.0179945
0.017639
0.0172841
0.0177494
0.0173949
0.0170411
0.0175054
0.017152
0.0176156
0.0172626
0.0169103
0.0165586
0.0170211
0.0166698
0.0171314
0.0175924
0.0172415
0.0177015
0.0181609
0.0178104
0.0174605
0.0171111
0.0167623
0.0164141
0.0160664
0.0157193
0.0153728
0.0158307
0.0154846
0.0159416
0.015596
0.0160522
0.0157071
0.0161625
0.0158178
0.0162724
0.0167263
0.0163819
0.0160382
0.015695
0.0161479
0.0158051
0.0162572
0.0159149
0.0163661
0.0160243
0.0164748
0.0161334
0.0157925
0.0154522
0.0151125
0.0147732
0.0144345
0.0140963
0.0145455
0.0149939
0.0154417
0.0151038
0.0155507
0.0152133
0.0148763
0.0153224
0.0149859
0.0154312
0.0158758
0.0155397
0.0152041
0.014869
0.0145345
0.0142004
0.0138669
0.0135339
0.0139772
0.0144199
0.0148618
0.014529
0.0149702
0.0146379
0.0143061
0.0147464
0.0144151
0.0140842
0.0145237
0.0141933
0.0138633
0.0135339
0.0139725
0.0144103
0.0140813
0.0145184
0.0141897
0.0146261
0.0142978
0.0139701
0.0136429
0.0133162
0.0129899
0.0134252
0.0130994
0.0127741
0.0132085
0.0128836
0.0133173
0.0137504
0.0141828
0.0138581
0.0142898
0.0139655
0.0136417
0.0140726
0.0137492
0.0134263
0.0138564
0.0142858
0.0139633
0.0136412
0.0140698
0.0137481
0.014176
0.0138547
0.0142819
0.013961
0.0136406
0.0133207
0.0130013
0.0126823
0.0131084
0.0127899
0.0124718
0.0128971
0.0133218
0.013004
0.013428
0.0131106
0.0127937
0.0124773
0.0129004
0.0125844
0.0130068
0.0134286
0.0131128
0.0135339
0.0132186
0.0136389
0.013324
0.0137437
0.0134291
0.0138481
0.0142665
0.0139522
0.0136384
0.0140561
0.0137426
0.0141596
0.0138465
0.0142628
0.0139501
0.0143657
0.0140534
0.0137416
0.0134302
0.0131193
0.0128087
0.0132234
0.0129133
0.0126036
0.0122944
0.0127082
0.0123993
0.0128124
0.0132249
0.0129164
0.0126083
0.0123006
0.0119934
0.0116866
0.0113803
0.0110744
0.0114858
0.0111803
0.011591
0.0112858
0.0109811
0.0113911
0.0110867
0.011496
0.011192
0.0108884
0.011297
0.0109938
0.010691
0.0110989
0.0115061
0.0112036
0.0116103
0.0113081
0.0110064
0.0114123
0.0111109
0.0115162
0.0112151
0.0116197
0.0113191
0.011061
0.0116373
0.0115096
0.0113822
0.0112548
0.0111277
0.0117019
0.0115747
0.0114476
0.0113207
0.0118931
0.0117661
0.0123377
0.0122104
0.0120834
0.0119565
0.0118427
0.0123994
0.0122725
0.0121459
0.0120195
0.0118932
0.0117672
0.0123342
0.012208
0.0120819
0.011956
0.0125214
0.0123956
0.0129597
0.0128337
0.0127078
0.0126484
0.0130423
0.0134357
0.0131412
0.0135339
0.0132398
0.012946
0.0133381
0.0130447
0.0127517
0.0131431
0.0128504
0.0131351
0.0136928
0.0135675
0.0141241
0.0139987
0.0138736
0.0137485
0.0143034
0.0148576
0.0147322
0.014607
0.0144818
0.0150344
0.0149091
0.0154607
0.0153353
0.0152102
0.0150852
0.0149603
0.0148357
0.0147111
0.0145868
0.0151356
0.0150111
0.0148869
0.0147627
0.0153099
0.0151857
0.0157318
0.0162773
0.0161527
0.0160282
0.0159039
0.0164478
0.0163233
0.0168662
0.0167416
0.0166174
0.0171589
0.0170344
0.0169101
0.016786
0.016662
0.0165383
0.0164145
0.0169538
0.01683
0.0167063
0.016583
0.0164598
0.0163366
0.0162136
0.0167505
0.0166275
0.0165045
0.0163818
0.0162593
0.0161368
0.0160146
0.0158926
0.0164267
0.0163046
0.0161825
0.0160607
0.0159389
0.0158173
0.0156959
0.0155747
0.0154536
0.0153327
0.0152119
0.0150913
0.0149708
0.0148506
0.0147304
0.0146104
0.0144905
0.0143709
0.0142515
0.0141321
0.0146605
0.0151882
0.0150685
0.014949
0.0148295
0.0147102
0.0145911
0.0144722
0.0143533
0.0142347
0.0141162
0.0139979
0.0138796
0.0137616
0.0142856
0.0141674
0.0146904
0.0145722
0.0150942
0.0149759
0.0148576
0.0147396
0.0146217
0.0145038
0.0143862
0.0149062
0.0147884
0.0153074
0.0151895
0.0150718
0.0149543
0.014837
0.0147198
0.0146027
0.0151194
0.0150021
0.015518
0.0154008
0.0152835
0.0151666
0.0150497
0.014933
0.0148166
0.0147001
0.0145838
0.0150971
0.0149807
0.0148645
0.0147484
0.0146323
0.0145167
0.0144011
0.0142856
0.0141702
0.0140551
0.0145653
0.01445
0.0143349
0.0142199
0.0147288
0.0146136
0.0144988
0.0143839
0.0148914
0.0147765
0.0146617
0.0145471
0.0144326
0.0143182
0.014204
0.0140899
0.0139759
0.0138622
0.0137484
0.013635
0.0135217
0.0134085
0.0132952
0.0131823
0.0130696
0.0135725
0.0134597
0.0139619
0.0144635
0.0143502
0.0142371
0.0141241
0.0140113
0.0138986
0.013786
0.0136736
0.0135612
0.0134491
0.0133371
0.0132251
0.0131134
0.0130019
0.0128903
0.0127791
0.0126679
0.0125568
0.0124458
0.0129426
0.0128316
0.0127206
0.0126098
0.0124993
0.0129944
0.0128838
0.0127732
0.0126627
0.0125523
0.0124422
0.012332
0.0128253
0.0127152
0.0126051
0.0130973
0.0129871
0.0128772
0.0127673
0.0126577
0.012548
0.0124385
0.0129287
0.0128192
0.0127098
0.0126004
0.0124913
0.0123823
0.0122734
0.0121646
0.012056
0.0125437
0.012435
0.0123264
0.0122179
0.0121096
0.0120013
0.0118933
0.0117852
0.0116774
0.0121628
0.0120549
0.0125394
0.0124314
0.0123236
0.0122157
0.0121081
0.0120006
0.0118932
0.0117859
0.0116789
0.0115718
0.011465
0.0113581
0.0112516
0.0111449
0.0110386
0.0109324
0.011413
0.0118933
0.0117866
0.0116802
0.0115739
0.0114676
0.0113616
0.0112557
0.0111498
0.0110441
0.0109385
0.010833
0.0107276
0.0106225
0.0105174
0.0104124
0.0103076
0.0102028
0.0100983
0.00999379
0.00988936
0.00978518
0.00968099
0.0095771
0.0094732
0.00936937
0.00926578
0.00916225
0.00905889
0.00895554
0.00885242
0.0093258
0.00922251
0.00911933
0.00901634
0.0089134
0.0088107
0.00928235
0.00917959
0.00907677
0.00897408
0.00944459
0.0099147
0.00981164
0.00970882
0.00960612
0.0095036
0.00997216
0.00986958
0.00976706
0.00966454
0.00956225
0.00946003
0.00992703
0.00982481
0.00972259
0.00962049
0.00951856
0.00941676
0.00931495
0.00921333
0.00911188
0.00901049
0.00947511
0.00937361
0.00927228
0.00917107
0.00906998
0.00896895
0.00886804
0.00876719
0.00866657
0.00856602
0.00846559
0.00836527
0.00826502
0.00872666
0.00862634
0.00908732
0.00898695
0.00944728
0.00934672
0.00924641
0.00914609
0.00904596
0.00894594
0.0094046
0.00930446
0.00920445
0.00910461
0.00956219
0.00946218
0.0093624
0.00926256
0.00971901
0.00961924
0.00951946
0.00941992
0.00987524
0.00977546
0.00967586
0.00957638
0.00947702
0.00937772
0.0092786
0.00973225
0.00963306
0.00953388
0.00943488
0.00933588
0.00923705
0.00913835
0.00903976
0.00894135
0.00884289
0.0087446
0.00864643
0.00854838
0.00867268
0.00844029
0.00875634
0.00870514
0.00860733
0.0086078
0.00892311
0.00869131
0.0090062
0.00877461
0.00908911
0.00940329
0.00917187
0.00948566
0.00925443
0.00956783
0.0093368
0.00964981
0.0099625
0.00973162
0.0100439
0.00981328
0.00958288
0.00935274
0.00966454
0.00997603
0.0102872
0.010598
0.0103679
0.0106783
0.0109884
0.0107585
0.0110682
0.0108385
0.010609
0.0103798
0.0106891
0.010998
0.0113066
0.0110775
0.0113857
0.0116936
0.0120011
0.0117721
0.0115434
0.0113149
0.011622
0.0113937
0.0111657
0.0114724
0.0117787
0.0120848
0.0118568
0.0116292
0.0114017
0.0111745
0.0109476
0.0112531
0.0115582
0.0118631
0.0121676
0.0124718
0.0122449
0.0120182
0.0117918
0.0115656
0.0118693
0.0116433
0.0119466
0.0117208
0.0120238
0.0117982
0.0121008
0.0118754
0.0116503
0.0114253
0.0112006
0.0109762
0.010752
0.010528
0.01083
0.0106062
0.0109079
0.0106843
0.0109856
0.0107622
0.0110631
0.0108399
0.0106169
0.0103942
0.0101717
0.0104721
0.0102499
0.0100278
0.0103278
0.0101059
0.0104057
0.010184
0.0104833
0.0107824
0.0110811
0.0108595
0.0106382
0.010417
0.0107153
0.0110133
0.0107924
0.01109
0.0113873
0.0116844
0.0114635
0.0112429
0.0110225
0.0113191
0.0110989
0.0108789
0.0111751
0.011471
0.0112512
0.0115467
0.0113271
0.0116223
0.0114028
0.0116977
0.0119923
0.011773
0.0120672
0.0118481
0.0116292
0.0114105
0.0117043
0.0119978
0.0117793
0.0120725
0.0118541
0.011636
0.0119288
0.0122213
0.0120033
0.0117855
0.011568
0.0113507
0.0111336
0.0114256
0.0112087
0.0115004
0.0117918
0.011575
0.0113584
0.0116495
0.0114331
0.0112169
0.011001
0.0107853
0.0110759
0.0113661
0.0116561
0.0119458
0.0117302
0.0120195
0.0118041
0.0120931
0.0118778
0.0116628
0.0114479
0.0117365
0.0115218
0.0113074
0.0110931
0.0108791
0.0111673
0.0114552
0.0112413
0.0110277
0.0113152
0.0116025
0.0113889
0.0111756
0.0114625
0.0112493
0.0110364
0.0113229
0.0116092
0.0118951
0.0116823
0.0114697
0.0112573
0.0110451
0.0108331
0.0111186
0.0109068
0.0106952
0.0109804
0.0107689
0.0110538
0.0108425
0.0106315
0.0104206
0.01021
0.0099996
0.00978938
0.00957939
0.00936961
0.00916001
0.00895065
0.00874147
0.0090256
0.0088166
0.0086078
0.00889158
0.00868297
0.00847453
0.00875798
0.0090411
0.00932398
0.00911567
0.00890753
0.00919005
0.00898209
0.00877434
0.00905651
0.00884894
0.00913078
0.00941238
0.00920492
0.00899765
0.00879061
0.0090718
0.00886494
0.00914583
0.00942641
0.00921968
0.00949997
0.00978002
0.0100598
0.0103393
0.0106185
0.0108974
0.0111761
0.0109693
0.0112476
0.0115258
0.0113191
0.0111126
0.0109063
0.0111841
0.010978
0.010772
0.0105664
0.0108437
0.0106382
0.0104328
0.0102277
0.0105047
0.0102997
0.0100949
0.00989029
0.0101669
0.0104433
0.0102388
0.0100345
0.0103105
0.0101064
0.0103821
0.0106576
0.0104536
0.0107288
0.010525
0.0103213
0.0105962
0.0103927
0.0101894
0.00998637
0.00978348
0.00958082
0.00937831
0.00965267
0.00992677
0.00972438
0.00999817
0.00979599
0.0100695
0.00986743
0.0101406
0.0104136
0.0106863
0.0109587
0.0107567
0.0105549
0.0103533
0.0101519
0.00995067
0.00974962
0.00954878
0.0098207
0.00962001
0.00941953
0.00969112
0.00949079
0.00929064
0.00909066
0.00936192
0.00963292
0.00990367
0.00970379
0.00950411
0.00977451
0.00957498
0.00984511
0.00964573
0.00991559
0.00971636
0.00951731
0.00978684
0.00958794
0.00985721
0.0101262
0.0103949
0.0101961
0.00999752
0.00979909
0.0100675
0.00986922
0.0101373
0.0104052
0.010207
0.0104746
0.0102766
0.0100788
0.010346
0.0106131
0.0104153
0.0102178
0.0100205
0.00982335
0.00962636
0.00942957
0.00969616
0.00949952
0.00976583
0.0100319
0.0102977
0.0105632
0.0103666
0.0106319
0.010897
0.0107005
0.0105042
0.0107689
0.0105728
0.0103768
0.0106413
0.0104455
0.0102499
0.010514
0.0107778
0.0110415
0.0108459
0.0111093
0.0109139
0.011177
0.0114398
0.0117024
0.0119648
0.0117694
0.0120315
0.0118363
0.0116413
0.0114465
0.0112519
0.0110574
0.0113191
0.0115805
0.0118417
0.0121028
0.0123635
0.012624
0.0128843
0.0126898
0.0129498
0.0127554
0.0125612
0.0123672
0.0121734
0.0119797
0.0117862
0.0115929
0.0113998
0.0116593
0.0114663
0.0112735
0.0115328
0.0113401
0.0115991
0.0118578
0.0116652
0.0114729
0.0112807
0.0110886
0.0108967
0.0111551
0.0109634
0.0107718
0.0105805
0.0103893
0.0101982
0.0100074
0.00981668
0.00962615
0.0094358
0.00924563
0.00905564
0.0088658
0.00912356
0.00893387
0.00919136
0.00900182
0.00925905
0.00951606
0.00932661
0.00958335
0.00983989
0.00965056
0.00946137
0.00927237
0.00908354
0.00933972
0.00915101
0.00896248
0.00877413
0.00858593
0.00839791
0.00821003
0.00802237
0.00783482
0.00764745
0.00790313
0.00771591
0.00797135
0.00822654
0.0084815
0.00873625
0.00854906
0.00836205
0.00817519
0.00842962
0.00868383
0.00893781
0.00919157
0.00900477
0.00881812
0.00907159
0.00932485
0.00957787
0.00939131
0.00964409
0.00989664
0.00971019
0.0095239
0.00933775
0.00959
0.009404
0.00965601
0.00990778
0.0101593
0.00997341
0.0102247
0.0104758
0.0107267
0.0109773
0.0107915
0.0106058
0.0104202
0.0102348
0.0104851
0.0107352
0.01055
0.0103648
0.0106147
0.0104297
0.0106792
0.0109286
0.0111778
0.0114267
0.0112418
0.0114904
0.0117389
0.0119872
0.0118023
0.0120503
0.0118656
0.0121134
0.0123609
0.0121763
0.0119919
0.0122391
0.0120548
0.0123019
0.0121177
0.0119336
0.0117497
0.0119965
0.0118127
0.0116292
0.0114457
0.0116922
0.0119384
0.0121845
0.0120011
0.0118179
0.0116349
0.011452
0.0116977
0.011515
0.0117604
0.0115778
0.0118231
0.0116405
0.0114582
0.011276
0.011094
0.0109121
0.0107304
0.0109753
0.0107937
0.0106122
0.010431
0.0106755
0.0104944
0.0107388
0.0105577
0.0103768
0.0101961
0.0100156
0.0102596
0.0100792
0.00989887
0.00971875
0.0099625
0.00978249
0.010026
0.0102693
0.0100894
0.0103325
0.0105753
0.010818
0.0110604
0.0108806
0.0107009
0.0109431
0.0107635
0.0110055
0.010826
0.0106467
0.0104675
0.0102885
0.0105302
0.0103513
0.0105927
0.010414
0.0102354
0.0104766
0.010298
0.010539
0.0107798
0.0106014
0.0104231
0.0106636
0.0104855
0.0103075
0.0105478
0.0107878
0.0106099
0.0108497
0.010672
0.0109116
0.011151
0.0113902
0.0112125
0.0114515
0.0112739
0.0110965
0.0109192
0.0107421
0.0105652
0.0103883
0.0102116
0.0100351
0.00985876
0.00968251
0.00950643
0.00933048
0.00915471
0.00897905
0.00880355
0.00904194
0.00886655
0.00869131
0.00851619
0.00834125
0.00857934
0.00840449
0.00864235
0.00888002
0.00870529
0.00853068
0.00835621
0.00859362
0.00841928
0.00865644
0.00848222
0.00830814
0.00813422
0.00796044
0.00778678
0.0076133
0.00785011
0.00808671
0.00791332
0.00814971
0.00797641
0.0082126
0.00803941
0.00786638
0.0081023
0.00792938
0.00816509
0.00840062
0.0082278
0.00805509
0.00829038
0.00852546
0.00876036
0.00899509
0.0092296
0.00905693
0.00888437
0.00871199
0.00894624
0.00877395
0.00900799
0.00883582
0.00906962
0.00889757
0.00913119
0.00895923
0.00919265
0.00942582
0.00925398
0.00948697
0.00931525
0.00954801
0.00937641
0.00920492
0.00903356
0.00886238
0.00869131
0.00892377
0.00875282
0.00898507
0.00921711
0.00904626
0.00927812
0.00910735
0.00893673
0.00876626
0.00859591
0.00882751
0.00865728
0.00888863
0.00871852
0.00894964
0.00877964
0.00901058
0.00924134
0.00947189
0.00930196
0.0095323
0.0097625
0.00999248
0.00982261
0.00965285
0.00988263
0.00971299
0.00994253
0.00977302
0.00960365
0.0094344
0.00926527
0.00909629
0.00932553
0.00915667
0.0093857
0.00921696
0.00944579
0.00967446
0.00990292
0.00973421
0.00956565
0.00979391
0.010022
0.0102499
0.0100814
0.010309
0.0105365
0.0107638
0.0105954
0.0108225
0.0110494
0.0112762
0.0115028
0.0113344
0.0111661
0.010998
0.01083
0.0106621
0.0108884
0.0107207
0.0109468
0.0107791
0.0106116
0.0104442
0.01067
0.0105028
0.0107284
0.0105612
0.0103942
0.0106196
0.0108448
0.0110699
0.0109029
0.0111278
0.0109609
0.0111856
0.0114101
0.0116344
0.0114676
0.0116917
0.011525
0.0113584
0.011192
0.0114159
0.0112495
0.0110833
0.011307
0.0111409
0.0109749
0.0108091
0.0106434
0.0108668
0.0107012
0.0109244
0.0111474
0.0109819
0.0108165
0.0110393
0.010874
0.0107089
0.0109315
0.0111539
0.0109888
0.0108239
0.0106591
0.0104944
0.0103298
0.0101654
0.0100011
0.00983694
0.010059
0.0102809
0.0101168
0.00995284
0.00978902
0.00962529
0.00984693
0.0100684
0.00990474
0.00974125
0.00957787
0.00941461
0.00963581
0.00947267
0.00930965
0.00953063
0.0093677
0.00920492
0.00942567
0.00926298
0.00948355
0.00932097
0.00954136
0.00976157
0.0099816
0.0102015
0.0104212
0.0102586
0.0104781
0.0103157
0.0101533
0.00999111
0.0102104
0.0100483
0.0102674
0.0101053
0.0103242
0.010543
0.010381
0.0102192
0.0100575
0.00989598
0.00973451
0.00957319
0.00979164
0.00963041
0.00946933
0.00968754
0.00952655
0.00936568
0.00958371
0.00980157
0.0100193
0.0102368
0.010076
0.0102933
0.0101326
0.0103497
0.0105667
0.0107836
0.0106229
0.0104623
0.0103019
0.0101415
0.0103581
0.0101979
0.0104143
0.0102542
0.0104704
0.0103104
0.0101505
0.00999066
0.00983101
0.010047
0.0102628
0.0104784
0.0106939
0.0105343
0.0107496
0.0109647
0.0111797
0.0113945
0.0116092
0.0114496
0.0112901
0.0115045
0.0113451
0.0111859
0.0114001
0.011241
0.011455
0.0112959
0.011137
0.0113509
0.011192
0.0114057
0.0112469
0.0110883
0.0113018
0.0111432
0.0113565
0.0111981
0.0114112
0.0112529
0.0110946
0.0109365
0.0111494
0.0113622
0.0115748
0.0117872
0.0116292
0.0114712
0.0116834
0.0118955
0.0117376
0.0115799
0.0114222
0.0116341
0.0114765
0.0116882
0.0115308
0.0117423
0.0119537
0.0121649
0.0120074
0.0122185
0.0124294
0.012272
0.0124827
0.0126933
0.012536
0.0123789
0.0125892
0.0124322
0.0126424
0.0124854
0.0126954
0.0125386
0.0123819
0.0125917
0.012435
0.0126446
0.0124881
0.0123317
0.0125411
0.0123848
0.0122286
0.0124378
0.0126469
0.0124908
0.0126997
0.0129085
0.0127524
0.012961
0.0131695
0.0130135
0.0132218
0.0130659
0.013274
0.0134819
0.0136898
0.0138974
0.0141049
0.013949
0.0141564
0.0140006
0.0142078
0.0140521
0.0138965
0.013741
0.013948
0.0141548
0.0143615
0.014568
0.0144126
0.0146189
0.0144636
0.0146697
0.0148758
0.0147205
0.0149264
0.0147712
0.0146162
0.0148219
0.0146669
0.014512
0.0143573
0.0142027
0.0140482
0.0142536
0.0140992
0.0139449
0.0141501
0.0139959
0.014201
0.0140469
0.0138929
0.013739
0.0135852
0.01379
0.0136363
0.013841
0.0140456
0.01425
0.0144542
0.0146584
0.0145047
0.0143511
0.0141976
0.0140443
0.0138911
0.0137379
0.0135849
0.0137887
0.0136358
0.013483
0.0133303
0.0135339
0.0133813
0.0135848
0.0134322
0.0132798
0.0134831
0.0133308
0.0135339
0.0133817
0.0132295
0.0134325
0.0132805
0.0134832
0.0133313
0.0131794
0.0130277
0.0132303
0.0130786
0.0129271
0.0131295
0.0133318
0.0131803
0.0133824
0.013231
0.013433
0.0132817
0.0134835
0.0133323
0.0131812
0.0130302
0.0128793
0.0127285
0.0125778
0.0124273
0.0126288
0.0124783
0.0123279
0.0121777
0.012379
0.0122288
0.01243
0.0122799
0.0124809
0.0123309
0.0125318
0.0123819
0.012232
0.0120823
0.0119327
0.0121334
0.0119838
0.0118344
0.0116851
0.0115359
0.0113868
0.0112378
0.0110889
0.0109401
0.0111405
0.0109918
0.0108432
0.0106947
0.0105463
0.010398
0.0102499
0.0104499
0.0106499
0.0105018
0.0107016
0.0105536
0.0104057
0.0102578
0.0104575
0.0103097
0.0105092
0.0107085
0.0105608
0.0104133
0.0102658
0.0104649
0.0106639
0.0105165
0.0103692
0.010568
0.0107667
0.0106195
0.0104723
0.0106708
0.0105238
0.0103768
0.0105752
0.0107734
0.0106265
0.0108246
0.0106778
0.0105311
0.0107289
0.0105823
0.0104358
0.0102894
0.0104871
0.0106846
0.0105383
0.010392
0.0102459
0.0104433
0.0102972
0.0104944
0.0103484
0.0105455
0.0107424
0.0109392
0.0107932
0.0106474
0.010844
0.0106983
0.0108947
0.0107491
0.0109454
0.0107998
0.010996
0.011192
0.0110465
0.0109011
0.0107557
0.0109516
0.0108063
0.0106612
0.0108569
0.0107118
0.0109073
0.0111027
0.0109577
0.011153
0.0113481
0.0112031
0.0110583
0.0112532
0.0111085
0.0113033
0.0114979
0.0116925
0.0118869
0.0120811
0.0119364
0.0121305
0.0119858
0.0118413
0.0120353
0.0118908
0.0117464
0.0116021
0.0114579
0.0113138
0.0115076
0.0113636
0.0115572
0.0117506
0.0116067
0.0114628
0.0113191
0.0111754
0.0110319
0.0112251
0.0114182
0.0112747
0.0111313
0.0109881
0.0108448
0.0107017
0.0108946
0.0107516
0.0106087
0.0108014
0.0106586
0.0108511
0.0107084
0.0105657
0.0104231
0.0102806
0.0101382
0.0103306
0.0101883
0.0103805
0.0105726
0.0107646
0.0109565
0.0108142
0.0110059
0.0108637
0.0110553
0.0109131
0.0107711
0.0106291
0.0104873
0.0103456
0.0105369
0.0107281
0.0105864
0.0104448
0.0103033
0.010162
0.010353
0.0102116
0.0100704
0.0102613
0.010452
0.0103109
0.0101698
0.0103604
0.0105508
0.0107411
0.0109313
0.0111214
0.0113114
0.0111703
0.0110293
0.0112191
0.0110782
0.0109374
0.011127
0.0109863
0.0111758
0.0110351
0.0112244
0.0110839
0.0109434
0.0111326
0.0113216
0.0111812
0.0110409
0.0109006
0.0107605
0.0106204
0.0108092
0.0106693
0.0105294
0.0107181
0.0109067
0.0110951
0.0112835
0.0111436
0.0113318
0.011192
0.0110523
0.0109127
0.0107732
0.0106337
0.0104944
0.0103551
0.0105431
0.010404
0.0102649
0.0104527
0.0103137
0.0105014
0.0106889
0.0108763
0.0107374
0.0109247
0.0107858
0.0109729
0.0108341
0.0106954
0.0105568
0.0104182
0.0106052
0.0104667
0.0103284
0.0105152
0.0107018
0.0108884
0.0107501
0.0106118
0.0104737
0.0106601
0.010522
0.010384
0.0105703
0.0107564
0.0106185
0.0104806
0.0106666
0.0105288
0.0107147
0.0109004
0.0107627
0.0109483
0.0108106
0.0109961
0.0108585
0.0110438
0.0109063
0.0110915
0.0112766
0.0111392
0.0110018
0.0111867
0.0110494
0.0112342
0.011097
0.0112817
0.0111445
0.0113291
0.011192
0.011055
0.0109182
0.0107814
0.0109657
0.010829
0.0106924
0.0105558
0.01074
0.010924
0.0107875
0.0109715
0.0108351
0.0110188
0.0112025
0.0110661
0.0112497
0.0114331
0.0116164
0.0117995
0.0119826
0.0118463
0.01171
0.0118929
0.0117567
0.0119395
0.0118034
0.0116674
0.01185
0.0120325
0.0118966
0.0117607
0.0116249
0.0114892
0.0113536
0.011218
0.0114004
0.0112649
0.0114471
0.0116292
0.0114937
0.0113584
0.0112232
0.011088
0.010953
0.010818
0.0106831
0.0105483
0.0104136
0.0102789
0.0101444
0.0103262
0.0101917
0.0100573
0.0102389
0.0101046
0.00997037
0.00983623
0.0100177
0.0101991
0.0103803
0.0102462
0.0101122
0.0102933
0.0101593
0.0103403
0.0102064
0.0103873
0.0102535
0.0104342
0.0103004
0.0101668
0.0100332
0.00989968
0.00976625
0.00994679
0.00981346
0.00999385
0.00986058
0.0100408
0.00990763
0.0100878
0.00995466
0.0101347
0.0100016
0.0101815
0.0100485
0.00991559
0.0100953
0.0099625
0.0101421
0.0100093
0.00987664
0.0100561
0.00992349
0.0101028
0.00997028
0.00983781
0.00970539
0.0098846
0.00975227
0.00962001
0.00948787
0.00966692
0.00953481
0.00971374
0.00958169
0.00944975
0.00931787
0.00918609
0.00905439
0.00892276
0.00910148
0.00928012
0.00914854
0.00901705
0.00888562
0.00875431
0.00862306
0.0084919
0.00867033
0.00853923
0.00840819
0.0082773
0.00845554
0.00863367
0.00881174
0.00898966
0.00885874
0.00872791
0.00890571
0.00877494
0.00895262
0.00882193
0.00869131
0.00856078
0.0084303
0.0086078
0.00878519
0.0086548
0.00883207
0.00900924
0.00887889
0.00874859
0.00861841
0.00879541
0.00866529
0.00853524
0.00871211
0.00888887
0.00906551
0.00893551
0.00880557
0.00867572
0.00885221
0.00872242
0.00859272
0.00876909
0.00863945
0.00881571
0.00899184
0.00886226
0.00903827
0.00890872
0.00877929
0.00864992
0.00852063
0.00839141
0.00856724
0.00843811
0.00830904
0.00848472
0.00835574
0.00822681
0.00840235
0.00857782
0.00844896
0.00862432
0.00879949
0.00897467
0.00884581
0.00871706
0.00889206
0.00876331
0.00893819
0.00911295
0.0092876
0.00915897
0.00933349
0.00920486
0.00907642
0.00894797
0.00881958
0.00869131
0.00886565
0.00903988
0.00891167
0.00908583
0.00895762
0.00913167
0.00900352
0.00917745
0.00904942
0.00892144
0.00879353
0.00866574
0.00853801
0.00841033
0.00858402
0.00845647
0.00832891
0.00850254
0.00867599
0.0085485
0.00872189
0.00889516
0.00906831
0.00894088
0.0088135
0.00898653
0.00885922
0.00903213
0.00920492
0.00907767
0.00925034
0.0094229
0.00959539
0.00976777
0.00994003
0.00981277
0.00998497
0.00985777
0.0100298
0.00990272
0.0100746
0.00994754
0.0101193
0.00999236
0.00986546
0.0100371
0.00991023
0.00978351
0.00995505
0.00982833
0.00999975
0.00987309
0.0100444
0.0099178
0.00979131
0.00966489
0.00953853
0.00970966
0.00958335
0.00975442
0.00962818
0.00950199
0.00937593
0.00954682
0.00971758
0.00988829
0.00976223
0.00993282
0.0101033
0.00997728
0.0101477
0.0103179
0.0104882
0.0106581
0.0105321
0.0107021
0.0105762
0.0107461
0.0106202
0.0107899
0.0109595
0.0108337
0.0110033
0.0108775
0.0107518
0.0109212
0.0110905
0.0109649
0.011134
0.0110084
0.010883
0.011052
0.0109266
0.0108012
0.0106759
0.0105507
0.0104256
0.0105945
0.0104694
0.0106382
0.0105132
0.0106818
0.0108504
0.0110188
0.0108938
0.0107689
0.0106441
0.0105193
0.0103947
0.010563
0.0104383
0.0103137
0.010482
0.0103574
0.0105255
0.0106935
0.0108613
0.0107369
0.0109047
0.0107802
0.0109479
0.0108235
0.0109911
0.0111585
0.0110343
0.0112016
0.0110773
0.0109531
0.0108291
0.0109962
0.0108722
0.0107483
0.0109153
0.0107914
0.0106676
0.0108346
0.0110014
0.0111682
0.0110444
0.0109207
0.010797
0.0106735
0.01055
0.0104265
0.0105931
0.0104697
0.0103464
0.0102232
0.0101
0.00997698
0.00985396
0.00973099
0.00960815
0.00977451
0.0099408
0.00981796
0.00998414
0.00986135
0.00973868
0.00961608
0.00978214
0.00994807
0.00982547
0.00970298
0.0098688
0.0100345
0.00991207
0.00978965
0.0096674
0.00983298
0.00971067
0.00987619
0.0100416
0.00991935
0.0100846
0.0102499
0.010415
0.0102928
0.0104578
0.0103356
0.0105005
0.0103785
0.0102565
0.0104212
0.0102993
0.010464
0.0103421
0.0105066
0.0103847
0.010263
0.0104275
0.0103058
0.0101841
0.0100626
0.0102268
0.0101054
0.0102695
0.0101481
0.0100267
0.0101908
0.0100695
0.0102335
0.0101122
0.0102761
0.0104398
0.0106035
0.0104823
0.0106459
0.0108094
0.0106882
0.0105671
0.0107304
0.0106093
0.0104884
0.0106516
0.0105307
0.0104098
0.010289
0.0101683
0.0100476
0.0102107
0.0103737
0.0102531
0.010416
0.0105788
0.0107415
0.010621
0.0107836
0.0109461
0.0108255
0.0109879
0.0111502
0.0110298
0.0109093
0.0110716
0.0112337
0.0113957
0.0112753
0.0114372
0.0115991
0.0117608
0.0119225
0.0118021
0.0116818
0.0115615
0.0114413
0.0113212
0.0112013
0.0113627
0.0112427
0.0111228
0.0112842
0.0111643
0.0113256
0.0112058
0.0110861
0.0112472
0.0111275
0.011008
0.011169
0.0110494
0.0109299
0.0108105
0.0109714
0.0111323
0.0110129
0.0108936
0.0107744
0.0106552
0.0105361
0.010417
0.0102981
0.0101792
0.0103398
0.0102209
0.0101022
0.00998342
0.0101439
0.0100253
0.00990665
0.00978816
0.00966966
0.00983006
0.00971162
0.00987196
0.00975358
0.00963527
0.00951707
0.00939894
0.0092808
0.00916278
0.00904477
0.00920492
0.00908703
0.00896913
0.00912917
0.00928909
0.00944889
0.00933105
0.00949079
0.00937307
0.00925529
0.00941491
0.00929731
0.00945681
0.00933921
0.00922167
0.00910425
0.00926363
0.00914621
0.00902885
0.00891161
0.00907087
0.00923002
0.00911278
0.00899565
0.00887853
0.00876153
0.00864452
0.00852764
0.00841075
0.00829399
0.00845301
0.00833625
0.00849515
0.00865394
0.00853729
0.00869596
0.00857931
0.00846279
0.00834626
0.00850487
0.00866336
0.00882173
0.00870526
0.00858885
0.00874716
0.00863075
0.00851452
0.00839829
0.00855649
0.00871456
0.00859839
0.00875634
0.00891423
0.00879812
0.00868201
0.00883985
0.00899756
0.00888145
0.00876552
0.00892311
0.00908065
0.00896466
0.00884879
0.00873297
0.00861722
0.00850153
0.0083859
0.00854325
0.00842774
0.00858498
0.00846946
0.00835395
0.00823855
0.00839573
0.0082804
0.00816512
0.00804991
0.00793475
0.00809175
0.00797665
0.00813353
0.00801849
0.00817531
0.00833201
0.00821704
0.00810206
0.0082587
0.00814378
0.0083003
0.00818551
0.00834191
0.00822711
0.00811243
0.00799775
0.00788307
0.00776857
0.00765407
0.00781035
0.00769591
0.00758153
0.0077377
0.00762337
0.00750911
0.00739491
0.00728077
0.00716674
0.00705266
0.0072087
0.00736463
0.00725067
0.00740647
0.00729263
0.00717872
0.00706488
0.00722063
0.00737625
0.00753188
0.00768733
0.00784272
0.00799799
0.0081532
0.00803941
0.00792563
0.00781196
0.0076983
0.00758469
0.0074712
0.0076263
0.00751281
0.00739944
0.00728607
0.00744104
0.0075959
0.00775069
0.00790536
0.00779212
0.00767881
0.00756562
0.00772017
0.00760698
0.00749391
0.0073809
0.0075354
0.00742239
0.00730944
0.00746381
0.00735092
0.00723815
0.00739241
0.00754654
0.00743377
0.00732106
0.00720841
0.00709581
0.00698328
0.00687081
0.00675839
0.00664604
0.00653374
0.00642145
0.00657547
0.00672936
0.0068832
0.00703692
0.00692475
0.00707841
0.00696617
0.00711977
0.00700766
0.00689554
0.00678355
0.00667161
0.00658077
0.00652003
0.00660133
0.00675464
0.00664282
0.00679612
0.0066843
0.00657266
0.00646102
0.00634947
0.00650257
0.0066556
0.00654408
0.00658691
0.00658554
0.0067302
0.00666964
0.00660908
0.0065487
0.00655699
0.00670964
0.00686222
0.00701472
0.00690341
0.00705582
0.00694457
0.00683337
0.00672224
0.00687453
0.00702673
0.00691563
0.00706774
0.00721979
0.00710872
0.00699773
0.00688678
0.00677973
0.00692782
0.00681695
0.0069688
0.00685799
0.00674728
0.00668132
0.00662273
0.00657654
0.00656709
0.00671872
0.00660819
0.00649771
0.00664923
0.00656104
0.00677651
0.00673032
0.00694579
0.00689948
0.00685328
0.00680703
0.0070222
0.00697607
0.00692976
0.00688362
0.00683737
0.00679129
0.0067451
0.00669914
0.00665307
0.00660694
0.00656086
0.0066461
0.00679678
0.0066869
0.00657707
0.00646731
0.00661787
0.00676838
0.00691879
0.00680906
0.00669935
0.00658974
0.00674003
0.00689027
0.00678065
0.00667113
0.00682127
0.00677967
0.00686181
0.00675237
0.00686067
0.00680119
0.00700104
0.00720072
0.00714123
0.00708181
0.00728124
0.00722176
0.00716245
0.00736177
0.00730234
0.00724292
0.00718361
0.00738269
0.00732332
0.00726396
0.00720465
0.00714546
0.00734425
0.00728494
0.00722575
0.00742441
0.00736523
0.00730592
0.00750446
0.00770289
0.00764364
0.00758439
0.0077827
0.00772339
0.0076642
0.00760502
0.00780302
0.00774384
0.00768471
0.0078826
0.00808036
0.00802112
0.00796193
0.0079028
0.00784367
0.00778461
0.0077256
0.00766659
0.00760746
0.00754857
0.00748968
0.00743079
0.0073719
0.00731301
0.00751024
0.00745142
0.00765949
0.00761408
0.00756866
0.00777888
0.00773352
0.00768811
0.00764275
0.00759739
0.00755203
0.00750667
0.00746149
0.00751311
0.00745451
0.00765091
0.00759232
0.00753373
0.00772983
0.00767124
0.00761271
0.00755411
0.00749552
0.00743699
0.00737852
0.00732017
0.00726175
0.00720328
0.00714493
0.00708663
0.00702828
0.00696999
0.00716567
0.00736123
0.007303
0.00724471
0.00744015
0.00738186
0.00732356
0.00751889
0.00746059
0.00765574
0.00759745
0.00753927
0.00748092
0.0074228
0.00736463
0.00730652
0.0072484
0.00744319
0.00738513
0.00732702
0.00726902
0.00721103
0.00715297
0.00709504
0.00703716
0.00723159
0.00717366
0.00737637
0.00733179
0.00728697
0.00724244
0.00719774
0.00733042
0.0072726
0.00721478
0.00715697
0.00709927
0.00704145
0.00698382
0.00692612
0.00686842
0.00706214
0.00725579
0.00719804
0.00714046
0.00708282
0.00702524
0.00696766
0.00691015
0.00685263
0.00704592
0.00698841
0.00718153
0.00712395
0.00706649
0.00700897
0.00695151
0.00689417
0.00683677
0.00677943
0.00672215
0.00666481
0.00660753
0.00655031
0.00651163
0.00650328
0.00649536
0.00648677
0.00647879
0.0064702
0.00646222
0.00645363
0.00644577
0.0064376
0.0064292
0.00642139
0.00641292
0.00640458
0.00639659
0.00638849
0.00638002
0.00637192
0.00636375
0.00635552
0.00634766
0.00633937
0.00633121
0.0063228
0.00631499
0.00630689
0.0062986
0.00629085
0.00628263
0.00627428
0.00626636
0.00625777
0.00624967
0.00624156
0.00623333
0.00622547
0.00621766
0.00620925
0.00620121
0.00619334
0.00618523
0.00617713
0.00616914
0.0061608
0.00615299
0.0061447
0.00613683
0.00612873
0.00612068
0.00611252
0.00610447
0.00609648
0.00608838
0.00608045
0.0060724
0.0060643
0.00605637
0.00604838
0.00604028
0.00603211
0.00627029
0.0062623
0.0062542
0.00624651
0.0062384
0.00647622
0.006468
0.00646001
0.00645196
0.0064438
0.00643563
0.00642747
0.00666517
0.00665718
0.00664902
0.00664073
0.00663263
0.00662452
0.00661635
0.00660837
0.00660008
0.00659221
0.00658405
0.00657606
0.00656784
0.00655979
0.00655174
0.00654364
0.00653559
0.00655997
0.00651944
0.00653493
0.0067234
0.00666738
0.00661147
0.00673449
0.00663161
0.00677264
0.00666982
0.00681078
0.00670797
0.00660521
0.00650245
0.00665855
0.00665045
0.0066815
0.00663441
0.00662643
0.00661808
0.00661016
0.00660217
0.00659406
0.00658607
0.00657779
0.00656998
0.00656217
0.00655395
0.0065456
0.00653768
0.00652981
0.00652182
0.00651377
0.00650591
0.00653827
0.00648987
0.00648195
0.00647414
0.00646567
0.00645763
0.00644982
0.00644165
0.00643378
0.00642598
0.00641811
0.00640988
0.00640208
0.00639391
0.00638604
0.00637811
0.00637043
0.00649798
0.00639623
0.00634682
0.00633872
0.00633252
0.00656372
0.00655603
0.00654805
0.00654024
0.00654769
0.00652391
0.00651616
0.00650817
0.00650024
0.00649226
0.00648427
0.0064764
0.00646842
0.00646043
0.0064531
0.00644499
0.00643712
0.00642931
0.00642115
0.00641334
0.00640541
0.00639778
0.00640649
0.00638157
0.00644416
0.0065828
0.00648177
0.00662035
0.00651938
0.00641841
0.00655693
0.00669539
0.00659442
0.00649357
0.00639278
0.00629199
0.00627953
0.00627172
0.00626391
0.00625622
0.00624812
0.00624073
0.00630176
0.00624716
0.00643128
0.00661516
0.00679904
0.00674444
0.00668979
0.00663519
0.00658065
0.00652605
0.00647163
0.00641704
0.00660068
0.00678414
0.0067296
0.00691301
0.00685841
0.00680393
0.00674951
0.00669509
0.00664061
0.00658613
0.00653177
0.00647748
0.00642318
0.00636888
0.00631452
0.00649744
0.00644314
0.00638896
0.00633478
0.00628054
0.00646329
0.00664592
0.00659168
0.0065375
0.00648332
0.00642908
0.00637501
0.00632089
0.00626689
0.00621271
0.00615865
0.00613672
0.00628698
0.00623298
0.00617903
0.00612503
0.00609851
0.00625312
0.00643516
0.00638109
0.00632721
0.00627327
0.00645512
0.00640112
0.0065828
0.00652885
0.00647497
0.00665659
0.00660264
0.0065487
0.00649494
0.00644112
0.00638723
0.00633347
0.00627971
0.00646096
0.00664216
0.00658822
0.00653452
0.00648081
0.00642711
0.00637347
0.00631976
0.00626612
0.00621247
0.00639331
0.00633973
0.00628608
0.00623256
0.00617892
0.00612545
0.00607193
0.00625259
0.006199
0.0061456
0.00609207
0.00603867
0.00602007
0.00601238
0.00611216
0.00605881
0.00623906
0.00618565
0.00636566
0.00631237
0.00625902
0.00620568
0.00615239
0.00609899
0.00604576
0.00599253
0.0061723
0.00611913
0.00606585
0.00601268
0.00595951
0.0059064
0.00586897
0.00603271
0.0059796
0.00592661
0.00587344
0.00605285
0.0059998
0.0059467
0.00589371
0.00584072
0.00579351
0.00578612
0.00591385
0.00586087
0.00603986
0.00598687
0.00593388
0.00588101
0.00582814
0.00577533
0.00595403
0.00590116
0.00607973
0.00602686
0.00597405
0.00592119
0.00586838
0.00604683
0.00622529
0.00640965
0.00636888
0.00632823
0.00628752
0.00647765
0.00643688
0.00639623
0.00635558
0.00631493
0.00627434
0.00623357
0.00619298
0.00615245
0.00611192
0.0063017
0.00626111
0.00622052
0.00617999
0.00613952
0.00609899
0.00605845
0.00601798
0.00597751
0.0059371
0.00612658
0.00608599
0.0060457
0.00600517
0.00619441
0.00615394
0.00634307
0.00630265
0.00626224
0.00622177
0.00618142
0.00614107
0.00623226
0.0061357
0.00626832
0.00620878
0.00616848
0.00612807
0.0060879
0.00627643
0.00623608
0.00642449
0.00638425
0.0063439
0.00653213
0.00649184
0.00645155
0.00663966
0.00659937
0.00655907
0.00651878
0.00670666
0.00666642
0.00662613
0.00658584
0.00654566
0.00650543
0.00669301
0.00665277
0.00684041
0.00680017
0.00675982
0.00671971
0.00667948
0.0066393
0.00659919
0.00678641
0.00697362
0.00693339
0.00712043
0.0070802
0.00704008
0.00722694
0.00718677
0.00714654
0.00710636
0.00706625
0.00725287
0.00721276
0.00717252
0.00713241
0.00709218
0.00727874
0.00723863
0.00742495
0.0073849
0.00734466
0.00730455
0.00726438
0.00724554
0.00719362
0.00714415
0.00710416
0.00706422
0.00702411
0.00698423
0.00694424
0.00690424
0.00686443
0.00705016
0.00701028
0.00697029
0.00693041
0.00689054
0.00691986
0.00686812
0.00681651
0.00676483
0.00671315
0.00666159
0.00661182
0.0067836
0.00673205
0.00668043
0.00662893
0.00680238
0.00675082
0.00672507
0.00664783
0.00659639
0.00666547
0.00657076
0.00647604
0.00639063
0.00633937
0.00641668
0.0065465
0.00645196
0.00658166
0.00648713
0.00639266
0.0065223
0.00642788
0.00655746
0.00646305
0.00659257
0.00672203
0.00685143
0.00675708
0.00691402
0.00686282
0.0068115
0.006827
0.00695622
0.0068813
0.00683004
0.0067789
0.0067277
0.00667661
0.00662547
0.00679743
0.00674635
0.00677824
0.00668418
0.00681609
0.00676495
0.00671387
0.00666285
0.00661182
0.00656086
0.00650978
0.00660098
0.0065071
0.00641328
0.00654203
0.00670004
0.00664914
0.00670546
0.00683403
0.00674027
0.00686872
0.00677502
0.00668132
0.00680971
0.00671613
0.0068444
0.00675082
0.00665724
0.00656372
0.00647026
0.00660336
0.00672668
0.00663322
0.00653982
0.00644642
0.00635308
0.00648117
0.0066092
0.00651592
0.00664389
0.00655067
0.00667852
0.0065853
0.00649214
0.00639892
0.00630581
0.00621277
0.00634056
0.00624752
0.00637531
0.00628233
0.00640994
0.00631702
0.00644463
0.00635171
0.00647926
0.00638634
0.00651383
0.00664127
0.00676864
0.00667578
0.0068031
0.00693035
0.00705755
0.00718474
0.00731182
0.00743884
0.00756586
0.00747293
0.00738007
0.00750697
0.00741416
0.007541
0.0074482
0.00757498
0.00770175
0.00782841
0.00773561
0.00764287
0.00776947
0.00767684
0.00758415
0.0077107
0.00761807
0.00752544
0.00743294
0.00734043
0.00724792
0.00737441
0.00750077
0.00740832
0.00753462
0.0074423
0.00756848
0.00747615
0.00760233
0.00751001
0.00763613
0.0075438
0.00745153
0.00735939
0.00726718
0.00739324
0.00730103
0.00742704
0.00755298
0.00767887
0.00758672
0.00749463
0.0074026
0.00752836
0.00743634
0.00734437
0.00725245
0.00737816
0.00750381
0.0074119
0.00753754
0.00766307
0.0077886
0.00791401
0.00803941
0.00816476
0.00807285
0.00798094
0.00788909
0.00801438
0.00792253
0.00783074
0.00773907
0.0076474
0.00777256
0.00789768
0.00802273
0.00794339
0.00811017
0.00806022
0.00801033
0.00817692
0.00812697
0.00829357
0.00824374
0.00819385
0.00818914
0.00831383
0.00843847
0.0085631
0.00868762
0.00881213
0.00872058
0.00884503
0.00875354
0.00866205
0.00878638
0.00869495
0.00881922
0.0089435
0.00906771
0.00897628
0.00888491
0.00879353
0.00870228
0.00861096
0.00851977
0.00864387
0.0087679
0.00889188
0.00880069
0.00892466
0.00883347
0.00895733
0.00886619
0.00898999
0.00911373
0.00902265
0.00914633
0.00908703
0.00903738
0.00908786
0.00899684
0.0091204
0.00924391
0.00936741
0.00927639
0.00918543
0.00909448
0.00921786
0.00934124
0.0094645
0.00937361
0.00928277
0.00940597
0.00931513
0.00922436
0.00913358
0.00925672
0.009166
0.00928915
0.00941217
0.00953513
0.0096581
0.00956738
0.00969023
0.00959957
0.00972235
0.00963175
0.00975448
0.00966388
0.00978655
0.00969595
0.00960541
0.00972807
0.00963753
0.00976014
0.00988263
0.0100051
0.00991458
0.010037
0.00994653
0.0098561
0.00997841
0.0101007
0.010223
0.0101326
0.0100422
0.00995183
0.010074
0.00998372
0.00989348
0.00980324
0.00992537
0.00983512
0.009745
0.00986707
0.00998902
0.0098989
0.00980878
0.00971872
0.00984067
0.0099625
0.00987244
0.00978243
0.00990427
0.00981432
0.00972438
0.00963449
0.00975621
0.00966638
0.00978804
0.00990963
0.0100312
0.00994134
0.00985157
0.00997305
0.0100945
0.0100047
0.0101261
0.0102474
0.0103687
0.0102789
0.0101892
0.0103104
0.0104316
0.0103419
0.0102522
0.0101627
0.0102838
0.0101942
0.0103152
0.0102257
0.0101361
0.0102571
0.0101676
0.0102885
0.0104094
0.0103199
0.0102305
0.0101411
0.0100518
0.0099625
0.00987321
0.00978398
0.00990474
0.0100255
0.00993621
0.0098471
0.00996774
0.0100883
0.00999916
0.00991011
0.00982106
0.00973195
0.00964296
0.00955403
0.00967455
0.00979501
0.00970602
0.00982642
0.00973755
0.00985789
0.00997818
0.0098893
0.00980043
0.00971168
0.00983191
0.00995201
0.00986326
0.00998336
0.0101035
0.0100147
0.0101347
0.0100459
0.00995731
0.0100772
0.00998855
0.00989991
0.0100198
0.0101396
0.0100511
0.0099625
0.00987399
0.00999373
0.00990522
0.00981677
0.00972837
0.00963998
0.00975966
0.00987929
0.00979096
0.00970262
0.00961435
0.00973392
0.00964564
0.00955743
0.00946921
0.00938106
0.00950056
0.00941247
0.00953186
0.0096513
0.00956321
0.00947511
0.00959444
0.00971371
0.00983298
0.00995213
0.00986409
0.00977606
0.00989521
0.00980723
0.00971925
0.0096314
0.00954348
0.00966251
0.00957465
0.00948691
0.00939912
0.00951809
0.00943035
0.00954926
0.00966811
0.00958043
0.00969923
0.00961155
0.00952387
0.00943625
0.00934869
0.00926113
0.00917369
0.00908619
0.00899875
0.00911748
0.00903004
0.00914872
0.00906134
0.00897402
0.00888675
0.00900531
0.00893086
0.0088833
0.00904143
0.00899386
0.00894624
0.00910425
0.00905669
0.00900912
0.00916702
0.00911945
0.00907189
0.00922972
0.00918221
0.00913465
0.0090872
0.00903964
0.00919729
0.00914985
0.00910228
0.0090549
0.00921243
0.00916493
0.0093224
0.0092749
0.00943226
0.00938481
0.00933737
0.00928992
0.00924248
0.00919515
0.00935227
0.00930494
0.00925756
0.00941461
0.00936729
0.00952423
0.00947684
0.00963366
0.00958633
0.00953895
0.00949162
0.00964838
0.009601
0.00955373
0.00971043
0.00986695
0.00981963
0.00977224
0.00972492
0.00967765
0.00963038
0.00978678
0.00973952
0.00969225
0.00964504
0.00959784
0.00955063
0.00950342
0.00945622
0.00940907
0.00936198
0.00931489
0.009471
0.00942391
0.0095799
0.00953281
0.00968879
0.00964159
0.00959456
0.00975043
0.00970328
0.00965631
0.00981194
0.00976491
0.00971782
0.00987351
0.00982636
0.00998187
0.0099349
0.00988787
0.00984085
0.00999629
0.00994921
0.00990218
0.00985515
0.0100105
0.00996351
0.00991654
0.0100717
0.0100247
0.00997776
0.00993079
0.0100859
0.0102408
0.0101938
0.010147
0.0100999
0.0100531
0.0100062
0.00995928
0.0101141
0.0102689
0.010222
0.0103766
0.0103297
0.0102828
0.010236
0.0101891
0.0101423
0.0102968
0.01025
0.0102031
0.0101564
0.0103106
0.010465
0.0104182
0.0105723
0.0107266
0.0108807
0.0108337
0.0107869
0.0107401
0.0106933
0.0106465
0.0105998
0.0105529
0.0105063
0.0104595
0.0104129
0.0103662
0.01052
0.0104733
0.010627
0.0105803
0.0105336
0.010487
0.0104404
0.0103937
0.0105473
0.0105007
0.0106542
0.0106075
0.0105609
0.0105144
0.0104679
0.0106212
0.0105746
0.010528
0.0104815
0.0106347
0.0105882
0.0105417
0.0104952
0.0104488
0.0104023
0.0103559
0.0103095
0.0102631
0.0102167
0.0101703
0.010124
0.0100777
0.0100314
0.00998509
0.00993884
0.00989258
0.00984639
0.00999916
0.0099529
0.00990671
0.00986052
0.00981438
0.00976819
0.00972193
0.00967586
0.00962985
0.00958377
0.00953776
0.00949162
0.00964409
0.00959808
0.00975049
0.00970441
0.00965834
0.00961232
0.00976461
0.00971854
0.00987071
0.00982475
0.00977868
0.00973272
0.00968677
0.00964075
0.00959492
0.00974691
0.00970095
0.00985283
0.00980693
0.00976098
0.00971508
0.00966918
0.009821
0.0097751
0.00972933
0.00968337
0.00963759
0.00959176
0.00954598
0.00950021
0.00945443
0.00940871
0.009363
0.00931728
0.00927156
0.00922596
0.00918037
0.00933164
0.00928599
0.00924039
0.00919479
0.00914913
0.0091036
0.00925481
0.00940603
0.00936043
0.00951159
0.00946593
0.00942039
0.0093748
0.00932926
0.00928372
0.00923818
0.00938916
0.00934362
0.00949442
0.00944901
0.00940341
0.00955421
0.00950867
0.00965935
0.00961387
0.00956845
0.00971889
0.00967336
0.00982392
0.00997436
0.0101246
0.0100792
0.0100336
0.00998813
0.00994265
0.00989717
0.0100474
0.0101976
0.010152
0.0101066
0.0100611
0.0102112
0.0101658
0.0101202
0.0100749
0.0100294
0.00998402
0.00993866
0.0100885
0.0100432
0.00999784
0.00995249
0.00990713
0.00986183
0.00981653
0.00977135
0.00972605
0.00968081
0.00983036
0.0099799
0.00993472
0.0100842
0.0100389
0.00999373
0.00994849
0.00990325
0.0100526
0.0100074
0.00996226
0.0101114
0.0100663
0.010021
0.0101702
0.0103193
0.0102741
0.0102289
0.0101838
0.0101386
0.0100935
0.0100484
0.0100033
0.00995827
0.010107
0.010062
0.0100169
0.00997186
0.00992686
0.0100756
0.0100306
0.00998557
0.00994056
0.00989562
0.0100442
0.00999916
0.00995421
0.00990927
0.00986433
0.00981945
0.00996792
0.0101163
0.0100713
0.0100263
0.0101747
0.0101298
0.0100849
0.01004
0.0101882
0.0101433
0.0100984
0.0100535
0.0100087
0.00996393
0.00991911
0.00987428
0.00982958
0.00978482
0.00974011
0.00969535
0.00965071
0.009606
0.0095613
0.00951666
0.00947207
0.00942749
0.0093829
0.00933838
0.00929379
0.00944144
0.00958914
0.00954455
0.00949991
0.00964749
0.00979501
0.00975043
0.00970584
0.00966132
0.00961679
0.00957221
0.00952774
0.00948334
0.00943881
0.0095861
0.00954157
0.00949723
0.00945276
0.00940835
0.00936389
0.00931954
0.00927514
0.0094223
0.0093779
0.00933355
0.00928921
0.00924492
0.00920063
0.00915635
0.00911206
0.00925893
0.0092147
0.00917041
0.00912619
0.00908202
0.00922877
0.00918454
0.00914031
0.00909609
0.00905198
0.00900781
0.00915438
0.00911021
0.0090661
0.00921261
0.00935906
0.00931484
0.00946122
0.00941706
0.00937295
0.00951916
0.00947505
0.00943094
0.00938684
0.00953299
0.00967914
0.00982517
0.009781
0.00992692
0.0100729
0.0100287
0.00998449
0.00994039
0.00989628
0.00985211
0.00980806
0.0099538
0.0100995
0.0102451
0.0103907
0.0105363
0.0104921
0.0104479
0.0104038
0.0103597
0.0103156
0.0102714
0.0104168
0.0103728
0.0103287
0.0102845
0.0104298
0.0103857
0.0103417
0.0102977
0.0102537
0.0103988
0.0103548
0.0104998
0.0106448
0.0107898
0.0107457
0.0107017
0.0106576
0.0108024
0.0107583
0.0107144
0.0106704
0.0108151
0.0107711
0.0107271
0.0106832
0.0108277
0.0107838
0.0107399
0.0108844
0.0108404
0.0109849
0.0109409
0.0110853
0.0110413
0.0111856
0.0111417
0.0110977
0.0110538
0.0110098
0.0109659
0.0111102
0.0110662
0.0110223
0.0111663
0.0111225
0.0110787
0.0110348
0.010991
0.0111348
0.0112787
0.0112349
0.0111911
0.0111473
0.0111034
0.0112472
0.0112033
0.011347
0.0113032
0.0114468
0.011403
0.0115465
0.0115027
0.0114589
0.0114151
0.0113714
0.0113277
0.0112839
0.0112402
0.0113835
0.0115268
0.0114831
0.0116263
0.0117694
0.0117256
0.0116819
0.0116382
0.0115945
0.0115508
0.0115071
0.0116501
0.0116065
0.0115628
0.0117057
0.011662
0.0116183
0.0117611
0.0119039
0.0118603
0.012003
0.0119593
0.0119156
0.0118719
0.0118284
0.0117848
0.0117412
0.0116977
0.0118401
0.0117965
0.011753
0.0117095
0.0118518
0.0118083
0.0119507
0.0119071
0.0118635
0.0118201
0.0117766
0.0117331
0.0116895
0.0116462
0.0116028
0.0115594
0.0115159
0.011658
0.0118001
0.0117565
0.0117133
0.0118551
0.011997
0.0119536
0.0119103
0.012052
0.0121937
0.0123354
0.0124771
0.0124336
0.0125751
0.0125316
0.0124883
0.0124448
0.0124015
0.0123581
0.0123147
0.0124561
0.0124126
0.0123693
0.012326
0.0122826
0.0124239
0.0123805
0.0123372
0.0124784
0.0124351
0.0123917
0.0123485
0.0123053
0.0122619
0.012403
0.0123597
0.0125007
0.0124574
0.0124142
0.012555
0.0125118
0.0124686
0.0126094
0.0125662
0.0127069
0.0126637
0.0128044
0.0129449
0.0129017
0.0128584
0.0128152
0.012772
0.0127288
0.0126855
0.0126426
0.0127829
0.0127397
0.0126966
0.0126534
0.0126104
0.0125672
0.0125241
0.012481
0.0126213
0.0125782
0.0125352
0.0124921
0.0124491
0.0124061
0.0123631
0.0125032
0.0124602
0.0126002
0.0125572
0.0125143
0.0124713
0.0124283
0.0125682
0.0127081
0.012848
0.0128049
0.0129446
0.0129017
0.0128587
0.0128158
0.0127728
0.0127298
0.012687
0.0128266
0.0127836
0.0127406
0.0126978
0.0128373
0.0129767
0.0129339
0.0128909
0.0128481
0.0129874
0.0131267
0.0130838
0.0130409
0.012998
0.0129552
0.0129124
0.0128697
0.0128267
0.012784
0.0129231
0.0128803
0.0128375
0.0127947
0.012752
0.0127093
0.0126666
0.0126239
0.0125812
0.0125386
0.0124959
0.0124534
0.0124106
0.0123681
0.0125069
0.0124643
0.012603
0.0125605
0.0125178
0.0124753
0.0124328
0.0125713
0.0125288
0.0124862
0.0124437
0.0125822
0.0125397
0.0126781
0.0126356
0.0125931
0.0125506
0.012689
0.0126465
0.0126039
0.0125615
0.0125191
0.0126572
0.0126148
0.0125723
0.0125299
0.0124875
0.0124452
0.0124027
0.0123603
0.0124984
0.0124561
0.012594
0.0125517
0.0126895
0.0126472
0.0126048
0.0125625
0.0127004
0.012658
0.0126156
0.0127534
0.012711
0.0128487
0.0128064
0.012944
0.0129017
0.0128593
0.012817
0.0127748
0.0127325
0.0126902
0.012648
0.0126057
0.0125636
0.0125214
0.0124792
0.0126166
0.0125744
0.0125322
0.0126694
0.0126272
0.0125852
0.012543
0.0125009
0.0124588
0.012596
0.0125538
0.012691
0.0126488
0.0126067
0.0125646
0.0125225
0.0126595
0.0126175
0.0125753
0.0127122
0.0126702
0.0126281
0.0125861
0.012544
0.0125021
0.0124602
0.0124182
0.0125548
0.0125129
0.012471
0.0124289
0.012387
0.0125237
0.0124817
0.0124398
0.0123979
0.0123561
0.0123142
0.0122724
0.0122305
0.0121886
0.0121469
0.0121051
0.0122415
0.0123778
0.012336
0.0124723
0.0124304
0.0125666
0.0125248
0.012483
0.0124412
0.0123995
0.0123577
0.0123159
0.0122742
0.0122325
0.0121908
0.0121491
0.0121075
0.0120658
0.0120242
0.0119826
0.011941
0.0118994
0.0118578
0.0118162
0.0117746
0.0117332
0.0116917
0.0116501
0.0116087
0.0115671
0.0117028
0.0116615
0.0117971
0.0117556
0.0117142
0.0118498
0.0119853
0.0119438
0.0119024
0.011861
0.0118195
0.011778
0.0119135
0.0118721
0.0118306
0.0117893
0.0117478
0.0117065
0.0116652
0.0116238
0.0115825
0.0115412
0.0114999
0.0114586
0.0115938
0.0115525
0.0116877
0.0116464
0.0117815
0.0117401
0.0116988
0.0118339
0.0117926
0.0117513
0.0117101
0.0116689
0.0118037
0.0117624
0.0118973
0.0118561
0.0118148
0.0117736
0.0117325
0.0116913
0.0118259
0.0117848
0.0117436
0.0117025
0.0116613
0.0116202
0.011579
0.011538
0.0114969
0.0114559
0.0114148
0.0115493
0.0115082
0.0116426
0.0116016
0.0115606
0.0115196
0.0114786
0.0114375
0.0113966
0.0113556
0.0114898
0.0114489
0.0115831
0.0115421
0.0115011
0.0116352
0.0115944
0.0115533
0.0115124
0.0114715
0.0116054
0.0115646
0.0115237
0.0114828
0.0114419
0.011401
0.0113602
0.0113193
0.0112786
0.0112377
0.0113716
0.0113308
0.0112899
0.0112492
0.0113829
0.0115165
0.0116501
0.0116094
0.0115685
0.0115278
0.0116613
0.0116205
0.0115797
0.0117131
0.0116724
0.0118058
0.0117649
0.0118983
0.0118575
0.0118167
0.011776
0.0117352
0.0116945
0.0118276
0.0117869
0.0117463
0.0117056
0.0116649
0.0116242
0.0115836
0.0117166
0.0118496
0.0118089
0.0117683
0.0119011
0.0118605
0.01182
0.0117793
0.0117387
0.0116981
0.0116575
0.0116169
0.0115764
0.011709
0.0116686
0.0118012
0.0117606
0.0118932
0.0118527
0.0119852
0.0119447
0.0119041
0.0118636
0.0118231
0.0117825
0.0117421
0.0118745
0.011834
0.0117935
0.011753
0.0117126
0.0116722
0.0116317
0.0115914
0.0115509
0.0115106
0.0114702
0.0114298
0.0113895
0.0113492
0.0113088
0.0112686
0.0112282
0.011188
0.0111477
0.0111074
0.0110672
0.0111992
0.0111591
0.0111189
0.0110787
0.0110384
0.0109982
0.0109582
0.010918
0.0108778
0.0108377
0.0107976
0.0107575
0.0107174
0.0108492
0.0108091
0.0107691
0.010729
0.0108607
0.0109924
0.0109524
0.0109122
0.0108722
0.0110038
0.0109638
0.0109237
0.0108837
0.0108437
0.0108036
0.0107638
0.0107238
0.0106838
0.0106439
0.010604
0.0105641
0.0105242
0.0104843
0.0106156
0.0105757
0.0105358
0.010496
0.0104561
0.0104163
0.0103765
0.0105077
0.0104678
0.0104281
0.0103883
0.0103485
0.0103087
0.010269
0.0102293
0.0103602
0.0103205
0.0104516
0.0104118
0.0105428
0.0105029
0.0104632
0.0104235
0.0103838
0.0103441
0.0103045
0.0102648
0.0102252
0.0101855
0.0101458
0.0102766
0.010237
0.0101974
0.0101577
0.0101182
0.0100787
0.010039
0.00999951
0.0101301
0.0102606
0.0102211
0.0101815
0.010142
0.0101025
0.0102329
0.0101933
0.0103237
0.010454
0.0104145
0.0103749
0.0103354
0.0102959
0.0102565
0.0102171
0.0101776
0.0101381
0.0100987
0.0100592
0.0100198
0.0099805
0.0099411
0.0100712
0.0100318
0.00999236
0.00995302
0.010083
0.0100436
0.0100043
0.0101342
0.0100949
0.0100555
0.0101853
0.0103152
0.0102758
0.0102365
0.0103661
0.0104958
0.0104564
0.0104172
0.0103778
0.0105074
0.0104681
0.0104288
0.0103895
0.0103502
0.0104796
0.0104404
0.0104011
0.0103619
0.0103225
0.0102834
0.0104128
0.0103734
0.0103342
0.0104635
0.0104244
0.010385
0.0103459
0.010475
0.0104358
0.0103967
0.0103574
0.0103183
0.0102792
0.0104082
0.0103691
0.01033
0.0102907
0.0102517
0.0102126
0.0101736
0.0101345
0.0100954
0.0100564
0.0100173
0.00997823
0.0101071
0.0100681
0.0100291
0.0099901
0.00995111
0.00991207
0.00987321
0.00983429
0.00979525
0.00975639
0.00971752
0.0096786
0.00980723
0.00976837
0.00989699
0.00985807
0.00981915
0.00978035
0.0099088
0.00986993
0.00983107
0.00979227
0.00992072
0.0100491
0.0100102
0.0101385
0.0100996
0.0100608
0.0100219
0.0101501
0.0101113
0.0100725
0.0100337
0.00999486
0.00995606
0.00991738
0.0100455
0.0100067
0.00996786
0.00992912
0.00989044
0.0100183
0.00997961
0.0101075
0.0100688
0.0100301
0.00999135
0.00995266
0.00991398
0.0100418
0.0101696
0.0101309
0.0100922
0.0100535
0.0101812
0.0101425
0.0101038
0.0100651
0.0100265
0.00998789
0.00994927
0.0099107
0.00987202
0.00983346
0.00979495
0.00975633
0.00971782
0.00967932
0.00964075
0.00960231
0.00972968
0.00969118
0.00965267
0.00961417
0.00957566
0.00953722
0.00949883
0.00946039
0.00958765
0.00971484
0.0098421
0.00980365
0.00993079
0.00989234
0.0098539
0.00981545
0.00977701
0.00973856
0.00970024
0.00966179
0.00962341
0.00975043
0.00971204
0.00967371
0.00963527
0.00976223
0.0097239
0.00968552
0.00981236
0.00993913
0.00990075
0.0100275
0.00998914
0.00995076
0.00991243
0.00987417
0.00983584
0.00979757
0.00992411
0.00988585
0.0100124
0.00997406
0.0099358
0.00989747
0.00985926
0.00982094
0.00978273
0.00990921
0.00987095
0.00983262
0.00979453
0.00975627
0.00971812
0.00967991
0.00964177
0.00960362
0.00956553
0.00952733
0.00948924
0.00945115
0.009413
0.00937498
0.00933689
0.00929886
0.00926083
0.00922281
0.00918472
0.00914681
0.00927287
0.00923485
0.00919688
0.00915891
0.00912094
0.00908303
0.00920898
0.00917095
0.00929689
0.00925899
0.00938481
0.00934684
0.00947261
0.0094347
0.00939673
0.00935882
0.0093208
0.00928295
0.00924504
0.00937074
0.00933284
0.00929493
0.00925708
0.00938272
0.00950825
0.00963378
0.00959581
0.0095579
0.00968331
0.0096454
0.00960755
0.0095697
0.00969499
0.0096572
0.0096193
0.00974452
0.00970674
0.00966889
0.0096311
0.00959319
0.00955546
0.00951761
0.00947976
0.00944203
0.00956714
0.00952941
0.00949168
0.00945389
0.00957888
0.00954115
0.00950342
0.00946563
0.00942796
0.00939023
0.00935256
0.0094775
0.00943983
0.0094021
0.00952703
0.00948924
0.00961399
0.00957644
0.00953871
0.0096634
0.00962573
0.00958806
0.00955045
0.00967509
0.00963742
0.0095998
0.00956208
0.00952458
0.0096491
0.00961143
0.00957382
0.00953627
0.00949866
0.00962317
0.0095855
0.00954801
0.00967234
0.00963479
0.00959718
0.00972152
0.00968397
0.00964636
0.00977063
0.00989485
0.010019
0.00998145
0.0101056
0.010068
0.0100304
0.00999284
0.0101169
0.0100793
0.0100418
0.0100042
0.00996673
0.00992912
0.00989163
0.0098542
0.00981671
0.00977927
0.00974178
0.00986564
0.00982815
0.00979072
0.00975329
0.00987709
0.0100008
0.00996333
0.00992584
0.00988853
0.0100121
0.00997478
0.00993729
0.00989991
0.00986248
0.00982517
0.00978774
0.00975037
0.00971305
0.00983661
0.0097993
0.00976187
0.00988531
0.009848
0.00981069
0.00977337
0.0098967
0.00985944
0.00982207
0.00978482
0.00974751
0.00971025
0.00967306
0.00979626
0.00975901
0.00988221
0.0098449
0.00996804
0.0100911
0.0100539
0.0100167
0.00997937
0.00994211
0.0100651
0.0100279
0.00999063
0.00995344
0.00991631
0.00987899
0.00984192
0.00980473
0.00976753
0.00989044
0.00985324
0.00981605
0.00993884
0.0100616
0.0100244
0.0101472
0.01011
0.0100728
0.0101954
0.0101582
0.0101212
0.010084
0.010047
0.0100098
0.00997263
0.00993562
0.00989854
0.00986153
0.00982445
0.00994688
0.00990981
0.00987285
0.00999522
0.00995815
0.0100805
0.0100434
0.0101657
0.0101286
0.0100917
0.0100546
0.0100176
0.00998068
0.0101028
0.0100658
0.0101879
0.010151
0.010114
0.010236
0.010199
0.010321
0.0104429
0.0104059
0.0105278
0.0104908
0.0104539
0.0104168
0.0103799
0.0103428
0.0103059
0.010269
0.0102322
0.0103539
0.010317
0.0104386
0.0104017
0.0103648
0.0103279
0.0104495
0.0105711
0.0105343
0.0104973
0.0104604
0.0105819
0.010545
0.0106664
0.0106295
0.0107509
0.0107141
0.0106772
0.0107985
0.0107616
0.0108829
0.0110041
0.0109673
0.0109304
0.0108934
0.0108566
0.0108197
0.0107829
0.0107461
0.0107093
0.0106725
0.0106357
0.0105989
0.01072
0.0106832
0.0106463
0.0106096
0.0107306
0.0106938
0.010657
0.010778
0.0107412
0.0108621
0.0109829
0.0109462
0.0109094
0.0108726
0.0109934
0.0109566
0.0109199
0.0108832
0.0108464
0.0109671
0.0109304
0.0110511
0.0110143
0.0109776
0.0109408
0.0110614
0.0111819
0.0111452
0.0111085
0.0110718
0.0110351
0.0109985
0.0109618
0.0109252
0.0108886
0.0108519
0.0108154
0.0107788
0.0107422
0.0107056
0.010669
0.0106325
0.0105959
0.0105594
0.010523
0.0106431
0.0106066
0.0107268
0.0106903
0.0106537
0.0106173
0.0105808
0.0105444
0.0105078
0.0104714
0.010435
0.0103986
0.0103621
0.0104821
0.0104458
0.0104094
0.0103729
0.0103365
0.0103002
0.0102638
0.0103837
0.0103474
0.0103109
0.0102746
0.0102383
0.010202
0.0101657
0.0101294
0.0100932
0.0100795
0.0101691
0.0102588
0.0101925
0.0101262
0.01006
0.0101495
0.0100833
0.0101728
0.0101066
0.0101961
0.0102856
0.0102194
0.0103089
0.0102427
0.0101765
0.0101103
0.0100442
0.00997806
0.00991195
0.00984585
0.00977975
0.00971377
0.00964773
0.00958169
0.00967109
0.0097605
0.00969452
0.00962853
0.00971788
0.0096519
0.00974125
0.0096783
0.00979751
0.00976151
0.00972545
0.00968945
0.00965613
0.00974536
0.0096795
0.00961363
0.00954783
0.009637
0.00959271
0.00955671
0.00952083
0.0096398
0.00975871
0.00972277
0.00968689
0.00965089
0.009615
0.00973392
0.00969791
0.00966197
0.00978076
0.00974488
0.00970906
0.00967306
0.00979185
0.00975591
0.00972003
0.00983864
0.00980282
0.00976688
0.00973117
0.00984967
0.00981385
0.00977796
0.00974208
0.00970632
0.0096705
0.00963473
0.00975323
0.00971735
0.00968158
0.00964576
0.00961
0.00957423
0.00953853
0.00965685
0.00962108
0.00958538
0.00954962
0.00966787
0.00963211
0.00975037
0.00971466
0.00967902
0.00964326
0.00960749
0.00957191
0.00953615
0.00965434
0.00961858
0.00958294
0.00970101
0.00966537
0.00978333
0.00990134
0.00986558
0.00983
0.00979435
0.00975859
0.00972301
0.00984085
0.0098052
0.00976962
0.00973397
0.00969833
0.00981611
0.00993389
0.00989819
0.0098626
0.00998038
0.00994474
0.00990915
0.0100268
0.00999105
0.00995559
0.00991994
0.00988442
0.00984883
0.00981325
0.00993079
0.00989527
0.00985968
0.00982416
0.00994158
0.00990605
0.0100235
0.00998795
0.00995243
0.00991684
0.00988144
0.00984591
0.00981045
0.00977498
0.00973952
0.00970405
0.0098213
0.00978589
0.00975043
0.00986761
0.00983214
0.00979674
0.00976127
0.0098784
0.00984305
0.00980765
0.00992459
0.00988919
0.00985384
0.00981838
0.00978303
0.00974768
0.00971234
0.00967699
0.00964165
0.00960636
0.00972325
0.00968796
0.00965261
0.00961733
0.00958204
0.0095467
0.00966358
0.00962824
0.00959301
0.00955778
0.00952244
0.00948721
0.00945199
0.00941676
0.00938159
0.00934631
0.00946301
0.00942779
0.00939262
0.00935745
0.00947404
0.00943893
0.00940365
0.00936848
0.00933337
0.00929826
0.0092631
0.00937957
0.0093444
0.00930929
0.00927424
0.00923914
0.00935549
0.00932044
0.00928527
0.00925022
0.00936657
0.00933146
0.00929648
0.00926137
0.00922632
0.00919127
0.00915629
0.0091213
0.00908619
0.00905126
0.00916743
0.00913244
0.00909746
0.00906253
0.00902748
0.00899255
0.00895756
0.00907373
0.00903875
0.00900376
0.00911981
0.00908482
0.00904995
0.00901502
0.00898004
0.00909603
0.0092119
0.00917703
0.00914204
0.00910717
0.00922292
0.00918812
0.00930387
0.00926894
0.00923407
0.0091992
0.00916433
0.00912946
0.0090946
0.00905973
0.00917542
0.00914067
0.00925618
0.00922137
0.00918645
0.00915164
0.00911689
0.00908208
0.00919759
0.00916278
0.00912791
0.00924343
0.00935882
0.00932401
0.00943935
0.00955468
0.00951999
0.00948507
0.00960034
0.00956553
0.00953066
0.00964594
0.00961119
0.00957632
0.00954157
0.00950682
0.00947207
0.00958711
0.00970227
0.00966746
0.00963271
0.00959796
0.00956315
0.00952852
0.0096435
0.00960875
0.009574
0.00968891
0.00965428
0.00961959
0.00958484
0.00955009
0.00951552
0.00963032
0.00959563
0.00956094
0.00952631
0.00949168
0.00945699
0.0094223
0.00938773
0.00950241
0.00961715
0.00973171
0.00969714
0.00966251
0.00977707
0.00989157
0.009857
0.00997144
0.00993687
0.00990218
0.0100167
0.00998193
0.0099473
0.00991273
0.0098781
0.00999248
0.0101068
0.0100722
0.0100375
0.0100031
0.0099684
0.00993383
0.0098992
0.0100135
0.00997889
0.010093
0.0100585
0.0101726
0.010138
0.0101035
0.010069
0.0100344
0.00999981
0.0101139
0.0102279
0.0103418
0.0103073
0.0102727
0.0103866
0.0105005
0.010466
0.0104314
0.0105453
0.0105107
0.0104762
0.0104417
0.0104071
0.0103726
0.010338
0.0104518
0.0104172
0.0103828
0.0103483
0.0103137
0.0102794
0.010393
0.0103585
0.0103241
0.0102896
0.0102552
0.0102208
0.0101864
0.0102999
0.0102654
0.010231
0.0101966
0.0101622
0.0101279
0.0102413
0.0102069
0.0101725
0.0102859
0.0102516
0.0102172
0.0101829
0.0101485
0.0101142
0.0102274
0.0101932
0.0101589
0.0101245
0.0100902
0.0102034
0.0101691
0.0102822
0.010248
0.0102137
0.0101794
0.0101451
0.0102582
0.010224
0.0103369
0.0104499
0.010563
0.0106758
0.0106415
0.0106072
0.0107201
0.0106858
0.0106516
0.0106173
0.0107301
0.0106958
0.0106616
0.0106273
0.01074
0.0107058
0.0108185
0.0107842
0.0107499
0.0107157
0.0106815
0.0106472
0.010613
0.0107256
0.0106914
0.0108039
0.0109165
0.0108823
0.010848
0.0108138
0.0107796
0.010892
0.0108578
0.0108236
0.0107895
0.0107553
0.0107211
0.0106871
0.0106528
0.0106187
0.0105846
0.0105504
0.0105163
0.0104823
0.0104482
0.0104141
0.01038
0.0104923
0.0104582
0.0105704
0.0106825
0.0106485
0.0106144
0.0107266
0.0108385
0.0108045
0.0107704
0.0107364
0.0107023
0.0106683
0.0107803
0.0107462
0.0108582
0.0108241
0.0107902
0.0107561
0.0107221
0.0106881
0.0106541
0.0107659
0.0107319
0.0106979
0.0108097
0.0107757
0.0108874
0.0108535
0.0108195
0.0107855
0.0108972
0.0108632
0.0108293
0.0107954
0.0107614
0.0107275
0.0106936
0.0106596
0.0106258
0.0107373
0.0107034
0.0106695
0.0106356
0.0107471
0.0107132
0.0108246
0.0107908
0.0107568
0.0107231
0.0106892
0.0108005
0.0107667
0.010878
0.0108441
0.0108103
0.0109216
0.0108877
0.0108539
0.010965
0.0109313
0.0110424
0.0110085
0.0111197
0.0110858
0.011052
0.0110182
0.0109844
0.0110953
0.0112063
0.0111726
0.0111388
0.0111049
0.0110711
0.0110373
0.0110036
0.0109698
0.010936
0.0109024
0.0108686
0.0108349
0.0108011
0.0107675
0.0107337
0.0107
0.0106664
0.0107772
0.0107435
0.0107098
0.0106761
0.0106425
0.0106089
0.0105752
0.0105416
0.010508
0.0104744
0.0104408
0.0104073
0.0103736
0.0104842
0.0104507
0.0104171
0.0103835
0.01035
0.0103166
0.010283
0.0102495
0.0102159
0.0101824
0.010149
0.0101155
0.010082
0.0100486
0.010159
0.0101255
0.0100921
0.0102025
0.010169
0.0102794
0.0103897
0.0103562
0.0103228
0.0102894
0.0102559
0.0102225
0.0101891
0.0102993
0.0102659
0.010376
0.0103427
0.0103093
0.0102758
0.0102425
0.0103526
0.0103192
0.0104293
0.0103958
0.0103624
0.0103291
0.0102957
0.0102624
0.010229
0.010339
0.0103056
0.0102724
0.010239
0.0103489
0.0104588
0.0104255
0.0105352
0.0105019
0.0106117
0.0105783
0.0106881
0.0106547
0.0106214
0.0105881
0.0105548
0.0105215
0.0104882
0.010455
0.0105646
0.0105313
0.0104979
0.0104647
0.0105742
0.010541
0.0106505
0.0106173
0.0105841
0.0105507
0.0105175
0.010627
0.0105937
0.0105605
0.0106699
0.0107793
0.0107461
0.0107127
0.0106795
0.0107888
0.0108981
0.0110074
0.0109742
0.0109409
0.0109076
0.0108745
0.0108412
0.010808
0.0107749
0.0107417
0.0108507
0.0108175
0.0107844
0.0107512
0.010718
0.0106849
0.0106518
0.0107608
0.0107276
0.0106945
0.0106614
0.0106283
0.0105952
0.0105621
0.010529
0.010496
0.0104629
0.0104298
0.0103967
0.0103638
0.0103307
0.0102977
0.0104066
0.0103735
0.0103405
0.0103075
0.0104163
0.0103834
0.0103503
0.0103173
0.0102843
0.0102513
0.0102184
0.0101855
0.0101525
0.0101196
0.0100867
0.0100538
0.0100209
0.0101295
0.0102381
0.0102051
0.0101723
0.0101394
0.0101066
0.010215
0.0101821
0.0101493
0.0102577
0.0103661
0.0104746
0.0104417
0.0104088
0.0105171
0.0106255
0.0105926
0.0105597
0.0105268
0.0106351
0.0106022
0.0105693
0.0105364
0.0106447
0.0106118
0.0105789
0.0105461
0.0105133
0.0104805
0.0104476
0.0104147
0.0105229
0.0104901
0.0104573
0.0104244
0.0103917
0.0103589
0.0103261
0.0104341
0.0104014
0.0105094
0.0106173
0.0105845
0.0106924
0.0106596
0.0106269
0.010594
0.0105613
0.0106691
0.0106364
0.0107442
0.0107114
0.0106787
0.0106459
0.0106131
0.0107209
0.0106881
0.0107958
0.0109034
0.0110111
0.0109783
0.0110859
0.0110532
0.0110204
0.0111279
0.0110951
0.0110624
0.0110297
0.0109969
0.0109642
0.0109316
0.0108988
0.0108662
0.0108336
0.0108008
0.0109082
0.0110155
0.0109829
0.0110902
0.0111975
0.0111648
0.0112721
0.0112393
0.0112067
0.011174
0.0111414
0.0111086
0.0110761
0.0110434
0.0110108
0.0109782
0.0110853
0.0110527
0.0111597
0.0111271
0.0110945
0.0110618
0.0110293
0.0111363
0.0111037
0.0112107
0.0111781
0.0111455
0.011113
0.0110803
0.0110478
0.0111547
0.0112615
0.011229
0.0111964
0.0113032
0.0112706
0.0112382
0.0112056
0.011173
0.0111405
0.0112472
0.0112147
0.0111821
0.0111497
0.0111171
0.0112239
0.0111913
0.0112978
0.0112655
0.011233
0.0112004
0.011168
0.0111355
0.011103
0.0110706
0.0110382
0.0111446
0.0112512
0.0112186
0.0111862
0.0111538
0.0111213
0.011089
0.0110566
0.0110242
0.0111305
0.0110981
0.0110657
0.0110334
0.0111396
0.0111073
0.0112135
0.0111812
0.0111488
0.0111164
0.0110841
0.0111904
0.0112965
0.0112641
0.0112317
0.0111993
0.011167
0.0111347
0.0111024
0.0110701
0.0110377
0.0110055
0.0109732
0.0109408
0.0110469
0.0110146
0.0111206
0.0110884
0.0110561
0.011162
0.0111297
0.0110975
0.0110652
0.0110329
0.0111389
0.0111066
0.0112124
0.0111802
0.011286
0.0113918
0.0113595
0.0113273
0.011295
0.0112628
0.0112305
0.0111982
0.0111661
0.0111339
0.0111017
0.0110695
0.0110373
0.0110052
0.010973
0.0110786
0.0110465
0.011152
0.0111199
0.0110877
0.0110556
0.0111611
0.0111289
0.0110968
0.0112022
0.0111701
0.011138
0.0111059
0.0112113
0.0111792
0.0112845
0.0113898
0.0113577
0.0113256
0.0114309
0.0113988
0.0113667
0.0113345
0.0113025
0.0112703
0.0112383
0.0113435
0.0113115
0.0114166
0.0115216
0.0114896
0.0114575
0.0114254
0.0113934
0.0113613
0.0114663
0.0114343
0.0115393
0.0115073
0.0116122
0.0117172
0.011685
0.0117899
0.0117579
0.0117258
0.0118307
0.0119355
0.0120403
0.0120082
0.0119762
0.0119441
0.011912
0.01188
0.0118479
0.0119527
0.0119206
0.0118886
0.0118565
0.0118246
0.0117925
0.0117606
0.0118652
0.0118331
0.0119377
0.0120423
0.0120103
0.0119783
0.0120828
0.0120509
0.0120188
0.0119868
0.0119548
0.0119229
0.0118909
0.011859
0.0118271
0.0117951
0.0117632
0.0118676
0.0118357
0.0119399
0.0119081
0.0118762
0.0118443
0.0119486
0.0120528
0.0120209
0.011989
0.0119571
0.0119252
0.0118932
0.0118614
0.0118296
0.0117977
0.0117658
0.011734
0.0117022
0.0116704
0.0116386
0.0116068
0.0115749
0.0115432
0.0115113
0.0114796
0.0115837
0.0115519
0.0115201
0.0114883
0.0114567
0.0115606
0.0115289
0.0114972
0.0114654
0.0114337
0.011402
0.0113703
0.0113386
0.0113069
0.0112752
0.0112436
0.0112119
0.0111802
0.0111486
0.0112525
0.0112208
0.0113246
0.0112929
0.0112613
0.0112297
0.011198
0.0111665
0.0112702
0.0112385
0.011207
0.0111753
0.0111437
0.0112473
0.011351
0.0113193
0.011423
0.0113913
0.0114948
0.0114632
0.0115668
0.0115352
0.0116386
0.0117421
0.0117105
0.0116789
0.0116473
0.0116157
0.011584
0.0116874
0.0116559
0.0116243
0.0115927
0.0115612
0.0115296
0.0114981
0.0114665
0.011435
0.0115383
0.0115067
0.0114753
0.0115784
0.011547
0.0115155
0.011484
0.0114525
0.011421
0.0115242
0.0114926
0.0114611
0.0114298
0.0113983
0.0115013
0.0116043
0.0115729
0.0116758
0.0116444
0.0117473
0.0117159
0.0116844
0.011653
0.0116215
0.0115901
0.011693
0.0116616
0.0116301
0.0117329
0.0117015
0.0116701
0.0116386
0.0116073
0.0115759
0.0115445
0.0115131
0.0114817
0.0114504
0.0114191
0.0113877
0.0114903
0.0114591
0.0114278
0.0113964
0.0113651
0.0113338
0.0113025
0.0114051
0.0115076
0.0116103
0.0117127
0.0116814
0.0117838
0.0117526
0.0118551
0.0118237
0.0119261
0.0120285
0.0119972
0.0120996
0.0120682
0.0121706
0.0121392
0.0121078
0.0120764
0.0120452
0.0120139
0.0119825
0.0119513
0.0120535
0.0120221
0.0121244
0.0120931
0.0121952
0.0121639
0.0121326
0.0121013
0.0120701
0.0120388
0.0120076
0.0119763
0.0119451
0.0119138
0.0118827
0.0118514
0.0119534
0.0120554
0.0120242
0.0121261
0.0122281
0.0121968
0.0121656
0.0121344
0.0122362
0.012205
0.0121738
0.0122757
0.0122445
0.0123463
0.012315
0.0122838
0.0122526
0.0122214
0.0121902
0.012159
0.012128
0.0120968
0.0121984
0.0123001
0.012269
0.0122377
0.0123394
0.0123082
0.0122771
0.012246
0.0122148
0.0121837
0.0121525
0.0121214
0.0120903
0.0120592
0.0120281
0.0121297
0.0122312
0.0122
0.0121689
0.0121378
0.0121068
0.0120757
0.0120447
0.0120136
0.0119826
0.0119515
0.0119205
0.0118895
0.0118584
0.0118275
0.0117965
0.0117655
0.0117345
0.0117036
0.0116726
0.0117739
0.0117429
0.011712
0.011681
0.0116501
0.0117513
0.0117204
0.0116894
0.0116585
0.0116276
0.0115967
0.0115659
0.0115349
0.0115041
0.0114732
0.0114424
0.0114115
0.0115126
0.0116136
0.0115827
0.0115519
0.0115211
0.011622
0.0115911
0.0115604
0.0115295
0.0114987
0.0114679
0.0115688
0.011538
0.0115072
0.0114765
0.0115772
0.0115464
0.0115157
0.0114849
0.0114541
0.0114233
0.0113926
0.0113618
0.0114626
0.0115634
0.0115327
0.0115018
0.011471
0.0114403
0.0114096
0.0113789
0.0113482
0.0114488
0.0115495
0.0115187
0.0116194
0.0115887
0.0116892
0.0117898
0.0118904
0.0118595
0.0118288
0.0117981
0.0117673
0.0117366
0.011706
0.0116752
0.0116445
0.0116138
0.0117143
0.0116836
0.011784
0.0118843
0.0119846
0.0119539
0.0119232
0.0118926
0.0118619
0.0118312
0.0119314
0.0119008
0.0118701
0.0118394
0.0118088
0.0117781
0.0117475
0.0118477
0.0118171
0.0117865
0.0118865
0.0119866
0.011956
0.0120561
0.0120254
0.0119948
0.0120949
0.0120642
0.0120336
0.012003
0.0119724
0.0119419
0.0119112
0.0118806
0.0118501
0.0118195
0.0117889
0.0117584
0.0117278
0.0116973
0.0117972
0.0117667
0.0117362
0.0117056
0.0116751
0.0116446
0.0116141
0.0115836
0.0116833
0.0117831
0.0117527
0.0117221
0.0116917
0.0116612
0.0116308
0.0116003
0.0115698
0.0115394
0.011509
0.0114785
0.0115782
0.0115477
0.0115173
0.0114869
0.0114565
0.0114262
0.0113958
0.0113654
0.011335
0.0113046
0.0114042
0.0113738
0.0113435
0.0113131
0.0112827
0.0112524
0.0112221
0.0111918
0.0111614
0.0111312
0.0111009
0.0110706
0.01117
0.0111397
0.0112391
0.0112088
0.0111786
0.0112779
0.0112475
0.0112172
0.011187
0.0111567
0.0111265
0.0112258
0.0111955
0.0111653
0.0111351
0.0111048
0.0112041
0.0111738
0.0111436
0.0111133
0.0112126
0.0111823
0.0111521
0.0112512
0.011221
0.0111908
0.0112898
0.0113889
0.0113587
0.0113285
0.0114275
0.0115265
0.0114963
0.0114661
0.011565
0.0115348
0.0116336
0.0116035
0.0117023
0.011672
0.0117709
0.0117407
0.0117105
0.0116803
0.011779
0.0117489
0.0118476
0.0118175
0.0117872
0.011757
0.0118557
0.0118256
0.0119241
0.011894
0.0118638
0.0118337
0.0118035
0.0117734
0.0117432
0.011713
0.011683
0.0116529
0.0117514
0.0117213
0.0116912
0.0116611
0.011631
0.0116009
0.0115708
0.0115407
0.0115107
0.0116091
0.011579
0.0116774
0.0116474
0.0116174
0.0115873
0.0116856
0.0116556
0.0116256
0.0115954
0.0116938
0.0116637
0.0116337
0.0116037
0.0117019
0.0118002
0.0117702
0.0118683
0.0118383
0.0118083
0.0119064
0.0118764
0.0119746
0.0119445
0.0119145
0.0118845
0.0118545
0.0118245
0.0117944
0.0117645
0.0117345
0.0117046
0.0118026
0.0119006
0.0118706
0.0118406
0.0118107
0.0117807
0.0118786
0.0118487
0.0118188
0.0117888
0.0117589
0.011729
0.011699
0.0116692
0.0116392
0.011737
0.0118349
0.011805
0.0119027
0.0118728
0.0118429
0.011813
0.0117831
0.0117532
0.011851
0.0119486
0.0119188
0.0120164
0.0119866
0.0119566
0.0119268
0.0118969
0.0119945
0.0119646
0.0119348
0.0119049
0.0118751
0.0118453
0.0118154
0.0117856
0.0117558
0.011726
0.0116962
0.0116664
0.0117639
0.0117341
0.0117042
0.0116745
0.0116447
0.0116149
0.0115852
0.0115554
0.0115258
0.0114959
0.0115933
0.0115636
0.0115339
0.0116312
0.0116014
0.0116988
0.011669
0.0116392
0.0116096
0.0115799
0.0115501
0.0115205
0.0114908
0.0114611
0.0114315
0.0114018
0.011499
0.0114692
0.0114397
0.0115368
0.0115071
0.0116042
0.0115746
0.0115449
0.0115153
0.0114857
0.011456
0.0114264
0.0113969
0.0113672
0.0113376
0.011308
0.0112785
0.0112488
0.0112193
0.0111897
0.0111602
0.0111306
0.0111011
0.0111981
0.0111685
0.0112654
0.0112359
0.0112063
0.0111768
0.0111473
0.0111178
0.0110883
0.0110587
0.0110293
0.0109999
0.0110967
0.0111934
0.0111639
0.0111344
0.0111049
0.0110756
0.0111722
0.0111428
0.0112394
0.01121
0.0111805
0.0111511
0.0111216
0.0112182
0.0111888
0.0111594
0.0111299
0.0111005
0.0110711
0.0110416
0.0110123
0.0109828
0.0109534
0.0109241
0.0108947
0.0108653
0.010836
0.0108066
0.0107772
0.010748
0.0107186
0.0106893
0.01066
0.0106307
0.0106014
0.0106978
0.0106685
0.0106392
0.0106099
0.0105807
0.0105514
0.0106478
0.0106184
0.0105892
0.01056
0.0105307
0.010627
0.0105978
0.0105686
0.0105393
0.0106356
0.0106063
0.010577
0.0105478
0.0106441
0.0106148
0.010711
0.0108071
0.0107779
0.010874
0.0108448
0.0108156
0.0107864
0.0107571
0.0107279
0.0106987
0.0106695
0.0106404
0.0106112
0.010582
0.0105529
0.0105237
0.0104945
0.0104654
0.0104363
0.0105323
0.0105031
0.010474
0.0104449
0.0104157
0.0105116
0.0106076
0.0107035
0.0106743
0.0106452
0.010741
0.0108367
0.0108077
0.0107785
0.0107495
0.0108452
0.0109408
0.0109118
0.0108827
0.0108536
0.0108244
0.0107954
0.0107662
0.0107372
0.0108328
0.0108038
0.0107747
0.0108702
0.0108412
0.0108121
0.0109076
0.0108786
0.0109741
0.0110696
0.0110406
0.0110115
0.0109824
0.0110779
0.0110489
0.0110198
0.0111151
0.0110862
0.0110571
0.011028
0.0111234
0.0110943
0.0110652
0.0110363
0.0111316
0.0111025
0.0110734
0.0110444
0.0110155
0.0109864
0.0109575
0.0109284
0.0110237
0.0109947
0.0109658
0.0109367
0.0109078
0.011003
0.010974
0.0110692
0.0110402
0.0110112
0.0111064
0.0110773
0.0111725
0.0111435
0.0111145
0.0110856
0.0110566
0.0110277
0.0109987
0.0109698
0.0109409
0.010912
0.0108831
0.0108542
0.0108253
0.0109203
0.0110152
0.0111101
0.0110812
0.0110523
0.0110235
0.0109945
0.0109656
0.0109367
0.0109079
0.0110028
0.0109739
0.010945
0.0109161
0.011011
0.0109821
0.0109532
0.0109244
0.0108956
0.0108668
0.010838
0.0108092
0.0107804
0.0107516
0.0107228
0.010694
0.0106652
0.0107599
0.010731
0.0108257
0.010797
0.0107682
0.0108628
0.010834
0.0108053
0.0108998
0.010871
0.0108423
0.0109368
0.010908
0.0110025
0.0109738
0.0110682
0.0111626
0.0111338
0.0111051
0.0110763
0.0110477
0.0110189
0.0109901
0.0109614
0.0109327
0.010904
0.0108753
0.0108466
0.0109409
0.0110351
0.0110065
0.0109778
0.011072
0.0110433
0.0111375
0.0112317
0.0112031
0.0111744
0.0111457
0.0112398
0.0112112
0.0111825
0.0111538
0.0111251
0.0112191
0.0111904
0.0111618
0.0111332
0.0111045
0.0110759
0.0111699
0.0111413
0.0111126
0.0112066
0.0113004
0.0112719
0.0112432
0.0112146
0.0111859
0.0111573
0.0111287
0.0111001
0.0111941
0.0111654
0.0111368
0.0111082
0.0110797
0.0110511
0.0110225
0.010994
0.0110877
0.0110592
0.0110306
0.011002
0.0109735
0.0110673
0.0110387
0.0111325
0.0111039
0.0111976
0.0111691
0.0111406
0.0112342
0.0113277
0.0112992
0.0112707
0.0112422
0.0112137
0.0111851
0.0111566
0.0111281
0.0110996
0.011193
0.0111647
0.0111362
0.0111077
0.0110792
0.0110506
0.0110222
0.0109938
0.0109653
0.0110587
0.0110303
0.0110018
0.0109734
0.010945
0.0109165
0.010888
0.0109815
0.0109531
0.0110464
0.0111398
0.0111113
0.0110829
0.0110545
0.0111477
0.0111194
0.0110909
0.0110626
0.0111558
0.011249
0.0112206
0.0111921
0.0111638
0.0111354
0.011107
0.0110787
0.0111718
0.011265
0.0112365
0.0112082
0.0111797
0.0111514
0.0111231
0.0110946
0.0110664
0.0111594
0.011131
0.0111027
0.0111957
0.0111674
0.0112604
0.011232
0.0112036
0.0111754
0.011147
0.0111187
0.0112117
0.0113046
0.0112762
0.0112479
0.0112196
0.0111912
0.0111629
0.0111347
0.0111064
0.0110781
0.011171
0.0111427
0.0111145
0.0110861
0.0110579
0.0110296
0.0110014
0.0109732
0.0109449
0.0109167
0.0108885
0.0109812
0.0109529
0.0109248
0.0110174
0.0109892
0.0109611
0.0109328
0.0109046
0.0109972
0.010969
0.0109408
0.0110334
0.0110053
0.0110978
0.0110697
0.0110415
0.011134
0.0111058
0.0110777
0.0111701
0.011142
0.0112343
0.0112062
0.011178
0.0112705
0.0112422
0.0112141
0.011186
0.0112783
0.0112501
0.011222
0.0113143
0.0112862
0.0113785
0.0113504
0.0114426
0.0115348
0.0115067
0.0114786
0.0114504
0.0114222
0.0113941
0.0114863
0.0114582
0.01143
0.0115222
0.011494
0.0115861
0.0116783
0.0116501
0.0116219
0.011714
0.0116859
0.011778
0.0117498
0.0117217
0.0116936
0.0116655
0.0117574
0.0117293
0.0117012
0.0117931
0.0117651
0.0117369
0.0117089
0.0116807
0.0116527
0.0116246
0.0117165
0.0118083
0.0117803
0.0118721
0.011844
0.0118158
0.0117878
0.0117598
0.0118515
0.0119432
0.0119152
0.0120069
0.0120986
0.0120705
0.0121621
0.0121341
0.0122257
0.0121976
0.0121696
0.0121415
0.0121135
0.0120853
0.0120573
0.0120293
0.0120013
0.0119732
0.0119452
0.0119172
0.0118892
0.0119807
0.0119527
0.0119247
0.0120162
0.0119882
0.0120796
0.0120516
0.012143
0.0121151
0.012087
0.012059
0.0121504
0.0121225
0.0120945
0.0120664
0.0120385
0.0120105
0.0119826
0.0119547
0.0119267
0.012018
0.01199
0.0120813
0.0120534
0.0120254
0.0119975
0.0120887
0.0121799
0.012152
0.012124
0.012096
0.0120682
0.0120402
0.0120123
0.0119844
0.0119565
0.0119286
0.0120198
0.0121108
0.0120829
0.0120551
0.0120271
0.0119993
0.0119714
0.0120624
0.0120346
0.0120067
0.0119789
0.011951
0.0119231
0.0118953
0.0119863
0.0119585
0.0119306
0.0119028
0.0119937
0.0119659
0.0119381
0.0119102
0.0118824
0.0118546
0.0118268
0.0117991
0.0117712
0.0117435
0.0118343
0.0118065
0.0118974
0.0118695
0.0118418
0.0118141
0.0117862
0.0117586
0.0117307
0.0117031
0.0117938
0.011766
0.0117384
0.0117106
0.0116829
0.0116552
0.0116275
0.011718
0.0116904
0.011781
0.0117533
0.011844
0.0119345
0.0119068
0.011879
0.0119696
0.0119419
0.0119142
0.0120047
0.011977
0.0120675
0.0120398
0.0120121
0.0119844
0.0120748
0.0120471
0.0120195
0.0119918
0.0119641
0.0119364
0.0119088
0.0118812
0.0118535
0.0119439
0.0120342
0.0120065
0.0119789
0.0120692
0.0120415
0.0120139
0.0119862
0.0119586
0.0119309
0.0119033
0.0119936
0.011966
0.0120562
0.0121464
0.0121188
0.0120911
0.0121813
0.0121536
0.012126
0.0120984
0.0120708
0.0120432
0.0120156
0.0121058
0.0120782
0.0121682
0.0122582
0.0122306
0.012203
0.012293
0.0122654
0.0122378
0.0123278
0.0123003
0.0122727
0.0122451
0.0122175
0.0121899
0.0121624
0.0121349
0.0122247
0.0121972
0.0121697
0.0122595
0.0123494
0.0123218
0.0122942
0.0122667
0.0122392
0.012329
0.0124187
0.0123912
0.0123637
0.0123361
0.0123086
0.0123983
0.0123708
0.0123433
0.0123158
0.0124055
0.0123779
0.0123504
0.012323
0.0122955
0.0123851
0.0123576
0.0123301
0.0123026
0.0122751
0.0122477
0.0122203
0.0121928
0.0121653
0.0121379
0.0122275
0.0122
0.0121726
0.012262
0.0122347
0.0123242
0.0124136
0.012503
0.0124756
0.0124481
0.0124207
0.0125101
0.0124826
0.0124551
0.0124277
0.0125171
0.0124897
0.012579
0.0125515
0.0125241
0.0126134
0.012586
0.0126752
0.0126478
0.012737
0.0127096
0.0126822
0.0126548
0.0126274
0.0125999
0.0125726
0.0126618
0.0126343
0.012607
0.0125796
0.0125523
0.0126413
0.012614
0.0125866
0.0125592
0.0126483
0.0127374
0.01271
0.012799
0.0127716
0.0128607
0.0129495
0.0129222
0.0130111
0.0129837
0.0130727
0.0130454
0.0130179
0.0129905
0.0129632
0.0129359
0.0129085
0.0128812
0.0128538
0.0128266
0.0127991
0.0127719
0.0127446
0.0127173
0.0126899
0.0126627
0.0127515
0.0127242
0.0126969
0.0127857
0.0127584
0.0127311
0.0127038
0.0126766
0.0126492
0.0127379
0.0127107
0.0127994
0.0127721
0.0127449
0.0127176
0.0126904
0.0126631
0.0126359
0.0127246
0.0126973
0.01267
0.0127586
0.0127314
0.0127042
0.012677
0.0127655
0.012854
0.0128268
0.0127996
0.0127723
0.0127452
0.0127181
0.0126907
0.0127793
0.0127521
0.0127249
0.0126977
0.0126705
0.0126434
0.0126162
0.0127046
0.012793
0.0127658
0.0127387
0.0128269
0.0129153
0.0128881
0.012861
0.0129493
0.012922
0.0128948
0.0128677
0.0128406
0.0128134
0.0129017
0.0128745
0.0128474
0.0128202
0.0127932
0.0127661
0.012739
0.0127119
0.0128
0.0127729
0.0127458
0.012834
0.0128068
0.0127797
0.0127527
0.0127256
0.0128136
0.0127865
0.0127596
0.0127325
0.0127054
0.0126783
0.0126512
0.0126243
0.0125973
0.0125702
0.0125432
0.0125161
0.0124891
0.0124621
0.0124351
0.0124081
0.0124961
0.0124691
0.012557
0.01253
0.012503
0.012476
0.0125639
0.0125369
0.0126247
0.0125978
0.0125709
0.0125439
0.0125169
0.01249
0.012463
0.012436
0.0125238
0.0124968
0.01247
0.012443
0.0124161
0.0123892
0.0123622
0.0123354
0.0123085
0.0122816
0.0123693
0.0123424
0.0123155
0.0122886
0.0122617
0.0123493
0.0123224
0.0122956
0.0122688
0.0122418
0.012215
0.0121882
0.0121613
0.0122489
0.0122221
0.0123096
0.0122827
0.012256
0.0122291
0.0122023
0.0121754
0.0121487
0.0121218
0.012095
0.0120682
0.0120415
0.0120146
0.0119879
0.0119612
0.0119343
0.0119076
0.0118808
0.0118542
0.0118274
0.0118007
0.0117739
0.0118613
0.0119487
0.0119219
0.0118952
0.0118685
0.0119559
0.0120431
0.0120164
0.0119897
0.011963
0.0120503
0.0120236
0.0119968
0.0120841
0.0121713
0.0121444
0.0121178
0.0120911
0.0120644
0.0121516
0.0121249
0.012212
0.0122991
0.0122724
0.0122457
0.012219
0.0123061
0.0123931
0.0123665
0.0123397
0.012313
0.0122864
0.0123734
0.0123467
0.01232
0.0122933
0.0122667
0.01224
0.0122133
0.0121866
0.01216
0.012247
0.0123339
0.0123073
0.0122805
0.0122539
0.0123408
0.0123142
0.0122875
0.0123743
0.0123478
0.0123211
0.0122945
0.0122678
0.0122413
0.0122147
0.012188
0.0121615
0.0121349
0.0121083
0.0120817
0.0120552
0.0120286
0.0120021
0.0119755
0.0119489
0.0120357
0.0121223
0.012209
0.0121825
0.0121559
0.0121294
0.012216
0.0121894
0.0121629
0.0121363
0.0121099
0.0120834
0.0120568
0.0120302
0.0120037
0.0119773
0.0120639
0.0120373
0.0120109
0.0119843
0.0119578
0.0119314
0.0119049
0.0118784
0.0119649
0.0119385
0.0120249
0.0119985
0.011972
0.0119455
0.011919
0.0120054
0.011979
0.0119526
0.0119261
0.0118998
0.0118732
0.0118468
0.0118204
0.011794
0.0117677
0.011854
0.0118276
0.0118011
0.0117748
0.0117484
0.011722
0.0116956
0.0116693
0.0116429
0.0116166
0.0115902
0.0116765
0.0116501
0.0116238
0.0115975
0.0115711
0.0115447
0.0115184
0.0116046
0.0115783
0.0116645
0.0116382
0.0116119
0.0115855
0.0115592
0.0116454
0.011619
0.0115927
0.0115664
0.0115401
