0.989099
0.979392
0.969874
0.960539
0.951381
0.942397
0.93358
0.924926
0.916432
0.908091
0.899901
0.891857
0.883956
0.876193
0.874388
0.866817
0.859375
0.85206
0.844867
0.837794
0.830838
0.823996
0.817266
0.810644
0.804127
0.797715
0.791403
0.78519
0.779073
0.773051
0.76712
0.761279
0.755526
0.749859
0.744276
0.738774
0.733354
0.728012
0.722746
0.717556
0.71244
0.707395
0.702421
0.697516
0.692679
0.687908
0.683202
0.67856
0.67398
0.669461
0.665002
0.660601
0.656258
0.651972
0.64774
0.643563
0.63944
0.635368
0.631348
0.627378
0.623457
0.619584
0.615759
0.611981
0.608249
0.604561
0.600918
0.597318
0.593761
0.590245
0.586771
0.583337
0.579943
0.576587
0.57327
0.569991
0.566749
0.563543
0.560373
0.557238
0.554138
0.551073
0.54804
0.545041
0.542074
0.539138
0.536235
0.533362
0.530519
0.527707
0.524923
0.522169
0.519444
0.516746
0.514076
0.511434
0.508818
0.506228
0.503665
0.501128
0.498615
0.496128
0.493664
0.491225
0.48881
0.486419
0.48405
0.481704
0.479381
0.47708
0.4748
0.472542
0.470306
0.46809
0.465895
0.46372
0.461565
0.45943
0.457315
0.455218
0.453141
0.451083
0.449042
0.44702
0.445017
0.44303
0.441062
0.43911
0.437176
0.435258
0.433357
0.431472
0.429604
0.427751
0.425915
0.424093
0.422288
0.420497
0.418721
0.416961
0.415215
0.413483
0.411765
0.410062
0.408373
0.406697
0.405034
0.403386
0.40175
0.400127
0.398518
0.396921
0.395337
0.393765
0.392206
0.390659
0.389124
0.3876
0.386089
0.384589
0.3831
0.381624
0.380158
0.378703
0.37726
0.375827
0.374405
0.372993
0.371592
0.370201
0.368821
0.367451
0.366091
0.364741
0.3634
0.36207
0.360748
0.359437
0.358135
0.356842
0.355558
0.354283
0.353018
0.351761
0.350514
0.349274
0.348044
0.346822
0.345608
0.344404
0.343206
0.342018
0.340838
0.339665
0.3385
0.337343
0.336195
0.335054
0.33392
0.332794
0.331676
0.330564
0.329461
0.328365
0.327275
0.326192
0.325118
0.32405
0.322989
0.321934
0.320886
0.319846
0.318811
0.317783
0.316762
0.315748
0.314739
0.313737
0.312742
0.311752
0.31077
0.309792
0.308821
0.307856
0.306897
0.305943
0.304996
0.304054
0.303118
0.302188
0.301264
0.300344
0.299431
0.298523
0.29762
0.296723
0.295831
0.294944
0.294063
0.293186
0.292315
0.291449
0.290588
0.289732
0.288881
0.288035
0.287194
0.286357
0.285533
0.284714
0.283901
0.283091
0.282286
0.281486
0.28069
0.279899
0.279112
0.27833
0.277552
0.276778
0.276009
0.275243
0.274483
0.273725
0.272973
0.272224
0.27148
0.270739
0.270003
0.26927
0.268542
0.267818
0.267097
0.26638
0.265667
0.264958
0.264252
0.263551
0.262853
0.262158
0.261467
0.260781
0.260097
0.259417
0.258741
0.258068
0.257398
0.256733
0.25607
0.25541
0.254755
0.254102
0.253453
0.252807
0.252165
0.251525
0.250889
0.250256
0.249627
0.249
0.248377
0.247757
0.247139
0.246525
0.245914
0.245306
0.2447
0.244098
0.243499
0.242903
0.24231
0.241719
0.241131
0.240546
0.239964
0.239385
0.238809
0.238235
0.237664
0.237095
0.23692
0.236341
0.235764
0.235189
0.234617
0.234049
0.233482
0.232919
0.232358
0.231799
0.231244
0.230691
0.23014
0.229592
0.229046
0.228503
0.227962
0.227425
0.226888
0.226356
0.225824
0.225296
0.22477
0.224246
0.223725
0.223216
0.222714
0.222215
0.221717
0.221222
0.22073
0.220239
0.219751
0.219265
0.218781
0.218299
0.217818
0.217341
0.216865
0.216392
0.21592
0.215451
0.214983
0.214517
0.214054
0.213592
0.213133
0.212675
0.21222
0.211767
0.211315
0.210865
0.210416
0.209971
0.209527
0.209084
0.208644
0.208205
0.207768
0.207333
0.2069
0.206469
0.20604
0.205612
0.205186
0.204762
0.204339
0.203918
0.2035
0.203082
0.202667
0.202253
0.20184
0.201429
0.201021
0.200613
0.200207
0.199804
0.199401
0.199001
0.198602
0.198203
0.197808
0.197413
0.19702
0.196628
0.196239
0.195851
0.195464
0.195078
0.195787
0.19539
0.194994
0.1946
0.194206
0.193815
0.193425
0.193037
0.19265
0.192264
0.191881
0.191498
0.191117
0.190737
0.19036
0.189983
0.189608
0.189234
0.188862
0.188491
0.188121
0.187753
0.187386
0.187021
0.186657
0.186294
0.185933
0.185573
0.185214
0.184857
0.184502
0.184146
0.183793
0.183441
0.18309
0.18274
0.182393
0.182046
0.1817
0.181356
0.181012
0.18067
0.180329
0.17999
0.179652
0.179315
0.178979
0.178644
0.178311
0.177979
0.177648
0.177318
0.176989
0.176661
0.176336
0.17601
0.175686
0.175363
0.175042
0.174721
0.174402
0.175831
0.17551
0.175191
0.174873
0.174556
0.17424
0.173926
0.173612
0.173299
0.172988
0.172677
0.172368
0.172059
0.171752
0.171446
0.17114
0.170836
0.170533
0.17023
0.169929
0.169629
0.16933
0.169035
0.168748
0.168463
0.168179
0.167896
0.167615
0.167334
0.167053
0.166775
0.166496
0.166218
0.165942
0.165667
0.165392
0.165119
0.164846
0.164574
0.164303
0.164032
0.163764
0.163496
0.163228
0.162961
0.162695
0.16243
0.162167
0.163517
0.163252
0.162988
0.162724
0.162461
0.1622
0.161939
0.161679
0.161421
0.161162
0.160904
0.160649
0.160393
0.160138
0.159884
0.15963
0.159378
0.159126
0.158875
0.158625
0.158376
0.158126
0.157879
0.157632
0.157385
0.15714
0.156895
0.156651
0.156407
0.156165
0.155924
0.155683
0.155442
0.155202
0.154964
0.154726
0.154488
0.154252
0.154016
0.15378
0.153546
0.153311
0.153079
0.152846
0.152615
0.152383
0.152154
0.151925
0.151695
0.151467
0.151239
0.151012
0.150786
0.15056
0.150336
0.150112
0.149888
0.149665
0.149443
0.149221
0.149001
0.14878
0.148561
0.148342
0.148123
0.147906
0.147688
0.147472
0.147257
0.147041
0.146826
0.146612
0.146398
0.146186
0.145974
0.145763
0.145552
0.145341
0.145132
0.144923
0.144715
0.144507
0.1443
0.144093
0.143887
0.143682
0.143476
0.143272
0.143068
0.142865
0.142662
0.14246
0.142258
0.142058
0.141857
0.141657
0.141458
0.14126
0.141061
0.140864
0.140667
0.140471
0.140275
0.140079
0.139884
0.13969
0.139496
0.139303
0.13911
0.138918
0.138727
0.138535
0.138344
0.138155
0.137966
0.137776
0.137588
0.1374
0.137212
0.137024
0.136838
0.136652
0.136466
0.136282
0.136097
0.135912
0.135729
0.135547
0.135364
0.135183
0.135
0.134819
0.134639
0.134459
0.134279
0.1341
0.133921
0.133742
0.133564
0.133388
0.133211
0.133034
0.132859
0.132684
0.132508
0.132334
0.13216
0.131986
0.131813
0.13164
0.131467
0.131296
0.131125
0.130954
0.130783
0.130613
0.130444
0.130275
0.130105
0.129937
0.129769
0.129602
0.129436
0.129268
0.129102
0.128937
0.128771
0.128606
0.128442
0.128278
0.128114
0.127951
0.127788
0.127625
0.127464
0.127303
0.127141
0.126981
0.12682
0.126659
0.1265
0.126341
0.126183
0.126024
0.125866
0.125708
0.125552
0.125394
0.125238
0.125082
0.124926
0.124771
0.124616
0.124462
0.124307
0.124153
0.124001
0.123848
0.123695
0.123542
0.123391
0.12324
0.123089
0.122938
0.122787
0.122637
0.122487
0.122337
0.122189
0.12204
0.121891
0.121744
0.121596
0.121449
0.121302
0.121157
0.12101
0.120865
0.120718
0.120573
0.120428
0.120285
0.120141
0.119996
0.119854
0.11971
0.119568
0.119425
0.119284
0.119142
0.119
0.118859
0.118718
0.118579
0.118439
0.118299
0.118159
0.11802
0.117881
0.117743
0.117605
0.117467
0.11733
0.117192
0.117056
0.116919
0.116784
0.116647
0.116511
0.116377
0.116242
0.116107
0.115972
0.115838
0.115705
0.115572
0.115439
0.115306
0.115174
0.115041
0.11491
0.114778
0.114646
0.114516
0.114384
0.114255
0.114124
0.113994
0.113865
0.113736
0.113607
0.113478
0.113349
0.113223
0.113095
0.112968
0.112839
0.112713
0.112586
0.11246
0.112334
0.112208
0.112082
0.111958
0.111832
0.111708
0.111583
0.11146
0.111336
0.111211
0.111087
0.110965
0.110843
0.11072
0.110597
0.110475
0.110354
0.110232
0.110111
0.10999
0.10987
0.109749
0.109629
0.109509
0.10939
0.10927
0.109151
0.109033
0.108914
0.108796
0.108678
0.10856
0.108442
0.108325
0.108207
0.108091
0.107975
0.107859
0.107743
0.107627
0.107511
0.107396
0.107281
0.107166
0.107052
0.106937
0.106822
0.106709
0.106596
0.106481
0.106369
0.106256
0.106143
0.10603
0.105919
0.105806
0.105695
0.105584
0.105471
0.105362
0.10525
0.10514
0.105029
0.104919
0.104809
0.1047
0.10459
0.104481
0.104372
0.104263
0.104155
0.104047
0.103938
0.10383
0.103723
0.103616
0.103508
0.103402
0.103294
0.103189
0.103081
0.102977
0.10287
0.102765
0.102659
0.102553
0.102449
0.102344
0.102239
0.102134
0.10203
0.101926
0.101822
0.10172
0.101617
0.101512
0.101409
0.101307
0.101204
0.101102
0.101001
0.100899
0.100797
0.100695
0.100594
0.100493
0.100393
0.100291
0.100191
0.10009
0.0999909
0.0998902
0.0997909
0.0996909
0.0995913
0.0994931
0.0993941
0.0992948
0.099196
0.0990991
0.0990003
0.0989029
0.0988049
0.0987072
0.0986097
0.0985126
0.0984158
0.0983193
0.0982228
0.0981264
0.0980287
0.0979328
0.0978374
0.0977418
0.0976455
0.0975506
0.0974565
0.0973603
0.0972664
0.0971726
0.0970769
0.0969839
0.0968888
0.0967942
0.096702
0.0966074
0.0965152
0.0964219
0.0963283
0.0962348
0.0961434
0.0960512
0.0959582
0.0958658
0.0957741
0.0956819
0.0955902
0.0955009
0.0954097
0.0953165
0.095226
0.0951355
0.0950449
0.0949548
0.0948653
0.094775
0.0946861
0.0945951
0.094506
0.0944168
0.0943269
0.0942384
0.0941501
0.0940606
0.0939729
0.0938838
0.0937963
0.0937076
0.0936201
0.0935317
0.0934457
0.0933578
0.0932701
0.093184
0.0930967
0.0930091
0.0929223
0.0928373
0.0927508
0.0926646
0.092578
0.0924918
0.0924062
0.0923214
0.0922358
0.0921506
0.0920658
0.091981
0.0918961
0.0918116
0.0917277
0.0916441
0.0915596
0.0914744
0.0913911
0.091308
0.0912247
0.0911405
0.0910577
0.0909756
0.0908915
0.0908096
0.0907277
0.090644
0.0905627
0.0904801
0.0903986
0.0903159
0.0902356
0.0901533
0.0900713
0.0899907
0.0899092
0.0898278
0.0897481
0.0896676
0.0895857
0.0895054
0.0894265
0.0893463
0.0892661
0.0891857
0.0891057
0.0890263
0.0889471
0.0888679
0.0887886
0.0887097
0.088631
0.0885521
0.0884734
0.0883954
0.0883178
0.0882397
0.0881619
0.0880826
0.0880052
0.0879281
0.0878508
0.0877724
0.0876956
0.0876193
0.0875412
0.0874647
0.0873888
0.0873119
0.0872362
0.0871587
0.0872562
0.0871735
0.0870925
0.0870101
0.0869293
0.0868472
0.0867668
0.0866853
0.0866041
0.0865238
0.086443
0.0863616
0.0862805
0.0862012
0.0861214
0.0860412
0.0859609
0.0858823
0.0858023
0.0857229
0.0856435
0.085564
0.0854846
0.0854056
0.0853267
0.085248
0.0851696
0.0850915
0.0850136
0.0849356
0.0848595
0.0847873
0.0847133
0.0846421
0.0845702
0.0844994
0.0844276
0.0843548
0.084284
0.0842137
0.0841428
0.0840709
0.0840004
0.0839302
0.0838583
0.0837889
0.0837172
0.0836476
0.0835784
0.0835069
0.0834379
0.0833671
0.0832988
0.0832284
0.0831578
0.0830895
0.0830196
0.0829517
0.0828823
0.0828128
0.0827448
0.0826758
0.0826066
0.0825376
0.0824702
0.0830253
0.0829504
0.0828767
0.0828021
0.0827295
0.0826558
0.0825822
0.0825085
0.0824348
0.0823615
0.0822886
0.0822157
0.0821427
0.08207
0.0819976
0.0819248
0.0818526
0.0817807
0.0817088
0.081637
0.0815651
0.0814919
0.0814209
0.0813492
0.0812785
0.0812069
0.0811349
0.081064
0.0809938
0.080923
0.0808514
0.080781
0.0807108
0.0806399
0.0805702
0.0805002
0.0804296
0.0803595
0.0802898
0.0802206
0.0801501
0.0800814
0.0800111
0.0799427
0.0798728
0.0798044
0.0797349
0.0796669
0.0795975
0.0795282
0.0794602
0.0793912
0.0793228
0.0792553
0.0791869
0.0791187
0.0790518
0.0789834
0.0789154
0.0788473
0.0787797
0.0787137
0.0786461
0.0785791
0.0785113
0.0784442
0.0783774
0.0783103
0.0782435
0.0781785
0.078112
0.0780456
0.0779793
0.0779132
0.0778472
0.0777814
0.0777158
0.0776483
0.0775829
0.0775179
0.077452
0.077387
0.0773223
0.0772569
0.0771925
0.0771264
0.077062
0.0769975
0.0769327
0.0768672
0.0768034
0.0767398
0.0766757
0.0766105
0.0765468
0.0764832
0.0764187
0.0763556
0.0762924
0.0762278
0.076165
0.0761009
0.0760385
0.0759737
0.0759117
0.0758496
0.0757856
0.075724
0.0756602
0.0755967
0.0755357
0.0754725
0.0754109
0.075348
0.0752914
0.0752336
0.0751759
0.0751203
0.0750628
0.0750055
0.0749504
0.0748936
0.0748362
0.0747819
0.0747247
0.074668
0.0746114
0.074555
0.0745006
0.0744444
0.0743885
0.0743321
0.0742767
0.0742208
0.0741671
0.0741115
0.0740556
0.0740007
0.0739459
0.0738905
0.0738355
0.0737805
0.0737256
0.073671
0.0736165
0.0735621
0.0735075
0.0734535
0.073399
0.0733446
0.073291
0.0732375
0.0731814
0.0731281
0.0730739
0.073021
0.0729674
0.0729142
0.072859
0.0728061
0.0727531
0.0726998
0.0726452
0.072593
0.0725407
0.0724878
0.0724337
0.0723813
0.0723289
0.0722753
0.0722232
0.0721714
0.072118
0.0720667
0.0720149
0.0719612
0.0719099
0.0718573
0.0718057
0.0717528
0.0717021
0.0716489
0.0715986
0.0715455
0.0714953
0.0714428
0.0713923
0.0713406
0.0712898
0.0712377
0.0711884
0.0711365
0.0710847
0.0710348
0.070983
0.0709317
0.0708821
0.0708309
0.0707799
0.070731
0.07068
0.0706288
0.0705807
0.0705296
0.0704787
0.0704281
0.0703775
0.0703295
0.0702795
0.0702289
0.070179
0.070129
0.0700816
0.0700314
0.0699816
0.0699325
0.0698825
0.069833
0.0697839
0.0697348
0.0696856
0.0696363
0.0695872
0.0695381
0.0694923
0.0694436
0.0693951
0.0693467
0.0692953
0.0693472
0.0692906
0.0692338
0.0691776
0.0691208
0.0690641
0.069008
0.0689518
0.0688955
0.0688393
0.0687817
0.0687263
0.0686718
0.068625
0.0685779
0.0685309
0.0684817
0.0684344
0.0683883
0.0683416
0.0682927
0.0682465
0.0682002
0.0681537
0.0681053
0.068059
0.068013
0.0679651
0.0679188
0.0678733
0.0678254
0.06778
0.0677345
0.0676866
0.0676413
0.0675939
0.0675488
0.0675038
0.0674562
0.0674114
0.0673646
0.0673193
0.0672731
0.0672281
0.0671817
0.0671371
0.0670909
0.067046
0.0669999
0.0669558
0.0669094
0.0668661
0.0668199
0.0667736
0.0667298
0.0666839
0.066641
0.0665951
0.0665497
0.066506
0.066461
0.0664155
0.0663722
0.0663276
0.0662822
0.0662396
0.0661944
0.0661493
0.0661048
0.0660622
0.0660179
0.0659729
0.0659288
0.0658867
0.0658423
0.0657983
0.0657536
0.0657099
0.0656653
0.0656243
0.0655804
0.0655369
0.0654927
0.0654495
0.0654058
0.0653623
0.0653214
0.0652778
0.0652346
0.0651916
0.0651488
0.0651058
0.0650627
0.06502
0.0649773
0.0649344
0.0648917
0.0648491
0.0648069
0.0647646
0.0647224
0.06468
0.064638
0.0645956
0.0645534
0.0645118
0.0644699
0.0644255
0.0643841
0.0643427
0.0643007
0.0642592
0.0642183
0.0641764
0.0641352
0.0640919
0.0640507
0.0640095
0.0639688
0.0639277
0.0638846
0.0638443
0.0638032
0.0637627
0.0637221
0.0636794
0.0636387
0.0635986
0.0635587
0.0635159
0.063476
0.0637727
0.0637232
0.0636749
0.0636266
0.0635775
0.0635294
0.0638232
0.0637734
0.0637249
0.0636765
0.0636263
0.0635782
0.0635287
0.0634809
0.0634324
0.0633829
0.063335
0.063286
0.0632381
0.0631892
0.0631416
0.0630925
0.0630451
0.0629961
0.0629489
0.0629001
0.0628531
0.0628045
0.0627576
0.062709
0.0626619
0.0626138
0.0625669
0.0625185
0.0624707
0.0624244
0.0623763
0.0623298
0.062282
0.0622345
0.0621884
0.0621406
0.0620944
0.0620473
0.0620002
0.0619539
0.0619068
0.0618595
0.0618139
0.061767
0.0617198
0.0616732
0.0616277
0.061581
0.0615342
0.0614874
0.0614422
0.0613961
0.0613496
0.0613034
0.0612582
0.0612123
0.061166
0.0611202
0.0610739
0.0610294
0.0609835
0.0609379
0.060892
0.0608464
0.0608009
0.0607566
0.060711
0.0606656
0.0606207
0.0605748
0.0605298
0.0604846
0.0604398
0.0603945
0.0603495
0.0603061
0.0602626
0.0602256
0.0601886
0.0601518
0.0601151
0.0600787
0.0600423
0.0600057
0.0599692
0.0599328
0.0598967
0.0598599
0.0598238
0.0597875
0.0597516
0.0597156
0.0596801
0.0596412
0.0596055
0.05957
0.059534
0.0594982
0.0594627
0.0594272
0.0593917
0.0593561
0.059321
0.0592832
0.0592476
0.0592123
0.0591776
0.0591424
0.0591072
0.0590699
0.0590349
0.0589999
0.0589656
0.0589306
0.0588934
0.0588589
0.0588245
0.0587901
0.0587556
0.0587188
0.0586842
0.0586502
0.058613
0.0585791
0.0585455
0.0585109
0.0584746
0.0584405
0.058407
0.0583706
0.0583367
0.0583031
0.058267
0.0582333
0.0581999
0.0581639
0.0581304
0.0580971
0.0580616
0.0580285
0.057995
0.0579594
0.0579262
0.057891
0.057858
0.0578248
0.0577894
0.0577567
0.0577219
0.057689
0.057654
0.0576213
0.0575863
0.0575538
0.0575215
0.0574862
0.0574541
0.0574191
0.0573871
0.0573523
0.0573204
0.0572858
0.0572513
0.0572198
0.0571852
0.0571536
0.0571193
0.0570874
0.0570532
0.0570215
0.0569874
0.0569534
0.0569225
0.0568885
0.0568568
0.0568231
0.0567891
0.0567585
0.0567249
0.0566934
0.0566602
0.0566267
0.0565953
0.0565982
0.0565617
0.0565264
0.0564896
0.0564532
0.0564179
0.0563816
0.056345
0.0563101
0.0562738
0.056239
0.0562061
0.0561756
0.0561432
0.0561107
0.0560807
0.056048
0.0560151
0.0559832
0.0559503
0.0559204
0.0558886
0.0558559
0.0558239
0.0557942
0.0557622
0.0557304
0.0556979
0.0556664
0.0556344
0.0556046
0.0555733
0.0555415
0.0555094
0.0554783
0.0554464
0.0554173
0.0553855
0.0553996
0.0553613
0.0553223
0.0552838
0.0552459
0.0552073
0.055169
0.0551383
0.0551068
0.0550757
0.0550445
0.055014
0.0549834
0.0549524
0.0549217
0.0548906
0.0548598
0.0548291
0.0547986
0.0547681
0.0547374
0.0547071
0.0546766
0.0546463
0.054616
0.0545859
0.0545554
0.0545251
0.0544952
0.0544654
0.0544356
0.0544054
0.0543755
0.0543455
0.0543153
0.0542855
0.054256
0.0542265
0.0541942
0.0541648
0.0541347
0.0541051
0.0540757
0.0540466
0.0540171
0.0539874
0.0539584
0.0539266
0.0538976
0.053868
0.0538392
0.0538103
0.0537807
0.0537522
0.0537205
0.0536917
0.0536628
0.0536339
0.053605
0.053574
0.0535451
0.0535164
0.0534881
0.0534593
0.0534285
0.0533997
0.0533717
0.0533429
0.0533123
0.053284
0.053256
0.0532272
0.0531968
0.0531685
0.0531409
0.0531126
0.0530824
0.0530539
0.0530266
0.052996
0.0529677
0.0529406
0.0529127
0.0528823
0.0528551
0.0528271
0.0527977
0.0527699
0.0527421
0.0527119
0.0526849
0.0526575
0.0526276
0.0526004
0.0525708
0.0525433
0.0525161
0.052487
0.0524598
0.0524328
0.052403
0.052376
0.0523472
0.0523201
0.0522906
0.0522636
0.052237
0.0522079
0.0521817
0.0521525
0.0521258
0.0520966
0.0520704
0.0520656
0.0520355
0.0520055
0.0519734
0.0519434
0.0519114
0.0518814
0.0518495
0.0518235
0.0517948
0.0517688
0.0517402
0.0517143
0.0516858
0.0516601
0.0516316
0.0516033
0.0515781
0.0515497
0.0515239
0.051496
0.0514696
0.051442
0.0514164
0.0513883
0.0513605
0.0513353
0.0513074
0.0512816
0.0512539
0.051229
0.0512013
0.0511737
0.0511482
0.0511205
0.0510932
0.0510682
0.0510406
0.0510157
0.0509885
0.0509612
0.050936
0.0509089
0.0508817
0.0508567
0.0508297
0.0508026
0.0507778
0.050751
0.0512019
0.0511694
0.0511361
0.0511023
0.0510706
0.051037
0.0510035
0.0509703
0.0509382
0.0509051
0.0508716
0.0508385
0.0508063
0.050849
0.0508128
0.0507766
0.05074
0.0507032
0.0506665
0.0511324
0.0510961
0.0510599
0.0510229
0.0509865
0.0509504
0.0509143
0.0508777
0.0508412
0.0508049
0.0507692
0.050733
0.0506967
0.0506602
0.0506242
0.0505911
0.0505601
0.0505275
0.0504953
0.0504626
0.0504305
0.0503981
0.0503671
0.0503346
0.050303
0.0502707
0.0502382
0.0502061
0.0501742
0.050142
0.0501114
0.0500794
0.0500479
0.0500157
0.0499841
0.0499517
0.0499201
0.0498884
0.0498571
0.0498252
0.0497935
0.0502537
0.0502235
0.0501919
0.05016
0.0501282
0.0500971
0.0500653
0.050034
0.0500023
0.0499708
0.0499394
0.0499081
0.0498766
0.0498452
0.0498138
0.0497825
0.0497511
0.04972
0.0496889
0.0496578
0.0496267
0.0495957
0.0495646
0.0495335
0.0495027
0.0494719
0.0494406
0.0494099
0.0493785
0.0493479
0.0493172
0.0492865
0.0492563
0.0492241
0.0491933
0.049163
0.0491319
0.0491013
0.0490711
0.0490409
0.0490106
0.0489801
0.0489494
0.0489193
0.0488875
0.0488575
0.0488276
0.0487968
0.0487667
0.048737
0.0487071
0.0486766
0.048647
0.0486156
0.0485852
0.0485557
0.0485259
0.0484962
0.0484661
0.048435
0.0484055
0.0483756
0.0483463
0.0483165
0.0482866
0.048256
0.048226
0.0481967
0.0481677
0.0481379
0.0481075
0.0480776
0.0480484
0.0480192
0.0479899
0.0479594
0.0479303
0.0479013
0.0478716
0.0478414
0.0478122
0.0477833
0.0477547
0.0477257
0.0476955
0.0476662
0.047637
0.0476071
0.0475845
0.0475628
0.0475401
0.0475155
0.047493
0.0474716
0.0474492
0.0474249
0.0474029
0.0473805
0.047356
0.047334
0.0473126
0.0472881
0.047266
0.0472444
0.0472196
0.0471983
0.047177
0.0471552
0.0471306
0.0471094
0.0470844
0.047063
0.0470419
0.0470178
0.0469961
0.0469746
0.046951
0.0469294
0.0469083
0.0468846
0.0468631
0.0468421
0.0468177
0.0467963
0.046773
0.0467522
0.0467309
0.0467072
0.0466864
0.0466624
0.0466419
0.0466205
0.0465968
0.0465759
0.0465529
0.046532
0.0465084
0.0464876
0.0464669
0.0464433
0.0464227
0.0463994
0.0463791
0.0463558
0.0463355
0.046312
0.0462916
0.046268
0.0462477
0.0462275
0.0462042
0.0461841
0.0461607
0.0461409
0.0461176
0.0460975
0.046075
0.0460544
0.0460319
0.0460115
0.0459885
0.0459687
0.0459459
0.045926
0.0459034
0.0458835
0.0458606
0.0458414
0.0458187
0.0457959
0.0457765
0.0457538
0.0457339
0.0457118
0.0456915
0.0456696
0.0456498
0.0456274
0.0456048
0.045586
0.0455635
0.0455441
0.0455218
0.0455025
0.04548
0.045458
0.0454393
0.045417
0.0453973
0.0453753
0.0453532
0.0453346
0.0453126
0.0452932
0.0452712
0.0452497
0.0452305
0.0452086
0.0451899
0.0451684
0.0451465
0.0451273
0.0451055
0.0450841
0.0450655
0.0450437
0.045022
0.0450034
0.044982
0.0449636
0.0449422
0.0449204
0.044902
0.0448807
0.0448592
0.0448409
0.0452641
0.0452424
0.0452211
0.0452027
0.0451809
0.04516
0.0451412
0.0451202
0.045099
0.0450802
0.0450594
0.0450378
0.0450168
0.0449981
0.0449771
0.0449564
0.0449379
0.0449172
0.0448956
0.0453162
0.0452977
0.0452766
0.0452552
0.0452344
0.045216
0.0451952
0.0451739
0.0451531
0.045135
0.0451144
0.0450927
0.0450721
0.0450541
0.0450334
0.0450124
0.0449916
0.044971
0.044953
0.0449328
0.0449117
0.0448912
0.0448737
0.0448526
0.0448322
0.0448115
0.0447912
0.0447705
0.0447529
0.0447325
0.0447118
0.0446914
0.0446715
0.0446536
0.0446332
0.0446134
0.0445926
0.0445724
0.0445527
0.044535
0.0445147
0.0444947
0.0444748
0.0444543
0.0444347
0.0444145
0.0443971
0.044377
0.0443572
0.0443376
0.0443171
0.0442973
0.0442776
0.0442578
0.0442407
0.0442207
0.0442013
0.0441817
0.0441618
0.0441418
0.0441222
0.0441027
0.0440831
0.0440632
0.0440465
0.0440271
0.0440072
0.0439881
0.0439687
0.0439492
0.0439292
0.0439098
0.0438907
0.0438709
0.0438523
0.0438327
0.0438134
0.043794
0.0437778
0.0437585
0.0437394
0.0437201
0.0437006
0.0436822
0.043663
0.0436437
0.0436247
0.0436059
0.0435867
0.0435678
0.0435489
0.0435298
0.0435108
0.0434916
0.0434727
0.0434538
0.043435
0.0434161
0.0433972
0.0433786
0.04336
0.0433412
0.0433226
0.043304
0.0432856
0.0432672
0.0432487
0.0432299
0.043211
0.0431929
0.0431743
0.0431556
0.0431373
0.0431181
0.0431
0.0430817
0.0430632
0.043045
0.0430269
0.0430057
0.0429875
0.0429691
0.042951
0.0429324
0.0429144
0.0428959
0.0428778
0.0428602
0.0428421
0.0428239
0.0428053
0.0427876
0.0427697
0.0427486
0.042731
0.042713
0.0426949
0.042677
0.042659
0.0426418
0.0426236
0.0426054
0.0425879
0.0425668
0.0425498
0.0425323
0.042514
0.0424963
0.0424789
0.0424614
0.0424435
0.042426
0.0424056
0.0423885
0.0423703
0.0423531
0.0423356
0.0423177
0.0423003
0.0422801
0.0422634
0.0422451
0.0422284
0.0422109
0.0421934
0.0421733
0.0421562
0.0421386
0.0421218
0.0421044
0.0420871
0.0420673
0.0420504
0.0420328
0.0420157
0.0419981
0.0419816
0.0419617
0.0419445
0.041928
0.041911
0.0418935
0.0418741
0.0418568
0.0418404
0.0418226
0.0418065
0.041787
0.0417696
0.0417535
0.0417362
0.0417169
0.0416998
0.0416834
0.0416667
0.0416499
0.0416307
0.0416135
0.0415972
0.0415806
0.0415611
0.0415444
0.0415283
0.0415114
0.0414923
0.0414755
0.0414594
0.0414429
0.041424
0.0414069
0.041391
0.0413746
0.0413558
0.0413392
0.0413224
0.0413036
0.0412875
0.0412716
0.0412548
0.041236
0.0412194
0.041203
0.0411847
0.0411682
0.0411527
0.0411363
0.041118
0.0411017
0.0410973
0.0410743
0.0410523
0.041034
0.0410161
0.0409997
0.0409841
0.0409653
0.0409492
0.0409341
0.0409181
0.0408992
0.0408838
0.0408678
0.040849
0.0408337
0.0408179
0.0407992
0.0407834
0.0407649
0.0407491
0.040734
0.0407153
0.0406998
0.0406839
0.0406659
0.0406502
0.040635
0.040617
0.0406013
0.0405857
0.0405674
0.0407924
0.0407699
0.0407483
0.0407272
0.0407051
0.0406839
0.0406624
0.0406398
0.040619
0.0405967
0.0405756
0.0405543
0.040532
0.0405111
0.0404888
0.0404678
0.0404466
0.0404244
0.0404035
0.0403814
0.0403606
0.0403394
0.0403169
0.0402962
0.0402747
0.0402538
0.0402316
0.0402106
0.0401898
0.0401676
0.0401469
0.0401256
0.0401049
0.0404734
0.0404528
0.0404318
0.0404092
0.0403885
0.0403669
0.0403458
0.0403248
0.0403036
0.040282
0.0402613
0.0402393
0.0402189
0.0401983
0.0401759
0.0401556
0.0401337
0.0401133
0.0400915
0.0400711
0.0400494
0.0400288
0.0400074
0.0399873
0.0403529
0.0403318
0.0403104
0.0402898
0.0402683
0.0402477
0.0402262
0.0402057
0.0401842
0.0401636
0.0401422
0.040122
0.0401006
0.04008
0.0400589
0.0400378
0.0400168
0.0399962
0.0399751
0.0399551
0.0399334
0.0399131
0.0398919
0.039872
0.0398504
0.0398291
0.0398096
0.0397882
0.0397682
0.0397468
0.0397267
0.0397056
0.0396855
0.0396643
0.0396445
0.0396233
0.0396022
0.0395828
0.0395616
0.0395418
0.0395205
0.0395008
0.0394796
0.0394602
0.0394394
0.0394186
0.0393986
0.0393782
0.039358
0.0393371
0.0393178
0.0392971
0.0392759
0.0392564
0.0392357
0.0392161
0.0391955
0.0391747
0.0391553
0.0391344
0.0391148
0.0390943
0.0390739
0.0390545
0.0390336
0.0390145
0.0389941
0.0389733
0.0389534
0.0389333
0.0389145
0.0388939
0.0388736
0.0388541
0.0388334
0.0388134
0.0387942
0.0387735
0.0387549
0.0387344
0.0387136
0.0386946
0.0386748
0.0386543
0.038635
0.0386148
0.038595
0.0385762
0.0385555
0.0385354
0.0385167
0.038496
0.0384759
0.0384573
0.0384374
0.0384188
0.0387718
0.0387514
0.0387327
0.0387126
0.0386921
0.0386737
0.0386531
0.039005
0.038985
0.0389662
0.0389457
0.0389258
0.0389073
0.0388865
0.038867
0.0388476
0.0388278
0.038808
0.0387887
0.0387691
0.038749
0.0387304
0.0387103
0.0386901
0.0386706
0.0386515
0.038632
0.0386121
0.0385934
0.0385738
0.0385533
0.0385337
0.038515
0.0384956
0.038476
0.0384572
0.0384374
0.0384175
0.0383981
0.0383793
0.0383601
0.0383403
0.0383207
0.0383021
0.0382829
0.038263
0.0382433
0.0382247
0.0382058
0.0381858
0.038166
0.0381483
0.038129
0.0381092
0.0380895
0.0380713
0.0380526
0.038033
0.0380135
0.0379952
0.0379764
0.0379565
0.0379376
0.0379193
0.0379003
0.0378807
0.0378619
0.0378436
0.0378246
0.0378056
0.037786
0.0377669
0.0377489
0.0377301
0.0377103
0.0376921
0.0376723
0.0376543
0.0376358
0.0376163
0.0375978
0.037579
0.0375604
0.0375419
0.0375226
0.0375041
0.0374847
0.0374669
0.0374483
0.0374291
0.0374103
0.0373916
0.0373738
0.0373554
0.0373366
0.0373173
0.0372989
0.0372815
0.0372623
0.037244
0.0372249
0.0372062
0.0371878
0.0371703
0.0371513
0.037133
0.0371141
0.0370958
0.0370772
0.0374187
0.0373995
0.0373809
0.0373625
0.0373433
0.0373253
0.0373064
0.0376468
0.0376278
0.0376094
0.0375906
0.0375715
0.0375535
0.0375345
0.0375171
0.0374983
0.0374799
0.0374615
0.0374426
0.037424
0.0374057
0.0373872
0.0373698
0.0373512
0.0373329
0.0373148
0.0372956
0.0372774
0.0372593
0.0372407
0.0372235
0.037205
0.0371864
0.0371686
0.0371504
0.0371315
0.0371132
0.0370956
0.0370771
0.0370585
0.0370416
0.0370232
0.0370046
0.0369873
0.0369691
0.0369504
0.0369322
0.0369142
0.0368965
0.0368783
0.0368599
0.0368432
0.0368248
0.0368067
0.0367893
0.0367712
0.0367532
0.0367352
0.0367168
0.0366988
0.0366811
0.0366637
0.0366453
0.0366275
0.0366094
0.0365931
0.036575
0.0365567
0.036539
0.036521
0.0365036
0.0364859
0.0364682
0.0364506
0.0364326
0.0364144
0.0363969
0.036379
0.0363614
0.0363437
0.0363259
0.0363088
0.0362911
0.0362734
0.0362558
0.0362381
0.0362204
0.0362027
0.0361871
0.0361692
0.0361516
0.0361339
0.0361163
0.0360989
0.0360813
0.036064
0.0360465
0.036029
0.0360116
0.0359943
0.0359768
0.0359592
0.0359418
0.0359244
0.0359077
0.0358903
0.0358729
0.0358557
0.0358384
0.0358211
0.0358038
0.0357867
0.0357689
0.0357518
0.0357345
0.0357174
0.0357004
0.0356832
0.0356661
0.0356491
0.0356321
0.0356148
0.0355976
0.0355806
0.0355639
0.0355467
0.0355298
0.0355109
0.0354941
0.0354772
0.0354603
0.0354435
0.0354263
0.0354096
0.0353928
0.0353755
0.0353587
0.0353416
0.0353246
0.0353079
0.035291
0.0352746
0.0352578
0.0352409
0.0352241
0.0352072
0.03519
0.0351735
0.0351567
0.0351402
0.0351235
0.0351052
0.0350888
0.0350719
0.0350556
0.0350389
0.0350219
0.0350053
0.0349885
0.0349725
0.0349559
0.0349388
0.0349221
0.034906
0.0348893
0.0348733
0.0348549
0.0348386
0.0348223
0.0348058
0.0347889
0.0347725
0.0347565
0.03474
0.0347235
0.034707
0.0346908
0.0346727
0.0346568
0.0346404
0.034624
0.0346074
0.0345912
0.0345753
0.0345587
0.0345424
0.0345262
0.0345083
0.0344928
0.0344766
0.0344604
0.0344436
0.0344282
0.0344118
0.034399
0.0343876
0.0343727
0.0343615
0.0343506
0.0343385
0.0343269
0.034316
0.0343042
0.0342926
0.0342816
0.0342669
0.0342559
0.0342437
0.0342326
0.0342213
0.0342095
0.0341982
0.0341837
0.0344202
0.0344043
0.0343878
0.0343723
0.0343562
0.0343399
0.0343226
0.0343072
0.0342912
0.0342749
0.0342595
0.0342431
0.0342276
0.0342102
0.0341948
0.0341783
0.034163
0.0341469
0.0341311
0.0341137
0.0340983
0.0340822
0.034067
0.0340508
0.0340352
0.034018
0.0340026
0.0339866
0.0339715
0.0339555
0.0339395
0.0339227
0.0339077
0.0338914
0.0338762
0.0338601
0.0338449
0.033828
0.0338126
0.0337969
0.033781
0.0337656
0.0337488
0.0337333
0.0337175
0.0337027
0.033687
0.0336701
0.033655
0.0336393
0.0336242
0.0336083
0.0335916
0.0335766
0.0335611
0.0335459
0.0335302
0.0335141
0.0335032
0.0334926
0.033482
0.0334713
0.0334578
0.0334475
0.0334368
0.033426
0.0334154
0.0334018
0.0333908
0.033381
0.03337
0.0333562
0.0333461
0.0333356
0.0333249
0.0333143
0.0333012
0.0332901
0.0332804
0.0332692
0.0332559
0.0332451
0.0332352
0.0332243
0.0332109
0.0332007
0.0331907
0.0331798
0.0331663
0.033156
0.033146
0.0331351
0.0331215
0.0331124
0.0331014
0.0330915
0.0330815
0.0330673
0.0330576
0.0330468
0.0330335
0.0330237
0.0330137
0.033003
0.0329897
0.03298
0.0329697
0.0329595
0.0329463
0.0329359
0.0329262
0.0329159
0.0329028
0.0328922
0.0328823
0.0328728
0.032859
0.0328495
0.0328388
0.0328259
0.0328158
0.0328066
0.0327961
0.0327831
0.032811
0.0327963
0.0327805
0.0327656
0.0327514
0.0327365
0.032721
0.0327061
0.0326913
0.0326757
0.0329796
0.0329651
0.0329506
0.0329347
0.0329204
0.0329053
0.0328897
0.0331928
0.0331782
0.0331624
0.0331477
0.0331331
0.0331186
0.0331027
0.0330881
0.0330734
0.0330577
0.0330432
0.0330282
0.0330126
0.0329977
0.0329832
0.0329676
0.0329528
0.0329385
0.0329224
0.032908
0.0328936
0.032878
0.0328632
0.0328491
0.032833
0.0328186
0.0328041
0.0327904
0.0327746
0.0327602
0.0327459
0.0327302
0.032716
0.0327017
0.0326853
0.0326712
0.0326555
0.0326411
0.0326269
0.0326117
0.0325969
0.0325829
0.0325675
0.0325531
0.0325387
0.0325236
0.032509
0.0324948
0.0324798
0.0324658
0.0324513
0.0324363
0.0324219
0.0324075
0.0323923
0.0323783
0.0323626
0.0323483
0.0323347
0.0323195
0.0323048
0.0322909
0.032276
0.0322618
0.0322477
0.0322326
0.0322183
0.0322033
0.032189
0.0321749
0.0321602
0.0321463
0.0321319
0.0321169
0.0321029
0.0320879
0.0320738
0.0320596
0.0320452
0.0320312
0.0320171
0.0320018
0.0319881
0.0319732
0.0319594
0.0319451
0.0319305
0.0319164
0.0319015
0.0318875
0.0318738
0.0318587
0.0318455
0.0318304
0.0318159
0.0318026
0.0317875
0.0317742
0.0317593
0.0317451
0.0317316
0.0317169
0.0317031
0.0316885
0.0316746
0.0316609
0.0316465
0.0316327
0.031618
0.0316047
0.0315905
0.0315759
0.0315621
0.0315478
0.0315341
0.0315194
0.0315054
0.031492
0.0314778
0.031464
0.0314494
0.031436
0.0314209
0.0314076
0.0313941
0.0313798
0.0313661
0.0313517
0.0313383
0.0313234
0.0313098
0.0312965
0.0312823
0.0312682
0.0312548
0.031241
0.0312262
0.0312133
0.0311997
0.031185
0.0311716
0.0311575
0.0311441
0.0311299
0.0311167
0.0311021
0.0310927
0.0310841
0.0310723
0.031064
0.0310529
0.0310439
0.0310333
0.0310244
0.0310131
0.0310051
0.0309935
0.0309852
0.0309768
0.0309651
0.0309569
0.0309454
0.0309368
0.0309259
0.0309181
0.0309067
0.0308982
0.030887
0.0308792
0.0308675
0.0308596
0.0308477
0.0308397
0.0308317
0.0308199
0.0308121
0.0308004
0.0307924
0.0307811
0.0307731
0.0307623
0.0307537
0.0307428
0.0307342
0.0307242
0.0307156
0.0307048
0.0306962
0.0306854
0.0306771
0.0306662
0.0306585
0.030647
0.0306392
0.0306279
0.03062
0.030609
0.0306011
0.0305899
0.0305821
0.0305709
0.0305631
0.0305519
0.0305442
0.0305328
0.0305252
0.0305141
0.0305065
0.0304951
0.0304875
0.0304765
0.0304686
0.0304575
0.0304495
0.030439
0.0304558
0.0304424
0.0304295
0.0304161
0.0304033
0.030389
0.0303759
0.0303639
0.0303558
0.0303448
0.0303374
0.0306063
0.0305938
0.0305799
0.0305673
0.0305533
0.030539
0.0305274
0.0305133
0.030501
0.0304869
0.0304744
0.0304607
0.0304479
0.0304345
0.0304211
0.030408
0.0303952
0.0303811
0.030369
0.0303549
0.0303431
0.0303295
0.0303156
0.0303032
0.0302893
0.0302767
0.0302636
0.0302502
0.0302373
0.0302245
0.0302108
0.0301987
0.0301853
0.0301716
0.0301594
0.0301457
0.0301331
0.0301195
0.0301071
0.0300933
0.0300813
0.030068
0.0300543
0.0300423
0.0300289
0.0300165
0.0300029
0.0299903
0.0299767
0.0299649
0.0299516
0.0302305
0.0302179
0.0302041
0.0301918
0.0301783
0.0301662
0.0301532
0.0301395
0.030127
0.0301143
0.0301012
0.0300878
0.0300758
0.0300629
0.0300493
0.0300367
0.0300233
0.0300111
0.0299979
0.0299844
0.0299727
0.0299594
0.0299464
0.0299334
0.0299215
0.0299085
0.0298951
0.0298827
0.0298695
0.0298575
0.0298439
0.0298311
0.0298191
0.0298062
0.0297933
0.0297802
0.029767
0.0297554
0.0297423
0.0297298
0.0297166
0.0297033
0.0296919
0.0296788
0.0296662
0.0296533
0.0296401
0.0296286
0.0296157
0.0296029
0.02959
0.0295771
0.0295655
0.0295519
0.0295401
0.0295269
0.0295143
0.0295023
0.0294894
0.0294772
0.0294648
0.0294516
0.0294391
0.0294264
0.0294133
0.0294023
0.0293894
0.029377
0.029364
0.0293515
0.0293397
0.0293265
0.0293149
0.0293022
0.0292895
0.0292773
0.0292643
0.0295378
0.0295259
0.0295127
0.0295013
0.0294886
0.029475
0.0294634
0.0294509
0.0294378
0.0294258
0.029413
0.0294005
0.0293885
0.0293754
0.029364
0.0296364
0.0296229
0.0296111
0.0295988
0.0295861
0.0295736
0.0295607
0.0295485
0.0295359
0.0295233
0.0295111
0.0294991
0.0294862
0.029475
0.0294622
0.0294492
0.0294375
0.0294251
0.0294117
0.0294004
0.029388
0.0293752
0.0293635
0.0293509
0.029338
0.0293263
0.0293139
0.0293011
0.0292892
0.0292767
0.029264
0.0292525
0.0292397
0.0292273
0.0292156
0.0292029
0.0291906
0.029179
0.0291662
0.0291539
0.0291423
0.0291297
0.0291174
0.0291057
0.0290934
0.0290811
0.0290694
0.0293381
0.0293255
0.0293136
0.0293016
0.0292891
0.029277
0.0292649
0.0292521
0.0292407
0.0292283
0.0292156
0.0292026
0.0291916
0.0291789
0.0291668
0.0291556
0.0291427
0.0291304
0.0291188
0.0291064
0.0290942
0.0290828
0.0290706
0.0290576
0.0290467
0.0290344
0.0290214
0.0290093
0.0289982
0.0289855
0.0289735
0.0289618
0.02895
0.0289378
0.028926
0.0289142
0.0289016
0.0288891
0.0288781
0.0288656
0.0288535
0.0288421
0.0288304
0.0288178
0.0288064
0.0287946
0.0287818
0.0287699
0.0287585
0.0287465
0.0287345
0.028723
0.028711
0.0286984
0.0286865
0.028675
0.0289398
0.0289279
0.0289162
0.0289043
0.0288918
0.0288799
0.0288685
0.0288568
0.028844
0.0288333
0.0288209
0.0288085
0.0287966
0.0287855
0.0287737
0.0287614
0.0287492
0.0287378
0.0287262
0.0287144
0.0287029
0.0286907
0.0286785
0.0286665
0.0286553
0.0286437
0.0286313
0.0286196
0.0286084
0.0285967
0.0285844
0.0285723
0.0285609
0.0285496
0.0285374
0.028527
0.0285147
0.0285023
0.0284908
0.0284797
0.0284678
0.0284554
0.0284442
0.0284331
0.028421
0.0284089
0.0283974
0.0283865
0.0283744
0.0283623
0.0283509
0.02834
0.028328
0.028316
0.0283046
0.0282936
0.0282819
0.0282694
0.0282583
0.0282475
0.0282356
0.0282235
0.0282123
0.0281996
0.0281889
0.028178
0.0281655
0.0281541
0.0281431
0.0281318
0.0281194
0.0281084
0.0280973
0.0280859
0.0280737
0.0280624
0.0280517
0.0280402
0.028028
0.0280172
0.0280048
0.0279942
0.0279831
0.0279707
0.0279596
0.0279487
0.0279375
0.0279253
0.027914
0.0279038
0.0278913
0.0278807
0.0278688
0.0278573
0.0278463
0.0278352
0.0278232
0.027812
0.0277998
0.0277895
0.0277784
0.0277664
0.0277552
0.0277448
0.0277333
0.0277219
0.0277101
0.0276988
0.0276883
0.0276772
0.0276649
0.0276543
0.0279105
0.0279002
0.0278893
0.0278772
0.0278659
0.0278537
0.0278437
0.0278327
0.0278207
0.0278095
0.0277995
0.0277873
0.0277764
0.0277643
0.0277535
0.0277435
0.0277314
0.0277204
0.0277086
0.0276975
0.0276855
0.0276755
0.0279314
0.0279194
0.0279084
0.0278965
0.0278864
0.0278752
0.0278631
0.0278518
0.0278409
0.0278303
0.0278191
0.0278078
0.027796
0.0277848
0.0277748
0.0277629
0.0277522
0.0277403
0.0277295
0.0277178
0.0277075
0.0276963
0.0276852
0.027674
0.0276622
0.0276524
0.0276407
0.02763
0.0276182
0.027607
0.0275958
0.0275855
0.0275746
0.0275634
0.0275518
0.0275409
0.0275294
0.0275192
0.0275083
0.0274974
0.0274857
0.0274747
0.0274633
0.0274533
0.0274422
0.0274315
0.0274197
0.0274088
0.0273975
0.0273873
0.0273764
0.0273655
0.0273539
0.0273433
0.0273319
0.0273218
0.0273104
0.0273001
0.0272884
0.0272776
0.0272667
0.0272567
0.0272453
0.0272349
0.0272236
0.027212
0.0272015
0.0271903
0.0271803
0.0271696
0.0271587
0.0271473
0.0271363
0.0271255
0.027116
0.0271047
0.0270936
0.027083
0.0270715
0.0270607
0.0270502
0.0270402
0.0270289
0.0270181
0.0270077
0.0269961
0.0269853
0.0269747
0.026965
0.0269539
0.026943
0.0269322
0.0269211
0.0269104
0.0268996
0.0268884
0.0268788
0.0268676
0.0268578
0.0268463
0.0268353
0.0268251
0.0268142
0.0268043
0.0267935
0.0267829
0.0267721
0.026761
0.0267507
0.02674
0.0269881
0.0269786
0.0269675
0.0269567
0.0269463
0.0269351
0.0269245
0.0269139
0.0269029
0.0268931
0.0268822
0.0268716
0.0268611
0.0268498
0.0268391
0.0268291
0.0268182
0.0268088
0.0267977
0.0267866
0.0267766
0.026766
0.0267547
0.0267444
0.0267338
0.0267228
0.0267134
0.0267028
0.0266923
0.0266815
0.0266711
0.02666
0.0266496
0.0266391
0.0266284
0.026619
0.0266082
0.0265974
0.0265873
0.0265766
0.0265655
0.0265549
0.0265452
0.0265343
0.0265238
0.0265142
0.0265037
0.0264933
0.0264829
0.0264726
0.0264613
0.0264508
0.0264401
0.0264301
0.0264195
0.0264103
0.0263998
0.0263891
0.0263786
0.0263685
0.0263577
0.0263471
0.026337
0.0263267
0.026316
0.0263056
0.0262964
0.026286
0.0262755
0.0262652
0.026255
0.0262445
0.0262337
0.0262232
0.0262128
0.0262029
0.0261925
0.0261816
0.0261728
0.0261626
0.0261517
0.0261416
0.0261318
0.0261213
0.0261108
0.0261001
0.02609
0.0260799
0.0260699
0.0260594
0.0260503
0.0260398
0.0260294
0.0260197
0.026009
0.0259992
0.0259888
0.0259779
0.0262204
0.0262105
0.0262006
0.0261901
0.0261796
0.0261692
0.0261604
0.0261499
0.0261394
0.0261292
0.0261192
0.0261092
0.0263507
0.0263403
0.0263302
0.0263196
0.0263096
0.0262997
0.0262892
0.0262789
0.0262686
0.0262576
0.0262492
0.0262389
0.0262286
0.0262182
0.0262084
0.0261984
0.0261881
0.026178
0.0261672
0.026157
0.0261469
0.0261368
0.0261264
0.026117
0.0261064
0.0260964
0.0260861
0.0260755
0.0260668
0.0260569
0.0260465
0.0260363
0.026026
0.0260165
0.0260067
0.0259966
0.0259862
0.0259762
0.0259656
0.0259557
0.0259454
0.0259354
0.0259258
0.0259153
0.0259061
0.0258957
0.0258853
0.0258756
0.0258654
0.0258551
0.0258467
0.0258366
0.0258265
0.0258167
0.0258064
0.0257961
0.0257861
0.0257766
0.0257666
0.025757
0.0257471
0.0257369
0.0257272
0.0257171
0.0257066
0.0256966
0.0256869
0.0256767
0.0256668
0.0256577
0.0256474
0.0256373
0.0256281
0.0256182
0.0256081
0.025598
0.025588
0.0255783
0.0255684
0.0255585
0.0255486
0.0255386
0.0255294
0.0255203
0.0255105
0.0255006
0.0254908
0.0254807
0.025471
0.0254614
0.0254516
0.0254416
0.0254318
0.0254217
0.0254122
0.0254021
0.0253932
0.0253834
0.0253736
0.0253637
0.0253538
0.0253446
0.0253347
0.0253251
0.0253151
0.0253058
0.025296
0.0252862
0.0252764
0.0252668
0.025257
0.0252471
0.0252378
0.0252281
0.0252185
0.0252088
0.0251991
0.0251894
0.0251798
0.02517
0.0251605
0.0251507
0.0251411
0.0251315
0.0251218
0.0251122
0.0251025
0.0250929
0.0250833
0.0250738
0.0250642
0.0250548
0.0250451
0.0250356
0.0250261
0.0250165
0.0250071
0.0249975
0.0249879
0.0249785
0.024969
0.0249594
0.0249498
0.0249401
0.0249307
0.0249212
0.0249118
0.0251453
0.0251359
0.0251264
0.0251164
0.0251071
0.0250975
0.025088
0.0250782
0.0250688
0.0250593
0.0250499
0.0250404
0.0250311
0.025021
0.0250113
0.0250022
0.0249926
0.0249834
0.0249742
0.0249645
0.0249548
0.0249454
0.0249359
0.0249267
0.0249174
0.0249082
0.0248969
0.0248877
0.0248784
0.0248693
0.0248598
0.0248501
0.0248405
0.0248315
0.0248224
0.0248129
0.0248031
0.0247937
0.0247846
0.024775
0.0247657
0.0247562
0.0247471
0.0247375
0.0247283
0.0247195
0.0247104
0.0247008
0.0246916
0.0246823
0.0246726
0.0246636
0.0246544
0.0246444
0.0246353
0.0246264
0.0246168
0.0246077
0.0245985
0.0245897
0.0245787
0.0245695
0.0245605
0.024551
0.024542
0.024533
0.0245231
0.0245141
0.0245047
0.0244954
0.0244865
0.0244771
0.0244685
0.0244592
0.0244502
0.0244409
0.0244316
0.0244228
0.024413
0.0244041
0.0243947
0.0243859
0.0243769
0.0243662
0.0243571
0.0243484
0.024339
0.02433
0.0243205
0.0243117
0.0243019
0.0242934
0.024284
0.0242755
0.0242664
0.0242574
0.0242479
0.0242395
0.0242297
0.0242209
0.0242117
0.0242028
0.0241925
0.0241836
0.0241745
0.0241656
0.0241561
0.0241474
0.024138
0.0241293
0.0241203
0.0241114
0.0243393
0.0243298
0.0243212
0.0243116
0.0243028
0.0242938
0.0242854
0.0242745
0.0242654
0.0242568
0.0242471
0.0242386
0.0242293
0.0242202
0.0242119
0.024203
0.0244295
0.0244204
0.024411
0.0244023
0.0243932
0.0243825
0.0243741
0.0243649
0.024356
0.0243468
0.0243379
0.0243291
0.0243203
0.0243113
0.0243026
0.0242935
0.024284
0.024275
0.0242665
0.0242561
0.0242475
0.0242388
0.0242293
0.0242202
0.0244458
0.0244372
0.0244282
0.0244189
0.0244097
0.0244011
0.0243922
0.0243839
0.0243733
0.0243642
0.0243556
0.0243466
0.0243374
0.0243285
0.0243199
0.0243113
0.0243014
0.0242928
0.0242842
0.0242738
0.0242655
0.0242566
0.0242473
0.0242384
0.0242293
0.0242215
0.0242123
0.0242035
0.0241941
0.0241854
0.0241773
0.024167
0.0241582
0.0243814
0.0243724
0.0243636
0.0243554
0.0243466
0.0243378
0.0243284
0.0243198
0.0243096
0.0245328
0.0245242
0.0245152
0.024506
0.0244977
0.024489
0.02448
0.0244706
0.024462
0.0244519
0.0244434
0.0244347
0.0244256
0.0244166
0.0244083
0.0243995
0.0243905
0.0243812
0.0243727
0.0243628
0.0243542
0.0243447
0.0243361
0.0243272
0.024319
0.02431
0.0243012
0.0242922
0.024282
0.0242743
0.0242655
0.0242566
0.0242477
0.0242394
0.0242306
0.0242214
0.0242127
0.0242045
0.0241945
0.0241858
0.024177
0.0241679
0.0241596
0.0241507
0.0241418
0.0241333
0.0241235
0.0241148
0.0241057
0.0240974
0.0240888
0.0240806
0.0240719
0.0240631
0.0240545
0.0240446
0.0240366
0.0240273
0.0242476
0.0242391
0.0242303
0.0242214
0.024213
0.0242034
0.024195
0.0241858
0.0241771
0.0241692
0.0241605
0.0241513
0.0241427
0.0241333
0.0241247
0.0241157
0.0241072
0.0240992
0.0240901
0.0240811
0.0240729
0.0240632
0.024055
0.0240462
0.0240373
0.0240292
0.0240207
0.0240117
0.0240036
0.0239939
0.0239854
0.0239763
0.0239683
0.0239597
0.0239508
0.0239424
0.0239329
0.0239246
0.0239158
0.0239071
0.0238991
0.0238906
0.0238819
0.0241005
0.0240905
0.0240816
0.0240731
0.0240654
0.0240564
0.0240476
0.0240394
0.02403
0.0240206
0.0240124
0.0240047
0.0239957
0.0239871
0.0239788
0.0239695
0.0239614
0.023952
0.0239443
0.0239355
0.0239267
0.0239187
0.0239093
0.0239
0.0238917
0.0238838
0.0238755
0.0238667
0.0238568
0.0238491
0.0238405
0.0238318
0.023824
0.0238147
0.0238068
0.0237975
0.0237893
0.0237803
0.0237725
0.0237642
0.0237554
0.0237473
0.0237381
0.0237291
0.0237209
0.023713
0.0237048
0.0236958
0.0236865
0.0236786
0.0236697
0.023662
0.0236534
0.0236448
0.0236373
0.0236275
0.0236189
0.0236104
0.0236027
0.0235939
0.0235857
0.0235768
0.0235677
0.0237836
0.0237755
0.0237665
0.0237585
0.0237494
0.0239636
0.0239555
0.0239477
0.0239395
0.0239307
0.0239214
0.0239135
0.0239044
0.0238966
0.0238885
0.0238798
0.0238705
0.0238626
0.0238534
0.0238458
0.0238378
0.0238288
0.0240421
0.0240333
0.0240253
0.0240176
0.0240084
0.0240004
0.0239913
0.0239826
0.0239741
0.0239665
0.0239577
0.0239499
0.0239404
0.023932
0.0239239
0.0239155
0.0239069
0.0238978
0.02389
0.0238809
0.0238733
0.0238653
0.0238565
0.0238475
0.0238387
0.0238305
0.023823
0.0238143
0.0238066
0.0237973
0.0237885
0.0237809
0.0237726
0.0237641
0.0237551
0.0237464
0.0237384
0.0237306
0.0237221
0.0237145
0.0237049
0.0236965
0.0236886
0.0236807
0.023672
0.0236631
0.0236545
0.0236463
0.0236387
0.0236303
0.0236213
0.0236135
0.0236048
0.0235974
0.0235884
0.023581
0.0235718
0.0235631
0.0235553
0.0235467
0.0235392
0.0235301
0.0235218
0.0235141
0.023506
0.0234976
0.0234887
0.0234802
0.0234722
0.0234644
0.0234561
0.0234475
0.023439
0.0234309
0.0234235
0.0234151
0.023406
0.0233976
0.0233898
0.023382
0.0233739
0.0233651
0.0233574
0.0233489
0.0233412
0.0233329
0.0233241
0.0233167
0.0233077
0.0233001
0.0232919
0.0232831
0.0232746
0.0232667
0.0232592
0.0232512
0.0234601
0.0234516
0.0234438
0.0234361
0.0234278
0.0234193
0.0234109
0.0234033
0.0233956
0.0233871
0.0233782
0.0233701
0.0233625
0.0233539
0.0233465
0.0233379
0.023329
0.023322
0.0233133
0.0233046
0.0232973
0.0232887
0.0232812
0.0232731
0.0232644
0.0232558
0.0232485
0.0232409
0.0232325
0.0232241
0.0232157
0.0232081
0.0231996
0.0231908
0.0231838
0.0231753
0.0231677
0.0231596
0.0231511
0.0231428
0.0231355
0.0231278
0.0231194
0.0231109
0.0231025
0.0230955
0.023087
0.0230785
0.0230702
0.0230627
0.0230554
0.023047
0.0230386
0.02303
0.0230232
0.0230145
0.0230061
0.022998
0.0229908
0.022983
0.0229749
0.0229666
0.022958
0.0229511
0.0229428
0.0229345
0.0229264
0.0229192
0.0229106
0.0229036
0.0228948
0.023101
0.0230934
0.0230855
0.023077
0.0230691
0.0230618
0.0230533
0.023045
0.0230367
0.0230296
0.0230222
0.0230141
0.0230057
0.0229974
0.0229899
0.0229817
0.0229737
0.0229648
0.0229585
0.02295
0.0229418
0.0229336
0.0229264
0.022918
0.0229096
0.0229017
0.0228942
0.0228871
0.0228789
0.0228709
0.0228625
0.0228552
0.0228471
0.0228388
0.0230435
0.0230364
0.0230281
0.0230204
0.0230122
0.0230049
0.0229968
0.0229887
0.0229805
0.0229731
0.0229649
0.0229566
0.0229484
0.0229416
0.0229333
0.0229251
0.0229169
0.02291
0.0229017
0.0228934
0.0228853
0.0228783
0.0228714
0.0228632
0.0228549
0.0228466
0.0228396
0.0228319
0.0228234
0.0228152
0.0228083
0.0228004
0.0227921
0.0227839
0.022777
0.0227691
0.0227609
0.0227525
0.0227458
0.0227379
0.0227297
0.0227215
0.0227147
0.022707
0.0226973
0.0226907
0.0226825
0.0226744
0.0226665
0.0226597
0.0226516
0.0226436
0.0226356
0.0226288
0.0226206
0.0226126
0.0226048
0.0225977
0.0225897
0.0225818
0.0225739
0.0225671
0.022559
0.0225504
0.0225426
0.0225358
0.0225279
0.0225199
0.0225121
0.022505
0.0224974
0.0224893
0.0224813
0.0224747
0.0224671
0.0224578
0.0224512
0.0224432
0.0224351
0.0224274
0.0224205
0.0224127
0.0224048
0.0223963
0.0223897
0.0223818
0.0223742
0.0223664
0.0223594
0.0223517
0.022344
0.0223362
0.0223282
0.0223203
0.0223127
0.0223057
0.0222981
0.0222899
0.0222821
0.0222751
0.0222676
0.0222599
0.0222518
0.0222442
0.0222365
0.022229
0.0222221
0.0222144
0.0222067
0.0221985
0.0221918
0.0221842
0.0221763
0.0221686
0.0221609
0.0221534
0.0221459
0.0221388
0.0221314
0.0221233
0.0221155
0.0221088
0.0221013
0.0220923
0.0220862
0.0220781
0.0220706
0.022063
0.0220559
0.0220482
0.0220408
0.0220329
0.0220253
0.022018
0.0220105
0.0220038
0.0219957
0.0219882
0.0219803
0.0219739
0.0219651
0.0219578
0.0219511
0.0219435
0.0219356
0.0219281
0.0219215
0.0219126
0.0219055
0.0218989
0.0218912
0.0218837
0.0218759
0.0218694
0.0218605
0.0218533
0.0218468
0.0218393
0.0218315
0.0218239
0.0218175
0.0218088
0.0218016
0.021795
0.021787
0.0217797
0.0217718
0.0217645
0.021757
0.0217498
0.0217429
0.0217355
0.0217281
0.0217208
0.0217129
0.0217057
0.0216979
0.0216913
0.0216842
0.0216757
0.0216693
0.0216619
0.021654
0.0216466
0.0216407
0.0216321
0.0216246
0.0216177
0.0216105
0.021603
0.021596
0.0215882
0.0215805
0.0215731
0.0215668
0.0215583
0.0215513
0.0215451
0.0215371
0.0215298
0.0215228
0.0215151
0.0215079
0.0215001
0.021494
0.0214856
0.0216824
0.0216756
0.0216683
0.0216609
0.021654
0.0216464
0.0216388
0.0216314
0.0216237
0.0216165
0.0216093
0.0216023
0.0215955
0.0215871
0.0215807
0.0215732
0.021566
0.0215588
0.0215513
0.021544
0.0215364
0.0215303
0.021522
0.0215149
0.0215079
0.0215009
0.0214927
0.0214863
0.0214787
0.0214717
0.0214647
0.0214571
0.0214499
0.0214425
0.0214352
0.021428
0.0214203
0.021414
0.0214058
0.0213991
0.0213924
0.0213853
0.0213772
0.0213711
0.0213636
0.0213563
0.0213493
0.021342
0.0213345
0.021327
0.0215221
0.0215149
0.0215075
0.0215012
0.0214928
0.0214859
0.0214792
0.0214707
0.0216659
0.0216591
0.0216519
0.0216438
0.021638
0.0216302
0.021623
0.0216157
0.0216083
0.0216013
0.0215942
0.0215869
0.0215794
0.0215721
0.0215651
0.0215576
0.0215507
0.0215435
0.0215363
0.0215288
0.0215227
0.0215144
0.0215071
0.0215009
0.0214931
0.0214859
0.0214792
0.0214711
0.0214645
0.0214577
0.0214514
0.0214431
0.0214365
0.0214294
0.0214216
0.0214151
0.021408
0.0214001
0.021394
0.0213867
0.0213786
0.0213726
0.0213652
0.0213571
0.0213513
0.0213437
0.0213358
0.0213298
0.0213224
0.0213157
0.0213087
0.021301
0.0212942
0.0212873
0.0212799
0.021273
0.021266
0.0212586
0.0212519
0.0212448
0.0212374
0.0212307
0.0212237
0.0212164
0.0212098
0.0212025
0.0211953
0.0211872
0.0211816
0.0211743
0.0211663
0.0211604
0.0211532
0.0211453
0.0211396
0.0211321
0.0211243
0.021118
0.0211111
0.0211034
0.021097
0.0210905
0.0210825
0.021076
0.0210682
0.0210614
0.0210551
0.0210475
0.02104
0.0210342
0.0210265
0.0210193
0.0210137
0.0210058
0.0209987
0.0209917
0.0209852
0.0209776
0.020971
0.020964
0.0209572
0.0209504
0.0209433
0.0209368
0.0209293
0.0209227
0.020916
0.0209088
0.0209012
0.0208955
0.020888
0.0208806
0.0208743
0.0208663
0.0208598
0.0208536
0.0208459
0.020839
0.0208319
0.0208256
0.0208184
0.0208117
0.0208048
0.0207983
0.0207912
0.0207846
0.0207776
0.0207707
0.020763
0.0207575
0.0207502
0.020743
0.0207361
0.0207288
0.0207217
0.020716
0.0207087
0.0207017
0.0206949
0.0206879
0.0206816
0.0206747
0.0206679
0.0206612
0.0206543
0.0206468
0.020641
0.0206345
0.0206262
0.0206204
0.0206128
0.020606
0.0205994
0.0205926
0.0205861
0.0205793
0.0205724
0.020566
0.0205592
0.0205515
0.0205456
0.0205377
0.0205308
0.0205253
0.0205178
0.0205107
0.0205043
0.0204979
0.0204911
0.0204843
0.0204768
0.020471
0.0204626
0.0204567
0.0204508
0.0204433
0.0204365
0.0204299
0.0204235
0.020417
0.0204101
0.0204027
0.0203968
0.0203888
0.0203822
0.0203769
0.0203693
0.0203624
0.0203561
0.0203494
0.0203431
0.0203365
0.0203291
0.0203227
0.0203153
0.0203087
0.0203023
0.0202955
0.0202895
0.0202826
0.0202753
0.0202693
0.0202614
0.020255
0.0202485
0.0202425
0.0202354
0.0202291
0.0202228
0.0202162
0.0202098
0.0202019
0.020196
0.0201888
0.020182
0.0201759
0.0201693
0.020163
0.0201563
0.0201487
0.020143
0.0201357
0.0201288
0.0201228
0.0201163
0.0201101
0.0201032
0.0200958
0.02009
0.0200828
0.0200761
0.0200698
0.0200636
0.0200573
0.0200509
0.0200431
0.0200363
0.0200301
0.0200239
0.020017
0.0200099
0.0200045
0.0199968
0.0199901
0.0199841
0.0199777
0.0199712
0.0199648
0.0199576
0.0199516
0.0199445
0.0199378
0.0199318
0.0199252
0.0199192
0.0199128
0.0199054
0.0198985
0.0198924
0.0198863
0.0198793
0.0198723
0.0198665
0.0198595
0.0198529
0.0198466
0.0198405
0.0198343
0.0198281
0.0198201
0.0198139
0.0198076
0.0198014
0.0197951
0.019788
0.0197822
0.019775
0.0197684
0.0197624
0.0197552
0.0197496
0.0197424
0.0197358
0.0197296
0.0197235
0.0197175
0.0197112
0.0197032
0.0196983
0.0196926
0.0196881
0.0196837
0.0196764
0.019673
0.0196666
0.019662
0.0196573
0.0196506
0.0196466
0.0196404
0.0198097
0.0198039
0.0197967
0.0197914
0.019784
0.0197776
0.0197716
0.0197654
0.0197589
0.0197516
0.0197452
0.019739
0.0197331
0.019727
0.019719
0.0197129
0.0197068
0.0197008
0.0196947
0.0196866
0.0196806
0.0196749
0.0196688
0.0196628
0.019657
0.0196488
0.0196428
0.0196367
0.0196308
0.0196249
0.0196168
0.019611
0.0196049
0.0195986
0.0195904
0.0195847
0.0195788
0.0195727
0.0195669
0.019559
0.0195531
0.0195467
0.019541
0.0195345
0.0195276
0.0195212
0.0195154
0.0195093
0.0195029
0.019684
0.0196778
0.0196719
0.0196649
0.019659
0.0196525
0.0196459
0.01964
0.0196331
0.0196276
0.0196208
0.0196148
0.0196085
0.019601
0.0195959
0.0195889
0.0195831
0.0195769
0.0195693
0.0195636
0.0195575
0.0195516
0.019544
0.0195378
0.019532
0.0195264
0.0195199
0.0195128
0.0195063
0.0195004
0.0194938
0.0194881
0.0194817
0.0194756
0.0194693
0.0194623
0.019456
0.0194503
0.019444
0.0194366
0.0194308
0.0194247
0.0194179
0.0194123
0.019406
0.0193997
0.0193935
0.0193872
0.0193815
0.0193745
0.0193688
0.0193629
0.0193552
0.0193493
0.0193437
0.0193377
0.0193306
0.0193244
0.0193184
0.019312
0.0193065
0.0192998
0.0192938
0.0192861
0.0192804
0.0192745
0.0192679
0.0192624
0.0192559
0.0192502
0.0192439
0.0192369
0.019231
0.0192249
0.0192193
0.0192119
0.0192057
0.0192001
0.0191935
0.0191881
0.0191815
0.0191758
0.0191678
0.0191624
0.0191566
0.0191501
0.0191445
0.0191381
0.0191323
0.0191264
0.0191191
0.0191131
0.0191076
0.0191022
0.0190956
0.0190918
0.0190876
0.0190808
0.0190768
0.0190716
0.0190675
0.019061
0.019057
0.0190527
0.0190463
0.0190421
0.0190368
0.0190327
0.0191932
0.0191872
0.0191813
0.0191746
0.0191687
0.0191627
0.0191568
0.0191501
0.0191443
0.0191382
0.0191314
0.0191256
0.0191199
0.019114
0.0191074
0.0191016
0.0190955
0.0190885
0.0190825
0.0190773
0.0190707
0.0190644
0.0190586
0.0190529
0.0190456
0.0190399
0.0190334
0.0190282
0.0190218
0.019016
0.0190088
0.0190032
0.0189974
0.0189909
0.0189847
0.0189793
0.0189733
0.0189666
0.018961
0.0189549
0.018948
0.0191253
0.0191188
0.0191138
0.0191073
0.0191017
0.019094
0.0190887
0.019083
0.0190768
0.0190703
0.019065
0.0190591
0.0190523
0.0190467
0.0190408
0.0190337
0.0190279
0.0190218
0.0190166
0.0190102
0.0190045
0.0189974
0.0189916
0.018986
0.0189795
0.0189734
0.0189681
0.0189619
0.0189554
0.01895
0.0189427
0.0189371
0.0189316
0.018925
0.0189193
0.0189137
0.0189075
0.0189013
0.0188956
0.0188885
0.0188828
0.0188774
0.0188708
0.018865
0.0188596
0.0188534
0.018847
0.0188416
0.0188346
0.0188286
0.0188232
0.0188166
0.0188109
0.0188046
0.0187994
0.0187933
0.0187877
0.0187808
0.0187753
0.0187697
0.0187626
0.0187573
0.018751
0.0187457
0.0187396
0.0187339
0.0187274
0.0187217
0.0187144
0.0187094
0.0187039
0.0186974
0.0186914
0.0186851
0.0186801
0.018674
0.0186684
0.0186616
0.0186564
0.0186505
0.0186438
0.0186383
0.0186325
0.0186264
0.0186209
0.0186149
0.0186086
0.0186032
0.0185965
0.018591
0.0185853
0.0185785
0.0185731
0.0185674
0.0185614
0.018556
0.0185499
0.0185438
0.0185384
0.018532
0.0185288
0.0185248
0.0185183
0.0185145
0.0185087
0.0185047
0.0184991
0.018496
0.0184904
0.0184866
0.0184806
0.0184768
0.0184705
0.0184667
0.0184631
0.0184568
0.0184535
0.0184478
0.0184439
0.0184392
0.0184346
0.0184293
0.0184255
0.0184192
0.0184157
0.0184093
0.0184056
0.0184021
0.0183957
0.0183926
0.0185658
0.0185617
0.0185557
0.0185528
0.0185474
0.0185433
0.0185373
0.0185339
0.0185276
0.018524
0.0185203
0.018514
0.0185103
0.0185046
0.0185004
0.018495
0.0184907
0.0184864
0.0184822
0.0184768
0.0184732
0.0184669
0.0184636
0.0184572
0.0184535
0.01845
0.0184438
0.0184402
0.0184343
0.0184306
0.0185322
0.0185261
0.018521
0.0185151
0.0185093
0.0185036
0.0184973
0.018492
0.0184855
0.0184804
0.0184752
0.0184678
0.0184627
0.0184562
0.0184509
0.0184446
0.0184391
0.0184331
0.0184274
0.0184223
0.0184165
0.0184104
0.0184052
0.0183986
0.0183935
0.0183871
0.0183818
0.0183752
0.0183697
0.0183646
0.0183581
0.0183527
0.0183464
0.0183412
0.0183347
0.0183294
0.0183235
0.0184945
0.0184896
0.0184839
0.0184777
0.0184718
0.0184662
0.0184607
0.0184544
0.0184491
0.0184427
0.0184376
0.0186071
0.0186018
0.0185967
0.0185902
0.0185848
0.0185782
0.0185732
0.0185671
0.0185616
0.0185556
0.01855
0.0185437
0.018538
0.0185331
0.0185273
0.0185215
0.0185156
0.0185097
0.0185042
0.0184981
0.0184931
0.0184866
0.0184814
0.0184749
0.01847
0.018463
0.0184577
0.0184525
0.018446
0.0184409
0.0184345
0.0184295
0.0184232
0.0184181
0.0184116
0.0184065
0.0184005
0.0183947
0.018389
0.0183832
0.0183772
0.0183728
0.0183668
0.0183612
0.0183551
0.0183494
0.0183439
0.0183385
0.0183322
0.0183269
0.0183207
0.0183156
0.0183091
0.0183042
0.0182977
0.0182927
0.0182863
0.0182814
0.0182747
0.01827
0.0182648
0.018258
0.0182532
0.0182466
0.0182417
0.0182352
0.0182303
0.0182238
0.018219
0.0182126
0.0182075
0.0182012
0.0181963
0.0181902
0.0181848
0.0181785
0.0181734
0.0181677
0.0181621
0.0181564
0.0181508
0.018145
0.0181395
0.0181335
0.0181281
0.0181223
0.0181168
0.0181122
0.0181066
0.0181009
0.0180953
0.0180895
0.018084
0.0180781
0.0180727
0.0180669
0.0180613
0.0180557
0.0180502
0.0180446
0.0180389
0.0180335
0.0180275
0.0180219
0.0180171
0.0180109
0.0180056
0.0179996
0.0179946
0.0179883
0.0179833
0.0179771
0.0179722
0.0179659
0.0179611
0.0179548
0.0179499
0.0179435
0.0179391
0.0179328
0.0179279
0.0179216
0.0179167
0.0179105
0.0179056
0.0178995
0.0178946
0.0178884
0.0178834
0.0178774
0.0178725
0.0178661
0.0178615
0.0178552
0.0178505
0.0178438
0.0178391
0.0178329
0.0178279
0.0178218
0.0178168
0.0178109
0.0178059
0.0178
0.0177948
0.0177891
0.0177841
0.017778
0.0177732
0.0177671
0.0177615
0.0177562
0.0177506
0.017745
0.0177395
0.0177342
0.0177287
0.0177231
0.017718
0.0177124
0.0177071
0.0177014
0.017696
0.0176907
0.0176852
0.0176786
0.0176733
0.0176679
0.0176625
0.017657
0.0176519
0.0176462
0.0176408
0.0176356
0.0176299
0.0176245
0.0176191
0.0176131
0.0176084
0.0176025
0.0175976
0.0175914
0.0175868
0.0175803
0.0175757
0.0175698
0.017565
0.017559
0.0175544
0.0175483
0.0175436
0.0175374
0.0175331
0.0175272
0.017521
0.0175164
0.0175102
0.0175055
0.0174994
0.0174953
0.0174896
0.0174867
0.0174812
0.0174781
0.0174727
0.0174699
0.0174645
0.0174608
0.0174559
0.0174524
0.0176055
0.0176004
0.0175937
0.0175887
0.0175831
0.0175781
0.0175726
0.0175671
0.0175613
0.0175567
0.0175504
0.0175459
0.0175399
0.017535
0.0175291
0.0175245
0.0175184
0.0175143
0.0175083
0.0175022
0.0174977
0.0174918
0.0174872
0.0174809
0.0174764
0.0174703
0.0174655
0.0174599
0.0174545
0.0174491
0.0174442
0.0174389
0.0174326
0.0174272
0.0174219
0.0174168
0.0174115
0.0174057
0.0174009
0.0173949
0.0173902
0.0173844
0.0173799
0.0173739
0.0173681
0.0173638
0.0173578
0.0173534
0.0173471
0.0173427
0.0173365
0.0173322
0.0173264
0.0173211
0.0173157
0.0173096
0.0173044
0.0172993
0.0172942
0.017289
0.0172835
0.0172784
0.0172725
0.0172679
0.0172622
0.017258
0.0172521
0.0172462
0.0172417
0.0172358
0.0172313
0.0172254
0.0172203
0.0172148
0.0172101
0.0172037
0.0171988
0.0171935
0.0171884
0.0171829
0.0171779
0.0171722
0.0171678
0.0171616
0.0171579
0.0171521
0.0171461
0.0171416
0.0171357
0.0171309
0.0171254
0.0171202
0.0171152
0.017109
0.017104
0.0170987
0.0170932
0.0170889
0.0170825
0.0170786
0.0170724
0.0170685
0.0170629
0.0170566
0.0170524
0.0170467
0.0170419
0.0170364
0.0170313
0.0170262
0.0170203
0.0170153
0.0170103
0.0170046
0.0170001
0.0169942
0.0169899
0.0169842
0.0171453
0.017141
0.0171352
0.0171305
0.017125
0.0171198
0.0171146
0.0171089
0.017104
0.0170987
0.0170933
0.0170886
0.0170828
0.0170784
0.017073
0.017067
0.0170626
0.0170569
0.0170525
0.017047
0.0170419
0.0170359
0.0170307
0.0170253
0.0170206
0.0170151
0.0170122
0.0170068
0.017002
0.0169994
0.0169941
0.0169913
0.0169865
0.0169831
0.0169774
0.0169746
0.01697
0.0169668
0.0169613
0.0169589
0.0171191
0.0171142
0.0171118
0.0171065
0.0171039
0.0170988
0.0170956
0.01709
0.0170867
0.0170815
0.0170791
0.0170736
0.0170713
0.0170663
0.0170611
0.0170587
0.017053
0.0170501
0.0170455
0.0170413
0.017037
0.0171603
0.0171545
0.01715
0.0171441
0.0171388
0.0171346
0.0171291
0.0171244
0.0171189
0.017114
0.017108
0.017103
0.0170978
0.0170932
0.0170874
0.0170815
0.0170776
0.017072
0.0170674
0.0170621
0.0170572
0.0170513
0.0170464
0.0170411
0.0170364
0.0170308
0.017025
0.0170211
0.0170155
0.0170109
0.0170057
0.0170008
0.0169948
0.0171542
0.0171485
0.0171442
0.0171383
0.0171332
0.0171291
0.0171236
0.0171183
0.0171133
0.0171077
0.0171027
0.0170981
0.0170921
0.017088
0.0170825
0.017077
0.0170725
0.0170669
0.0170621
0.0170563
0.0170516
0.0170462
0.0170417
0.0170359
0.0170305
0.0170264
0.0170209
0.0170159
0.0170109
0.0170056
0.0170004
0.0169951
0.0169898
0.0169858
0.0169805
0.0169745
0.0169702
0.016965
0.0169604
0.0169542
0.0169498
0.0169439
0.0169399
0.0169345
0.0169289
0.0169247
0.0169193
0.0169143
0.0169084
0.0169039
0.0168985
0.0168941
0.0168888
0.0168833
0.0168791
0.0168735
0.0168688
0.0168629
0.0168583
0.0168529
0.0168487
0.0168434
0.0168378
0.0168337
0.0168282
0.0168233
0.0168175
0.016813
0.0168073
0.0168032
0.0167981
0.0167924
0.0167881
0.0167827
0.0167784
0.0167724
0.016768
0.0167622
0.0167582
0.0169153
0.0169095
0.0169051
0.0168996
0.0168943
0.0168889
0.0168845
0.016879
0.0168738
0.0168698
0.0168639
0.0168594
0.0168537
0.0168492
0.0168434
0.0168394
0.0168343
0.0168287
0.0168242
0.0168191
0.0168133
0.016809
0.0168045
0.0167987
0.0167949
0.0167894
0.0167842
0.0167792
0.0167747
0.0167689
0.0167633
0.0167594
0.0167542
0.0167486
0.0167443
0.0167391
0.0167336
0.0167289
0.0167241
0.0167187
0.0167134
0.0167097
0.0167037
0.0166994
0.0166938
0.0166894
0.0166836
0.0166799
0.0166746
0.0166692
0.0166646
0.0166597
0.0166543
0.0166491
0.0166449
0.0166396
0.0166342
0.0166298
0.0166247
0.0166196
0.0166142
0.01661
0.0166045
0.0167601
0.0169163
0.0169109
0.0169066
0.0169008
0.0168959
0.0168908
0.0168855
0.0168814
0.0168757
0.0168714
0.0168656
0.0168616
0.0168556
0.0170105
0.0170068
0.0170009
0.0169966
0.0169909
0.0169866
0.0169808
0.0169771
0.0169718
0.0169658
0.0169615
0.0169559
0.0169516
0.0169459
0.0169422
0.016937
0.016931
0.0169268
0.0169212
0.0169169
0.0169111
0.0169055
0.0169021
0.0168963
0.0168921
0.0168862
0.0168823
0.0168763
0.0168713
0.0168672
0.0168619
0.0168574
0.0168519
0.0168471
0.0168418
0.0168368
0.0168328
0.0168273
0.0168219
0.0168173
0.0168127
0.0168072
0.0168023
0.0167982
0.0167929
0.0167878
0.0167827
0.0167784
0.0167734
0.0167676
0.016764
0.0167589
0.0167534
0.016748
0.016744
0.0167389
0.0167334
0.0167293
0.0167236
0.0167195
0.0167136
0.0167087
0.0167049
0.0166995
0.0166938
0.0166895
0.0166849
0.0166795
0.0166746
0.0166705
0.0166653
0.0166603
0.0166548
0.0166509
0.016646
0.016641
0.0166361
0.0166306
0.0166264
0.0166206
0.0166159
0.0166119
0.0166067
0.0166015
0.0165964
0.0165941
0.0165895
0.0165846
0.016582
0.0165766
0.0165744
0.0165693
0.0165645
0.0165628
0.0165582
0.0165559
0.0165505
0.016548
0.0167007
0.0166963
0.0166942
0.0166898
0.0166859
0.0166811
0.0166794
0.0166747
0.0166696
0.0166675
0.0166613
0.0166593
0.016655
0.0166501
0.0166473
0.0166422
0.0166401
0.016635
0.0166305
0.0166286
0.0166239
0.0166202
0.0166156
0.0166136
0.0166093
0.0166045
0.0166017
0.0165966
0.0165942
0.0165891
0.0165848
0.0165827
0.0165783
0.0165745
0.0165699
0.0165682
0.0165637
0.0165586
0.0165566
0.0165504
0.0165486
0.0165441
0.0165393
0.0165367
0.0165318
0.0165296
0.0165246
0.0165201
0.0165179
0.0165137
0.01651
0.0165055
0.0165038
0.016499
0.0164943
0.0164905
0.0164862
0.0164842
0.0164799
0.0164754
0.0164726
0.0164676
0.016465
0.0164601
0.016456
0.0164531
0.0164484
0.016446
0.0164412
0.0164367
0.0164347
0.0164305
0.0164268
0.0164222
0.0164207
0.016416
0.0164113
0.0164078
0.0164034
0.0164014
0.016397
0.0163922
0.01639
0.0163841
0.0163823
0.0163782
0.0163735
0.0163708
0.0163659
0.0163633
0.0163587
0.0163543
0.0163519
0.0163471
0.0163447
0.0163398
0.0163357
0.0163338
0.0163279
0.016326
0.0163209
0.016317
0.0163147
0.0163106
0.0163071
0.0163022
0.0162981
0.0162964
0.0162918
0.0162882
0.0162836
0.016279
0.0162775
0.0162731
0.0162696
0.0162651
0.0162635
0.0162591
0.0162545
0.0162511
0.0162463
0.0162449
0.0162402
0.0162359
0.0162323
0.0162278
0.0162262
0.0162221
0.0162299
0.0162249
0.0162198
0.0162163
0.0162115
0.0162064
0.0162014
0.0161962
0.0161927
0.016188
0.0161828
0.0161778
0.0161729
0.0161708
0.0161665
0.0161619
0.0161585
0.016154
0.0161527
0.0161481
0.0161436
0.01614
0.0161357
0.0161344
0.0161297
0.0161254
0.0161216
0.0161174
0.0161128
0.0161114
0.0161068
0.0161036
0.016099
0.0160949
0.0160929
0.0160887
0.0160854
0.0160808
0.0160766
0.016075
0.0160708
0.0160671
0.0160626
0.0160584
0.0160558
0.0160513
0.0162024
0.0161978
0.0161937
0.0161914
0.0161866
0.0161844
0.0161801
0.0161757
0.0161732
0.0161686
0.0161662
0.0161621
0.0161573
0.0161539
0.0161497
0.0161481
0.0161439
0.0161391
0.0161362
0.0161316
0.0161268
0.0161257
0.0161213
0.0161182
0.0161135
0.0161093
0.0161076
0.0161021
0.0161002
0.0160955
0.0160916
0.016089
0.0160843
0.016082
0.016078
0.0160729
0.0160714
0.0160658
0.0160641
0.0160602
0.0160555
0.0160522
0.016048
0.0160432
0.0160423
0.0160378
0.0160346
0.0160301
0.0160258
0.0160244
0.0160189
0.0160166
0.0160123
0.0160082
0.0160058
0.0160015
0.015999
0.0160573
0.0162044
0.0161996
0.0161949
0.0161896
0.0161866
0.0161816
0.016177
0.0161719
0.0161672
0.0161631
0.0161579
0.0161541
0.0161494
0.0161442
0.0161405
0.0161349
0.0161312
0.0161265
0.0161216
0.0161169
0.0161117
0.0161071
0.0161036
0.016098
0.016094
0.0160895
0.0160847
0.0160806
0.0160749
0.0160714
0.016067
0.0160621
0.016057
0.016052
0.0160477
0.0160439
0.0160384
0.0160344
0.01603
0.0160251
0.016021
0.0160155
0.0160119
0.0160074
0.0160027
0.0159979
0.0159928
0.0159882
0.0159841
0.0159791
0.0159751
0.0159708
0.0159656
0.0159611
0.0159563
0.015951
0.0159481
0.0159433
0.0159388
0.0159335
0.0159293
0.0159253
0.0159206
0.0159172
0.0159134
0.0159088
0.0159056
0.0159012
0.0158973
0.0158949
0.0158904
0.0158885
0.0158847
0.0158802
0.0158769
0.0158728
0.0158684
0.015867
0.0158615
0.0158603
0.0158555
0.0158518
0.0158496
0.0158445
0.015843
0.0158387
0.0158346
0.0158315
0.0158271
0.0158232
0.0158213
0.015816
0.0158144
0.0158105
0.0158061
0.015803
0.0157986
0.0157948
0.0157928
0.0157882
0.0157861
0.0157824
0.0158898
0.0158849
0.01588
0.0158756
0.0158718
0.0158669
0.0158629
0.0158584
0.0158536
0.0158486
0.015844
0.0158396
0.0158358
0.0158307
0.0158269
0.0158224
0.0158176
0.0158129
0.0158081
0.0158038
0.0157999
0.0157951
0.0157911
0.0157866
0.015782
0.0157772
0.0157724
0.0157681
0.0157642
0.0157593
0.0157554
0.0157512
0.0157462
0.0157417
0.0157366
0.0157325
0.0157286
0.0157233
0.0157199
0.0157152
0.0157105
0.015706
0.0157011
0.0156969
0.0156931
0.0156879
0.0156845
0.01568
0.015674
0.0156702
0.0156662
0.0156613
0.0156568
0.0156522
0.0156476
0.015644
0.0156388
0.0156348
0.0156307
0.0156259
0.0156214
0.0156167
0.0156123
0.0156087
0.0156038
0.0155998
0.0155954
0.0155908
0.0155864
0.0155813
0.0155772
0.0155721
0.0155678
0.0155633
0.0155603
0.0155547
0.0155509
0.0155468
0.0155421
0.0155373
0.0155328
0.0155284
0.0155248
0.0155194
0.0155162
0.0155116
0.015507
0.0155029
0.0154982
0.0154932
0.0154888
0.0154843
0.0154799
0.015476
0.0154714
0.0154679
0.0154635
0.0154587
0.0154546
0.0154492
0.0154453
0.0154418
0.0155833
0.015579
0.0155756
0.0155706
0.0155668
0.0155625
0.0155578
0.0155535
0.0155488
0.0155446
0.0155409
0.0155356
0.0155307
0.0155277
0.0155225
0.0155187
0.0155144
0.0155098
0.0155053
0.0155006
0.0154966
0.0154926
0.0154877
0.0154827
0.0154795
0.0154743
0.0154705
0.0154666
0.0154618
0.0154575
0.0154523
0.0154485
0.0154435
0.0154394
0.015435
0.0154311
0.0154265
0.0154229
0.0154184
0.015414
0.0154096
0.0154052
0.0154005
0.0153961
0.0153915
0.0153872
0.0153837
0.0153787
0.0153753
0.0153711
0.0153654
0.0153617
0.0153577
0.0153528
0.0153487
0.015344
0.0153401
0.0153365
0.0153309
0.0153267
0.0153227
0.0153181
0.0153145
0.0153103
0.0153059
0.0153012
0.0152971
0.0152921
0.0152879
0.0152836
0.0152794
0.0152758
0.0152708
0.0152661
0.0152628
0.0152578
0.0152541
0.0152499
0.0152456
0.0152412
0.0152371
0.0152321
0.0152279
0.0152235
0.0152192
0.0152157
0.0152102
0.015206
0.0152027
0.0151978
0.015194
0.0151901
0.0151857
0.0151809
0.015177
0.0151725
0.0151679
0.0151635
0.0151596
0.0151548
0.0151504
0.0151464
0.0151428
0.0151379
0.0151345
0.0151299
0.0151251
0.0151215
0.0151176
0.0151126
0.0151085
0.0151043
0.0150997
0.0150954
0.0150911
0.0150871
0.0150837
0.0150781
0.0150739
0.0150701
0.0150659
0.0150623
0.0150576
0.0150526
0.0150492
0.0150453
0.0150406
0.0150365
0.0150324
0.0150276
0.0150236
0.0150189
0.015015
0.0150104
0.0150061
0.0150019
0.0149984
0.0149935
0.0149887
0.0149857
0.0149811
0.0149773
0.0149732
0.0149678
0.0149644
0.0149604
0.0149561
0.0149517
0.0149477
0.0149429
0.014939
0.0149347
0.0149305
0.014926
0.0149217
0.0149176
0.0149142
0.0149094
0.0149048
0.0149018
0.014897
0.0148932
0.0148894
0.0148841
0.0148805
0.0148767
0.0148723
0.0148677
0.0148645
0.0148607
0.0148581
0.014854
0.0148507
0.0148479
0.0148443
0.014841
0.0148377
0.0148343
0.0148305
0.0148292
0.0148246
0.0148206
0.0148191
0.0148151
0.0148137
0.0148095
0.0148051
0.0148035
0.0148003
0.0147948
0.0147935
0.0147903
0.0147863
0.0147839
0.0147805
0.0147763
0.0147738
0.0147701
0.0147664
0.0147638
0.0147602
0.014757
0.0147538
0.0148934
0.0148901
0.0148889
0.0148836
0.0148802
0.0148786
0.014874
0.0148701
0.0148688
0.0148647
0.0148632
0.0148593
0.0148546
0.0148533
0.0148497
0.0148447
0.0148432
0.0148398
0.0148365
0.0148332
0.0148302
0.0148262
0.0148232
0.0148202
0.0148166
0.0148137
0.0148103
0.0148066
0.0148874
0.0148831
0.014879
0.0148749
0.0148705
0.0148669
0.0148624
0.0148579
0.0148544
0.0148498
0.0148456
0.0148417
0.0148384
0.0148332
0.014829
0.0148256
0.0148206
0.0148165
0.0148132
0.0148084
0.0148039
0.0148009
0.014796
0.0147936
0.0147886
0.0147839
0.0147809
0.0147763
0.0147717
0.0147681
0.0147638
0.014759
0.0147555
0.0147517
0.0147467
0.0147432
0.0147394
0.0147343
0.0147308
0.0147269
0.0147228
0.0147187
0.0147149
0.0147107
0.0147061
0.0147025
0.0146981
0.0146936
0.0146902
0.0146856
0.0146813
0.0146777
0.0146734
0.0146692
0.0146653
0.0146611
0.0146569
0.0146534
0.0146487
0.0146447
0.0147823
0.0147779
0.0147743
0.01477
0.0147656
0.0147619
0.0147576
0.0147532
0.0147493
0.014745
0.0147408
0.014737
0.0147327
0.0147284
0.0148659
0.0148616
0.0148574
0.0148537
0.0148491
0.014845
0.0148413
0.0148368
0.0148327
0.0148289
0.0148245
0.0148205
0.0148167
0.0148123
0.0148082
0.0148045
0.0148
0.014796
0.0147937
0.0147899
0.0147865
0.0147842
0.0147804
0.014777
0.0147747
0.014771
0.0147675
0.0147654
0.0147618
0.0147581
0.0147559
0.0147524
0.0147488
0.0147465
0.0147431
0.0147393
0.0147368
0.0147337
0.0147298
0.0147274
0.0147242
0.0147206
0.0148583
0.0148552
0.0148513
0.0148485
0.0148456
0.0148419
0.0148392
0.0148363
0.0148326
0.0148298
0.014827
0.0148232
0.0148205
0.0148173
0.0148122
0.0148112
0.014808
0.0148031
0.014802
0.0147987
0.0147939
0.0147926
0.0147892
0.0147844
0.0147833
0.0147795
0.0147753
0.014774
0.0147702
0.0147657
0.014765
0.0147603
0.014756
0.0147521
0.014751
0.0147466
0.0147431
0.0147419
0.0147372
0.0147338
0.0147325
0.0147279
0.0147248
0.0147234
0.0147185
0.0147154
0.0147128
0.0147091
0.0147061
0.0147036
0.0146998
0.0146968
0.0146945
0.0146907
0.0146872
0.0146855
0.0146818
0.0146783
0.0146759
0.0146726
0.0146691
0.0146664
0.0146638
0.0146601
0.0146574
0.0146542
0.0146495
0.0146483
0.0146452
0.0146404
0.0146394
0.0146358
0.0146313
0.0146303
0.0146258
0.0146218
0.0146183
0.0146168
0.0146126
0.0146091
0.0146079
0.0146031
0.0146001
0.0145975
0.014594
0.0145911
0.0145885
0.0145848
0.0145816
0.0145794
0.0145762
0.0145726
0.0145703
0.0145673
0.0145636
0.0145611
0.0145584
0.0145549
0.014552
0.0145491
0.0145447
0.0145432
0.0145396
0.0145355
0.0145308
0.0145302
0.014526
0.0145225
0.014521
0.0145167
0.0145137
0.014527
0.0145228
0.0145196
0.0145154
0.014511
0.0145072
0.014504
0.0145001
0.0144957
0.0144915
0.0144883
0.0144841
0.0144799
0.0144764
0.0144718
0.0144684
0.0144643
0.0144598
0.0144551
0.0144534
0.0144495
0.0144459
0.0144446
0.0144402
0.0144371
0.0144346
0.0144314
0.0144282
0.0144261
0.0144227
0.0144191
0.0144171
0.0144139
0.0144105
0.0144081
0.014405
0.0144007
0.0143994
0.0143958
0.0143916
0.0143875
0.0143864
0.0143821
0.014379
0.0143778
0.0143729
0.0143703
0.0143679
0.0143643
0.0143612
0.0143592
0.014356
0.0143526
0.0143504
0.0143471
0.0143427
0.0143415
0.0143381
0.0143338
0.0143298
0.0143291
0.0143245
0.0143214
0.0143205
0.0143155
0.0143129
0.0143105
0.014307
0.0143037
0.0143017
0.0142987
0.0142953
0.0142928
0.01429
0.0142853
0.0142844
0.014281
0.0142763
0.0142728
0.0142718
0.0142673
0.0142642
0.014262
0.0142586
0.0142553
0.0142538
0.0142505
0.0142471
0.0142447
0.0142418
0.0142375
0.0142364
0.0143034
0.0142988
0.0142948
0.0142915
0.0142871
0.0142836
0.0142795
0.0142756
0.0142716
0.0144047
0.0144009
0.0143968
0.0143932
0.0143893
0.0143847
0.0143816
0.0143771
0.0143729
0.014369
0.014366
0.0143611
0.0143577
0.0143539
0.0143496
0.0143459
0.0143425
0.0143388
0.0143339
0.0143309
0.0143269
0.0143227
0.0143182
0.0143153
0.0143105
0.0143069
0.0143032
0.014299
0.0142952
0.0142921
0.0142884
0.0142844
0.0142804
0.0142768
0.0142723
0.0144051
0.0144002
0.0143958
0.0143922
0.0143883
0.0143844
0.0143804
0.0143774
0.0143735
0.0143694
0.0143657
0.014362
0.0143575
0.0143546
0.0143498
0.0143461
0.014342
0.014338
0.014334
0.0143303
0.0143271
0.0143234
0.0143194
0.0143154
0.0143118
0.0143076
0.0143046
0.0142999
0.0142953
0.0142918
0.0142879
0.014284
0.01428
0.0142771
0.0142733
0.0142693
0.0142658
0.0142623
0.0142584
0.0142546
0.0142533
0.0142492
0.0142465
0.0142443
0.0142408
0.0142378
0.0142356
0.0142328
0.0142284
0.0142274
0.0142244
0.0142199
0.0142164
0.0142142
0.014211
0.0142078
0.0142064
0.014203
0.0142
0.0141976
0.0141942
0.0141904
0.0141865
0.0141854
0.0141813
0.0141784
0.0141762
0.0141733
0.0141701
0.0141678
0.0141649
0.0141607
0.01416
0.0141559
0.0141518
0.0141488
0.0141466
0.0141431
0.0141406
0.0141386
0.014136
0.014131
0.0141301
0.0141271
0.0141227
0.0141193
0.014117
0.014114
0.0141108
0.0141091
0.0141062
0.0141016
0.0141007
0.0140975
0.0140931
0.0140901
0.0140891
0.0140845
0.0140814
0.0140799
0.0140768
0.0140737
0.0140714
0.0140683
0.0140637
0.0140607
0.0140597
0.0140551
0.0140522
0.0140507
0.0140477
0.0140445
0.0140423
0.0140392
0.0140347
0.0140316
0.0140308
0.0140264
0.0140234
0.0140216
0.0140187
0.0140142
0.0140135
0.0140104
0.0140059
0.0140029
0.0140005
0.0139974
0.0139945
0.0139928
0.0139902
0.0139855
0.0139847
0.0139809
0.0139764
0.0139739
0.0139718
0.0139685
0.0139656
0.0139638
0.013961
0.0139565
0.0139565
0.0139521
0.0139479
0.0139453
0.0139432
0.0139405
0.013937
0.013935
0.0139324
0.0139281
0.0139245
0.0139235
0.013919
0.0139164
0.0139148
0.0139117
0.0139074
0.0139067
0.0139036
0.0138994
0.0138962
0.0138938
0.0138906
0.013888
0.013886
0.0138832
0.0138791
0.0138749
0.0138745
0.0138707
0.0138845
0.0138804
0.013877
0.0138736
0.0138696
0.0138661
0.0138618
0.0138581
0.0138543
0.0138506
0.0138471
0.0138434
0.0138401
0.0138357
0.0138311
0.0138287
0.0138247
0.0138212
0.0138174
0.0138143
0.0138113
0.0139415
0.0139384
0.0139343
0.013931
0.0139289
0.0139257
0.0139229
0.013921
0.0139183
0.0139143
0.0139107
0.0139096
0.0139053
0.0139023
0.0139012
0.0138983
0.0138941
0.0138931
0.0138894
0.0138853
0.0138826
0.0138808
0.0138782
0.0138749
0.0138727
0.0138697
0.0138655
0.0138626
0.0138604
0.0138572
0.0138545
0.0138527
0.01385
0.013846
0.0138422
0.0138415
0.0138372
0.0138345
0.0138328
0.0138299
0.0138257
0.0138255
0.0138214
0.0138172
0.0138142
0.0138128
0.01381
0.0138056
0.0138052
0.0138011
0.0137973
0.0137947
0.0137927
0.0137902
0.013787
0.013785
0.0137821
0.0137779
0.0137748
0.0137729
0.0137701
0.0137669
0.0137649
0.013762
0.0137578
0.013755
0.0137529
0.0137497
0.0137471
0.0137454
0.0137427
0.0137383
0.013735
0.0137329
0.0137301
0.0137274
0.0137253
0.0137229
0.013719
0.0137153
0.0137147
0.0137104
0.0137079
0.0137056
0.0137032
0.0136991
0.0136955
0.013695
0.0136908
0.0136882
0.0136861
0.0136836
0.0136796
0.013676
0.0136753
0.0138016
0.013799
0.013797
0.0137944
0.0137905
0.0137869
0.0137861
0.013782
0.0137795
0.0137771
0.0137748
0.0137708
0.0137672
0.0137665
0.0137624
0.0137597
0.0137575
0.0137553
0.0137513
0.0137478
0.0137471
0.0137428
0.0137401
0.0137383
0.0137357
0.0137319
0.0137283
0.0137262
0.0137233
0.0137208
0.013719
0.0137157
0.0137117
0.0137091
0.013707
0.013704
0.0137013
0.0136994
0.0136966
0.0136923
0.0136895
0.0136877
0.013685
0.0136821
0.01368
0.0136774
0.0136726
0.0136703
0.0136682
0.0136658
0.0136614
0.0136611
0.0136575
0.0136534
0.0136512
0.013649
0.0136467
0.0136424
0.013642
0.013638
0.0136339
0.0136315
0.0136299
0.0136272
0.0136232
0.0136195
0.0136192
0.013615
0.0136125
0.0136106
0.0136082
0.0136034
0.0136009
0.0135989
0.0135961
0.0135934
0.0135913
0.0135888
0.0135841
0.0135818
0.0135798
0.0135773
0.0135734
0.0135726
0.0135689
0.0135651
0.0135624
0.0135609
0.0135583
0.0135546
0.0135509
0.0135502
0.013546
0.0135437
0.0135421
0.0135389
0.0135349
0.013532
0.0135303
0.0135278
0.0135248
0.013523
0.0135193
0.0135157
0.0135134
0.0135113
0.0135091
0.0135048
0.0135012
0.0135006
0.0134968
0.0134944
0.0134923
0.01349
0.0134854
0.0134827
0.0134811
0.0134785
0.0134755
0.0134738
0.0134702
0.0134662
0.0134644
0.0134623
0.01346
0.0134558
0.0134521
0.0134515
0.0134478
0.0134454
0.0134435
0.0134405
0.0134367
0.0134339
0.0134321
0.0134296
0.0134256
0.0134251
0.0134216
0.0134176
0.013415
0.0134136
0.0134112
0.0134073
0.0134038
0.013402
0.0133992
0.0133967
0.0133948
0.0133916
0.0133879
0.0135137
0.0135117
0.013509
0.0135052
0.0135018
0.0135012
0.0134972
0.0134947
0.0134929
0.0134903
0.0134856
0.0134835
0.0134814
0.0134793
0.0134752
0.0134714
0.0134711
0.0134673
0.0134647
0.013463
0.0134602
0.0134564
0.0134537
0.0134518
0.0134493
0.0134454
0.0134452
0.0134414
0.0134375
0.0134349
0.0134333
0.0134303
0.0134265
0.0134238
0.0134219
0.0134196
0.0134158
0.0134156
0.0134117
0.0134078
0.0134054
0.0134036
0.0134008
0.0133969
0.0133943
0.0133925
0.0133899
0.0133861
0.0133824
0.013382
0.0133784
0.0133759
0.0133739
0.0133715
0.0133671
0.013365
0.013363
0.0133609
0.0133566
0.0133534
0.0133513
0.0133487
0.0133463
0.0133448
0.0133415
0.0133379
0.0133351
0.0133337
0.0133312
0.0133274
0.0133242
0.0133225
0.01332
0.0133175
0.0133157
0.0133123
0.0133084
0.013306
0.0133043
0.013302
0.0132976
0.0132952
0.0132933
0.0132909
0.0132872
0.0132834
0.0132833
0.0132793
0.0132772
0.0132754
0.0132728
0.0132685
0.0132664
0.0132647
0.0132619
0.0132581
0.013255
0.0132533
0.0132935
0.013291
0.013289
0.0132858
0.0132816
0.0132799
0.0132776
0.0132753
0.0132714
0.0132686
0.0132669
0.0132645
0.0132607
0.0132575
0.0132555
0.0132531
0.0132508
0.0132488
0.0132456
0.0132417
0.0132396
0.0132378
0.013235
0.0132313
0.0132287
0.0132267
0.0132249
0.0132208
0.0132176
0.0132158
0.0132133
0.013211
0.0132092
0.0132059
0.013202
0.0132
0.0131982
0.0131956
0.0131918
0.0131893
0.0131873
0.0131849
0.0131813
0.0131779
0.0131764
0.0131742
0.0131699
0.01317
0.0131664
0.0131627
0.0131604
0.0131586
0.0131562
0.013152
0.0131493
0.0131479
0.0131453
0.0131411
0.0131388
0.0131369
0.0131348
0.013131
0.0131277
0.0131259
0.0131233
0.0131212
0.0131195
0.0131164
0.0131123
0.0131106
0.0131088
0.0131059
0.0131019
0.0130998
0.0130982
0.0130957
0.0130919
0.0130888
0.013087
0.0130848
0.0130811
0.0130775
0.0130759
0.0130736
0.0130714
0.0130699
0.0130666
0.0130625
0.0130607
0.013059
0.0130565
0.0130525
0.0130497
0.0130485
0.0130458
0.0130417
0.0130395
0.0130375
0.0130355
0.0130315
0.0130284
0.0130269
0.0130247
0.0130223
0.0130208
0.0130172
0.0130134
0.0130112
0.0130097
0.0130067
0.0130031
0.0130008
0.0129989
0.0129964
0.0129924
0.0129904
0.0129885
0.0129864
0.0129819
0.0129796
0.0129778
0.0129759
0.0129719
0.0129688
0.0129673
0.0129651
0.0129613
0.0129615
0.0129578
0.0129539
0.0129516
0.0129501
0.0129472
0.0129431
0.0129414
0.0129395
0.0129373
0.0129328
0.0129305
0.012929
0.0129264
0.0129229
0.0129204
0.0129189
0.0129164
0.0129129
0.0129099
0.012908
0.0129061
0.0129023
0.0128993
0.0128979
0.0128956
0.0128917
0.0128883
0.0128877
0.0128846
0.0128825
0.012881
0.0128779
0.0128742
0.0128717
0.0128704
0.0128672
0.0128636
0.0128619
0.0128599
0.0128576
0.012853
0.0128507
0.0128493
0.012847
0.0128435
0.012841
0.0128394
0.0128369
0.0128329
0.0128303
0.0128289
0.0128266
0.0128228
0.0128199
0.0128184
0.0128165
0.0128126
0.0128097
0.0128083
0.012806
0.0128021
0.012799
0.0127977
0.0127956
0.0127923
0.012792
0.0127885
0.0127848
0.0127828
0.0127813
0.0127782
0.0127746
0.0127724
0.0127711
0.0127678
0.012764
0.0127622
0.0127609
0.0127578
0.0127542
0.0127519
0.0127503
0.0127481
0.0127437
0.0127416
0.0127399
0.0127376
0.0128569
0.0128544
0.0128528
0.0128504
0.0128469
0.0128445
0.0128428
0.0128404
0.0128365
0.0128343
0.0128328
0.0128306
0.0128263
0.0128238
0.0128224
0.0128204
0.0128168
0.0128137
0.0128119
0.0128101
0.0128063
0.0128033
0.012802
0.0128001
0.0127964
0.0127932
0.0127916
0.0127896
0.0127861
0.0127829
0.0127816
0.0127794
0.0127758
0.0127728
0.0127714
0.0127693
0.0127658
0.0127626
0.0127613
0.0127593
0.0127556
0.0127524
0.012751
0.0127493
0.0127455
0.0127421
0.012741
0.0127391
0.0127354
0.0127319
0.012731
0.0127288
0.0127253
0.0127218
0.0127208
0.0127189
0.012715
0.0127116
0.0127106
0.0127087
0.012705
0.0127015
0.0127005
0.0126986
0.0126948
0.0126913
0.0126913
0.0126885
0.0126856
0.0126812
0.0126805
0.0126786
0.0126748
0.0126714
0.0126704
0.0126687
0.0126649
0.0126615
0.0126606
0.0126587
0.012655
0.0126516
0.0126507
0.0126487
0.0126452
0.0126418
0.012641
0.0126389
0.0126351
0.012632
0.0126308
0.0126292
0.0126253
0.0126221
0.0126208
0.0126191
0.0126154
0.0126123
0.012611
0.0126091
0.0126057
0.0126026
0.0126014
0.0125991
0.0125956
0.0125926
0.0125916
0.0125893
0.0125858
0.0125829
0.0125815
0.0125797
0.0125761
0.0125729
0.0125718
0.0125697
0.012566
0.0125633
0.0125619
0.01256
0.0125556
0.0125533
0.0125522
0.0125502
0.0125458
0.0125439
0.0125425
0.0125399
0.012536
0.012534
0.0125327
0.0125304
0.0125262
0.0125239
0.0125228
0.0125203
0.0125166
0.0125141
0.0125129
0.0125108
0.0125067
0.0125045
0.0125031
0.0125003
0.0124966
0.0124949
0.0124934
0.0124905
0.0124869
0.0124849
0.0124838
0.012481
0.0124773
0.0124755
0.0124746
0.0124711
0.0124677
0.0124659
0.0124629
0.0124604
0.0124586
0.012455
0.0124518
0.0124508
0.0124489
0.0124454
0.0124425
0.0124411
0.0124396
0.0125563
0.0125533
0.0125521
0.0125505
0.0125459
0.012544
0.0125428
0.0125402
0.0125363
0.0125344
0.0125328
0.0125306
0.0125268
0.0125241
0.0125231
0.0125211
0.0125167
0.0125149
0.0125138
0.0125105
0.012507
0.0125051
0.0125043
0.012501
0.0124977
0.0124958
0.0124949
0.0124909
0.0124885
0.0124851
0.0124818
0.0124809
0.0124789
0.0124756
0.0124727
0.0124714
0.0124694
0.0124661
0.012463
0.012462
0.0124596
0.0124559
0.0124537
0.0124522
0.01245
0.0124462
0.0124437
0.0124428
0.01244
0.0124363
0.0124345
0.0124334
0.0124304
0.0124269
0.0124252
0.0124242
0.0124212
0.012418
0.0124146
0.0124114
0.0124106
0.0124086
0.0124053
0.0124024
0.0124008
0.0123991
0.012395
0.0123931
0.0123918
0.0123897
0.0123857
0.0123832
0.0123822
0.0123801
0.0123761
0.012374
0.0123728
0.0123699
0.0123664
0.0123647
0.0123639
0.0123608
0.0123577
0.0123544
0.0123512
0.0123503
0.0123485
0.0123451
0.0123421
0.012341
0.012339
0.012335
0.0123328
0.0123314
0.0123293
0.0123252
0.0123234
0.0123222
0.0123191
0.0123159
0.012314
0.0123131
0.0123101
0.012307
0.0123037
0.0123005
0.0122999
0.012298
0.0122948
0.0122917
0.0122906
0.0122887
0.0122847
0.0122826
0.0122812
0.012279
0.012275
0.0122732
0.0122718
0.0122691
0.0122657
0.012264
0.0122631
0.0122588
0.0122572
0.0122537
0.0122506
0.0122496
0.012248
0.0122436
0.0122417
0.0122405
0.0122385
0.0122346
0.0122322
0.0122312
0.0122284
0.0122249
0.0122232
0.0122224
0.0122193
0.0122162
0.0122131
0.01221
0.0122092
0.0122076
0.0122039
0.0122012
0.0122003
0.0121979
0.012194
0.0121918
0.0121906
0.0121882
0.0121845
0.0121827
0.0121821
0.012179
0.0121758
0.0121729
0.0121696
0.0121691
0.0121673
0.0121637
0.0121611
0.0121602
0.012158
0.012154
0.0121517
0.0121507
0.0121478
0.0121445
0.012143
0.0121419
0.0121393
0.0121361
0.0121329
0.01213
0.0121289
0.0121272
0.0121231
0.0121213
0.0121198
0.0121178
0.0121138
0.0121118
0.0121108
0.0121081
0.0121047
0.0121031
0.012099
0.0120981
0.0120964
0.0120931
0.0120904
0.0120894
0.0120872
0.0120833
0.012081
0.01208
0.0120772
0.0120741
0.0120724
0.0120716
0.0120674
0.0120658
0.0120623
0.0120597
0.0120586
0.0120569
0.012053
0.0120506
0.0120494
0.0120476
0.0120435
0.0120418
0.012041
0.0120382
0.0120352
0.0120319
0.0120291
0.0120282
0.0120265
0.0120227
0.0120205
0.0120191
0.0120171
0.0120134
0.0120115
0.0120106
0.0120077
0.0120049
0.0120017
0.0119987
0.011998
0.0119963
0.0119923
0.0119901
0.0119889
0.0119869
0.0119832
0.0119811
0.0119804
0.0119777
0.0119748
0.0119715
0.0119686
0.0119679
0.011966
0.0119621
0.0119597
0.011959
0.011957
0.0119529
0.011951
0.0119505
0.0119479
0.0119451
0.0119416
0.0119386
0.0119379
0.0119358
0.0119323
0.0119302
0.011929
0.0119261
0.011923
0.0120383
0.0120378
0.0120333
0.0120316
0.0120287
0.0120258
0.0120251
0.0120223
0.012019
0.0120169
0.012016
0.0120133
0.0120098
0.0120072
0.0120041
0.012004
0.012002
0.0119979
0.0119961
0.0119945
0.0119928
0.0119887
0.0119869
0.0119864
0.0119836
0.011981
0.0119774
0.0119747
0.011974
0.0119718
0.011968
0.0119658
0.011965
0.0119625
0.011959
0.0119576
0.0119535
0.011953
0.0119511
0.0119472
0.0119454
0.0119439
0.0119421
0.0119379
0.0119364
0.0119358
0.0119317
0.0119302
0.0119269
0.0119243
0.0119236
0.0119215
0.0119177
0.0119154
0.0119147
0.0119117
0.0119087
0.011906
0.0119032
0.0119025
0.0119007
0.0118968
0.0118947
0.0118936
0.0118911
0.011888
0.0118865
0.0118821
0.0118817
0.0118803
0.011877
0.0118745
0.0118729
0.0118712
0.011867
0.0118655
0.0118648
0.0118609
0.0118592
0.0118561
0.0118536
0.0118525
0.0118506
0.0118467
0.0118449
0.0118442
0.0118414
0.0118387
0.0118355
0.011833
0.0118324
0.01183
0.0118265
0.0118241
0.0118234
0.0118207
0.0118176
0.0118151
0.0118123
0.0118115
0.0118097
0.0118056
0.0118036
0.011803
0.0118005
0.0117968
0.0117944
0.0117917
0.011791
0.0117891
0.0117854
0.0117835
0.0117825
0.0117798
0.0117768
0.0117738
0.0117714
0.0117705
0.0117691
0.0118805
0.0118781
0.0118775
0.0118748
0.0118716
0.0118702
0.0118659
0.0118652
0.0118636
0.01186
0.0118577
0.011857
0.0118542
0.0118512
0.0118499
0.0118456
0.0118448
0.0118433
0.0118397
0.0118373
0.0118368
0.0118339
0.0118308
0.0118279
0.0118254
0.0118247
0.0118231
0.0118194
0.0118167
0.0118164
0.0118138
0.0118105
0.0118082
0.0118052
0.0118048
0.0118028
0.0117986
0.0117968
0.0117962
0.0117936
0.0117905
0.011788
0.0117852
0.0117845
0.0117825
0.0117789
0.0117768
0.011776
0.0117733
0.0117708
0.0117676
0.0117651
0.0117646
0.0117621
0.0117585
0.0117568
0.0117561
0.0117535
0.0117509
0.0117478
0.0117453
0.0117444
0.0117422
0.0117382
0.0117366
0.0117366
0.0117325
0.0118454
0.0118412
0.0118396
0.0118383
0.0118358
0.0118328
0.0118313
0.0118272
0.0118266
0.0118251
0.0118216
0.011819
0.0118185
0.0118161
0.0118127
0.0118104
0.0118077
0.011807
0.0118051
0.0118013
0.0117992
0.0117987
0.0118076
0.0118049
0.0118017
0.0117987
0.0117963
0.0117937
0.0117897
0.0117875
0.0117862
0.0117819
0.0117798
0.0117758
0.0117731
0.0117708
0.0117679
0.0117647
0.011762
0.0117589
0.0117568
0.0117541
0.0117505
0.0117481
0.0117471
0.0117446
0.0117422
0.011739
0.0118502
0.0118493
0.0118474
0.0118434
0.0118418
0.0118377
0.0118378
0.0118362
0.0118323
0.01183
0.0118291
0.0118269
0.0118236
0.0118214
0.0118188
0.0118182
0.0118162
0.0118121
0.0118104
0.0118101
0.0118059
0.0118046
0.0118018
0.0117992
0.011798
0.0117953
0.0117925
0.0117913
0.0117871
0.0117866
0.0117846
0.0117809
0.011779
0.0117785
0.0117758
0.0117733
0.0117704
0.0117677
0.0117667
0.0117651
0.0117611
0.0117598
0.0117558
0.0117552
0.0117538
0.0117496
0.0117477
0.0117472
0.0117447
0.0117425
0.0117393
0.0117369
0.0117361
0.0117342
0.0118431
0.011842
0.0118379
0.0118372
0.0118358
0.0118322
0.0118297
0.0118293
0.0118268
0.0118245
0.0118213
0.0118188
0.0119304
0.0119289
0.0119249
0.0119235
0.0119196
0.0119193
0.0119177
0.0119138
0.011912
0.011911
0.0119088
0.0119062
0.011903
0.0119007
0.0118994
0.0118969
0.0118942
0.0118913
0.0118888
0.0118883
0.0118866
0.0118825
0.0118808
0.0118806
0.0118766
0.0118752
0.0118712
0.0118693
0.0118686
0.0118662
0.0118631
0.0118608
0.0118582
0.0118575
0.0118552
0.0118519
0.0119007
0.011897
0.0118952
0.0118931
0.0118893
0.0118868
0.0118843
0.0118816
0.0118791
0.0118758
0.0118729
0.0118703
0.0118673
0.0118644
0.0118614
0.0118585
0.0118565
0.0118542
0.0118502
0.0118482
0.0118461
0.0118423
0.0118403
0.0118365
0.0118336
0.0118316
0.0118285
0.0118261
0.0118229
0.0118201
0.0118175
0.0118146
0.0118116
0.0118098
0.0118058
0.0118037
0.0118014
0.0117974
0.0117955
0.0117935
0.0117896
0.0117876
0.0117838
0.011781
0.0117791
0.0117761
0.0117736
0.0117705
0.0117674
0.0117649
0.0117619
0.0117589
0.0117565
0.0117535
0.0117515
0.0117487
0.0117449
0.0117428
0.0117386
0.0117372
0.011735
0.011731
0.0117288
0.0117267
0.011724
0.011721
0.0117182
0.0117154
0.0117128
0.0117099
0.0117068
0.0117041
0.0117012
0.011699
0.0116966
0.0116928
0.0116909
0.0116872
0.011685
0.0116829
0.0116791
0.0116769
0.0116754
0.0116713
0.0116692
0.0116657
0.0116628
0.0116608
0.0116584
0.011767
0.0117643
0.0117621
0.011761
0.0117585
0.0117559
0.0117533
0.0117508
0.0117496
0.0117473
0.0117445
0.0117419
0.0117396
0.011739
