0.989099
0.979392
0.969874
0.960539
0.951381
0.942397
0.93358
0.924926
0.916431
0.908091
0.899901
0.891857
0.883956
0.876193
0.868566
0.861069
0.853701
0.846458
0.839336
0.832334
0.825447
0.818672
0.812009
0.805452
0.799
0.792651
0.786402
0.78025
0.774194
0.768231
0.762359
0.756576
0.75088
0.745269
0.739741
0.734294
0.728927
0.723638
0.718425
0.713286
0.70822
0.703226
0.698301
0.693445
0.688655
0.683932
0.679272
0.674676
0.670141
0.665667
0.661252
0.656895
0.652595
0.648351
0.644162
0.640026
0.635943
0.631912
0.627931
0.624
0.620118
0.616284
0.612497
0.608757
0.605061
0.60141
0.597803
0.594238
0.590716
0.587236
0.583796
0.580396
0.577035
0.573713
0.570429
0.567182
0.563972
0.560798
0.55766
0.554556
0.551486
0.548451
0.545448
0.542479
0.539541
0.536635
0.53376
0.530915
0.528101
0.525316
0.52256
0.519834
0.517135
0.514464
0.511821
0.509205
0.506615
0.504051
0.501513
0.499
0.496513
0.49405
0.491611
0.489196
0.486805
0.484437
0.482092
0.47977
0.477469
0.475191
0.472934
0.470698
0.468484
0.46629
0.464116
0.461963
0.45983
0.457716
0.455621
0.453546
0.451489
0.449451
0.447431
0.445429
0.443445
0.441478
0.439529
0.437597
0.435681
0.433783
0.431901
0.430034
0.428185
0.42635
0.424533
0.422729
0.420941
0.419168
0.41741
0.415667
0.413938
0.412224
0.410523
0.408836
0.407164
0.405504
0.403858
0.402226
0.400607
0.399
0.397406
0.395826
0.394257
0.392701
0.391157
0.389625
0.388105
0.386597
0.385101
0.383615
0.382142
0.38068
0.379228
0.377788
0.376359
0.37494
0.373532
0.372134
0.370747
0.369371
0.368004
0.366647
0.365301
0.363964
0.362637
0.361319
0.360011
0.358712
0.357423
0.356143
0.354872
0.35361
0.352358
0.351113
0.349878
0.34865
0.347433
0.346223
0.345021
0.343828
0.342643
0.341466
0.340297
0.339137
0.337983
0.336838
0.335701
0.334571
0.333449
0.332334
0.331226
0.330126
0.329034
0.327948
0.326869
0.325797
0.324733
0.323676
0.322625
0.321581
0.320544
0.319513
0.318489
0.317471
0.316461
0.315456
0.314458
0.313465
0.31248
0.3115
0.310527
0.30956
0.308598
0.307642
0.306693
0.305749
0.304811
0.303879
0.302951
0.302031
0.301116
0.300205
0.299301
0.298402
0.297508
0.29662
0.295736
0.294858
0.293986
0.293118
0.292256
0.291398
0.290546
0.289698
0.288855
0.288018
0.287185
0.286357
0.285533
0.284714
0.283901
0.283091
0.282286
0.281486
0.28069
0.279899
0.279112
0.27833
0.277552
0.276778
0.276009
0.275243
0.274483
0.273725
0.272973
0.272225
0.27148
0.270739
0.270003
0.26927
0.268542
0.267818
0.267097
0.26638
0.265667
0.264958
0.264252
0.263551
0.262853
0.262158
0.261467
0.260781
0.260097
0.259417
0.258741
0.258068
0.257398
0.256733
0.25607
0.25541
0.254755
0.254102
0.253453
0.252807
0.252165
0.251526
0.250889
0.250256
0.249627
0.249001
0.248377
0.247757
0.247501
0.246525
0.245914
0.245306
0.2447
0.244098
0.243499
0.242903
0.24231
0.241719
0.241131
0.240546
0.239964
0.239385
0.238809
0.238234
0.237664
0.237095
0.23653
0.235967
0.235407
0.234849
0.234294
0.233742
0.233192
0.232645
0.2321
0.231558
0.231019
0.230482
0.229948
0.229415
0.228885
0.228358
0.227833
0.227311
0.226791
0.226273
0.225757
0.225244
0.224734
0.224225
0.223719
0.223216
0.222714
0.222215
0.221717
0.221222
0.22073
0.220239
0.219751
0.219265
0.218781
0.218299
0.217818
0.217341
0.216865
0.216392
0.21592
0.215451
0.214983
0.214517
0.214054
0.213592
0.213133
0.212675
0.21222
0.211767
0.211315
0.210864
0.210417
0.209971
0.209527
0.209084
0.208644
0.208205
0.207768
0.207333
0.2069
0.206469
0.20604
0.205612
0.205186
0.204762
0.204339
0.203918
0.2035
0.203082
0.202667
0.202253
0.20184
0.201429
0.201021
0.200613
0.200207
0.199804
0.199401
0.199001
0.198602
0.198203
0.197808
0.197413
0.197021
0.196628
0.196239
0.195851
0.195464
0.195078
0.194695
0.194313
0.193932
0.193554
0.193175
0.192799
0.192424
0.192051
0.191679
0.191308
0.190939
0.190571
0.190205
0.18984
0.189476
0.189114
0.188754
0.188394
0.188036
0.18768
0.187324
0.18697
0.186617
0.186266
0.185916
0.185567
0.185221
0.184874
0.184529
0.184185
0.183844
0.183502
0.183162
0.182824
0.182486
0.18215
0.181816
0.181482
0.182971
0.182637
0.182303
0.181971
0.18164
0.18131
0.180983
0.180655
0.180329
0.180004
0.17968
0.179358
0.179036
0.178715
0.178396
0.178078
0.177762
0.177445
0.177131
0.176817
0.176505
0.176193
0.175883
0.175573
0.175265
0.174958
0.174652
0.174348
0.174043
0.173741
0.173439
0.173139
0.172839
0.172539
0.172243
0.171946
0.17165
0.172229
0.171677
0.172827
0.173973
0.173421
0.17287
0.174011
0.173461
0.174596
0.174047
0.1735
0.17463
0.175756
0.176878
0.17633
0.177448
0.176901
0.176355
0.175812
0.17527
0.17473
0.174191
0.173655
0.17312
0.172587
0.172056
0.171526
0.170999
0.170473
0.169948
0.171049
0.172146
0.171622
0.171099
0.170578
0.170058
0.16954
0.169024
0.170112
0.169597
0.169083
0.170166
0.169653
0.169142
0.168632
0.168124
0.1692
0.168692
0.168186
0.169257
0.168752
0.168248
0.167746
0.167246
0.166747
0.16625
0.165754
0.16526
0.164767
0.164276
0.163786
0.163298
0.162812
0.162327
0.161843
0.161361
0.16088
0.160401
0.159924
0.159447
0.158973
0.160021
0.159547
0.159074
0.160118
0.161159
0.160686
0.161722
0.16125
0.160779
0.160309
0.159841
0.160871
0.160403
0.159937
0.159472
0.159009
0.158547
0.15957
0.159108
0.158648
0.158189
0.157732
0.157275
0.156821
0.156367
0.155915
0.155464
0.155015
0.154566
0.154119
0.153674
0.15323
0.152786
0.152345
0.151904
0.151465
0.151027
0.152032
0.151594
0.151158
0.152158
0.151722
0.151287
0.150854
0.150422
0.149991
0.150984
0.150554
0.150125
0.149697
0.14927
0.148844
0.14842
0.147997
0.147575
0.147154
0.146735
0.146316
0.145899
0.145483
0.145068
0.144654
0.145633
0.145219
0.144807
0.144396
0.143986
0.143577
0.143169
0.142763
0.142357
0.143327
0.142922
0.142518
0.142115
0.141713
0.142676
0.142275
0.141875
0.141475
0.142434
0.142035
0.141637
0.14124
0.140844
0.14045
0.140056
0.139664
0.139272
0.138882
0.138492
0.138104
0.139052
0.138664
0.138996
0.138586
0.138176
0.139094
0.138684
0.138276
0.137869
0.137463
0.137058
0.136654
0.136251
0.135849
0.135449
0.135049
0.13465
0.134253
0.13516
0.134762
0.134366
0.133971
0.133577
0.133184
0.132792
0.133693
0.134591
0.134199
0.135094
0.134702
0.134311
0.135203
0.134813
0.134423
0.134034
0.134922
0.134534
0.134146
0.13376
0.133375
0.13299
0.132607
0.133489
0.134368
0.133984
0.133601
0.13322
0.132839
0.132459
0.13208
0.131702
0.131325
0.130949
0.130574
0.130199
0.129826
0.129454
0.129083
0.128712
0.128342
0.127974
0.127606
0.127239
0.126873
0.126508
0.126144
0.12578
0.125418
0.125057
0.125919
0.125557
0.125197
0.124838
0.124479
0.124121
0.123764
0.123408
0.123053
0.122699
0.122346
0.121993
0.121641
0.12129
0.122142
0.121792
0.121442
0.121093
0.120745
0.120398
0.120051
0.119706
0.119361
0.119096
0.118953
0.11881
0.118669
0.118527
0.118386
0.118244
0.118105
0.117964
0.117824
0.117684
0.117544
0.117407
0.117268
0.11713
0.11699
0.116853
0.116716
0.116579
0.116443
0.116306
0.11617
0.116033
0.115899
0.116025
0.115669
0.115493
0.115359
0.115226
0.115093
0.114959
0.114826
0.114693
0.114561
0.114429
0.114297
0.114166
0.114035
0.113903
0.113773
0.113643
0.113512
0.113384
0.113253
0.113125
0.112996
0.112867
0.112739
0.112611
0.112483
0.112356
0.112228
0.112103
0.111976
0.11185
0.111723
0.111597
0.111472
0.111348
0.111223
0.111098
0.110974
0.11085
0.110726
0.110603
0.110479
0.110357
0.110234
0.110111
0.109988
0.109868
0.109746
0.109624
0.109503
0.109382
0.109262
0.109142
0.109022
0.108902
0.108783
0.108664
0.108544
0.108426
0.108308
0.108189
0.108071
0.107955
0.107836
0.10772
0.107603
0.107485
0.10737
0.107253
0.107137
0.10708
0.107853
0.107556
0.10726
0.106965
0.106671
0.106377
0.106219
0.106106
0.105993
0.105878
0.105765
0.105653
0.105541
0.105428
0.105317
0.105204
0.105093
0.104981
0.104871
0.104759
0.104649
0.104539
0.104428
0.104319
0.104209
0.104099
0.10399
0.103881
0.103771
0.103663
0.103555
0.103446
0.103339
0.103231
0.103124
0.103017
0.102909
0.102802
0.102697
0.102591
0.102483
0.102378
0.102272
0.102167
0.102061
0.101957
0.101852
0.101747
0.101643
0.101538
0.101435
0.101331
0.101227
0.101123
0.10102
0.100917
0.100814
0.100713
0.100611
0.100507
0.100405
0.100304
0.100202
0.100101
0.100001
0.0999001
0.0997986
0.0996984
0.0995983
0.0994979
0.0994587
0.0992976
0.099199
0.0990986
0.0990009
0.0991157
0.0988498
0.0987039
0.0986052
0.098508
0.0984099
0.0983115
0.098248
0.0981175
0.0980198
0.0979233
0.0978265
0.0979148
0.0976532
0.0975372
0.0974413
0.0978453
0.0985575
0.0982966
0.0980362
0.0977762
0.0975168
0.0972579
0.0969995
0.0967417
0.0974495
0.0971917
0.0969343
0.0966775
0.0973827
0.097126
0.0968697
0.0966139
0.0963586
0.0961037
0.0958494
0.0955955
0.0962964
0.0960426
0.0957894
0.0955365
0.0952842
0.0950323
0.0948251
0.0947343
0.0946434
0.0945546
0.0944642
0.0943725
0.0942826
0.094193
0.0941031
0.094014
0.0939254
0.0938359
0.0937478
0.0936581
0.0935697
0.0934815
0.0936265
0.0933803
0.0932171
0.0938215
0.093576
0.0933308
0.0930862
0.092842
0.0926926
0.0926052
0.0925194
0.0924327
0.092346
0.0922604
0.092174
0.0920875
0.0920016
0.0919172
0.0918318
0.0917462
0.0916606
0.0915755
0.0914903
0.0914062
0.0913215
0.0912372
0.0911533
0.0910695
0.0914593
0.0912216
0.0909842
0.0907471
0.0906523
0.0911811
0.0909446
0.0907085
0.0904729
0.0902376
0.090155
0.0900739
0.0904354
0.0902011
0.0908664
0.0906321
0.0903981
0.0901647
0.0899317
0.089699
0.0894668
0.0901286
0.0898965
0.0896647
0.0894334
0.0892024
0.0898615
0.0896306
0.0894001
0.0891699
0.0889403
0.088711
0.088482
0.0883015
0.0882226
0.0881436
0.0880654
0.0879867
0.0879084
0.0878302
0.0877523
0.0876741
0.0875965
0.0875188
0.0874421
0.0873647
0.0872875
0.0872093
0.0871325
0.0870565
0.0869798
0.0869023
0.0868257
0.0867505
0.0866732
0.0865976
0.0865222
0.0864459
0.086371
0.0862947
0.0862201
0.0861439
0.0860699
0.0859937
0.08592
0.0858442
0.0857708
0.0856958
0.0856209
0.0855476
0.0854732
0.0853985
0.0853238
0.0852515
0.085178
0.085104
0.0850304
0.0849587
0.0848852
0.0848121
0.0847394
0.0846665
0.0845934
0.0845208
0.0844483
0.0843762
0.0843041
0.0842322
0.0841607
0.0840891
0.0842258
0.0841308
0.0840355
0.0839415
0.0838469
0.083753
0.0836588
0.0835646
0.0834711
0.0833781
0.083308
0.0836197
0.0834084
0.0831974
0.0830264
0.0829575
0.0833973
0.0840169
0.0846356
0.0844247
0.0842141
0.084004
0.0837939
0.0835845
0.0833753
0.0831665
0.082958
0.08275
0.0833645
0.083978
0.0837697
0.0843818
0.0841734
0.0839653
0.0837575
0.08355
0.083343
0.0839525
0.0845611
0.0843538
0.0841467
0.08394
0.0837336
0.0835275
0.0833218
0.0831164
0.0829113
0.0827066
0.0825021
0.0822982
0.0829021
0.0835052
0.0833009
0.0839026
0.0836982
0.0834942
0.0840943
0.0846934
0.0844891
0.0842851
0.0840815
0.0846786
0.084475
0.0842717
0.0840687
0.084664
0.0852584
0.0850551
0.0848521
0.0854449
0.0852419
0.0850393
0.084837
0.0846349
0.0844331
0.0842317
0.0840307
0.0846204
0.0852093
0.085008
0.0848069
0.0846062
0.0844058
0.0842057
0.084792
0.0845919
0.0843922
0.0841926
0.0839935
0.0837947
0.0843787
0.0841798
0.0847625
0.0845637
0.0851452
0.0849465
0.0855268
0.0853279
0.0859071
0.0857083
0.0862861
0.0860874
0.085889
0.0856909
0.086267
0.0868422
0.0874165
0.08799
0.087791
0.0875924
0.087394
0.0879657
0.0877674
0.0875692
0.0873715
0.087174
0.0869769
0.08678
0.0865834
0.0863872
0.0869558
0.0867595
0.0865636
0.0871307
0.0869348
0.0867392
0.0865439
0.0863488
0.086154
0.0859596
0.0857655
0.0855716
0.0853782
0.0851848
0.0857481
0.0863109
0.0861173
0.085924
0.085731
0.0855384
0.0853461
0.0851541
0.0849622
0.0855221
0.086081
0.085889
0.0856972
0.0855057
0.0853145
0.0851236
0.084933
0.0847427
0.0852989
0.0851086
0.0849186
0.0847287
0.0845393
0.0843502
0.0841613
0.0839726
0.0837843
0.0835961
0.0834084
0.083961
0.0837733
0.0835858
0.0833986
0.0832115
0.0830249
0.0828384
0.0826523
0.0824665
0.0822809
0.0820956
0.0819106
0.0817257
0.0815414
0.0813571
0.0811732
0.0809894
0.0808061
0.0806229
0.08044
0.0802574
0.080075
0.0798929
0.0804389
0.0809842
0.0808018
0.0806197
0.0804378
0.0802564
0.0807996
0.0806181
0.0811605
0.0809789
0.0807976
0.0806166
0.0804359
0.0802553
0.0800751
0.079895
0.0797154
0.0795358
0.0793567
0.0791777
0.078999
0.0788205
0.0786423
0.0784644
0.0782867
0.0781093
0.0779322
0.0777553
0.0775786
0.0781149
0.0779382
0.0784736
0.0782969
0.0781205
0.0779443
0.0777684
0.0775928
0.0774173
0.0779504
0.0777749
0.0783069
0.0781316
0.0779563
0.0777814
0.078312
0.0788418
0.0786665
0.0784916
0.0783169
0.0781425
0.0786705
0.0784962
0.0783219
0.0781479
0.0779741
0.0778007
0.0776275
0.0774545
0.0772817
0.0771092
0.076937
0.0767649
0.0765931
0.0764216
0.0762503
0.0760792
0.0759084
0.0757378
0.0755674
0.0753973
0.07592
0.0757498
0.0755798
0.0754101
0.0759314
0.0757618
0.0762819
0.0761122
0.0759428
0.0757735
0.0756045
0.0754359
0.0752674
0.0757853
0.0756168
0.0754486
0.0752805
0.0751127
0.074945
0.0747778
0.0752937
0.0751262
0.074959
0.0754738
0.0753067
0.0758204
0.0756532
0.0754864
0.0753196
0.0751531
0.0749868
0.0748208
0.074655
0.0744894
0.074324
0.0741588
0.0746696
0.0745044
0.0743396
0.0748491
0.0746843
0.0745195
0.0743549
0.0741907
0.0740267
0.0738629
0.0736991
0.0735358
0.0733727
0.0732096
0.0730469
0.0735533
0.0733904
0.073228
0.0730656
0.0735707
0.0734084
0.0732463
0.0730844
0.0729226
0.0727612
0.0732644
0.0731028
0.0729417
0.0727807
0.0726197
0.0724591
0.0722987
0.0721385
0.0726395
0.0724792
0.0723192
0.0721595
0.0726591
0.0724993
0.072998
0.073496
0.0733361
0.0731762
0.0730166
0.0735134
0.0733536
0.0738496
0.0736899
0.0735306
0.0733714
0.0732123
0.0730534
0.0728948
0.0727364
0.0725783
0.0724204
0.0729135
0.0727556
0.0725977
0.07309
0.0729322
0.0727745
0.0726171
0.07246
0.0723029
0.0721462
0.0726364
0.0724797
0.072323
0.0728123
0.0726557
0.0724992
0.0723431
0.0721871
0.0720313
0.0718756
0.0717203
0.0715652
0.0714101
0.0718968
0.0717416
0.0715868
0.0720724
0.0719176
0.071763
0.0716086
0.0714544
0.0713003
0.0711465
0.0709928
0.0708393
0.0706861
0.070533
0.0703802
0.0702275
0.070075
0.0699227
0.0697706
0.0696187
0.0701004
0.0699484
0.0697967
0.0696451
0.0694939
0.0693427
0.0691917
0.069041
0.0688904
0.06874
0.0685898
0.0684397
0.0682899
0.0681403
0.0679909
0.0678417
0.0676925
0.0675437
0.067395
0.0672464
0.0670981
0.06695
0.0668021
0.0666543
0.0665067
0.0663593
0.0668352
0.0666878
0.0665405
0.0663934
0.0662465
0.0660998
0.0659533
0.065807
0.0656608
0.0655149
0.0653691
0.0652235
0.0656966
0.0655509
0.0654055
0.0652602
0.0657319
0.0655867
0.0654416
0.0659125
0.0657673
0.0656223
0.0654777
0.0653331
0.0651886
0.0650443
0.0649003
0.0647563
0.0646127
0.0650811
0.0649374
0.0647938
0.0646504
0.0645072
0.0649742
0.0648311
0.0646881
0.0645452
0.0644025
0.0642599
0.0647255
0.0645829
0.0644405
0.0642983
0.0647627
0.0646205
0.0644785
0.0643365
0.0647998
0.0646578
0.0645161
0.0643745
0.0642331
0.064092
0.0639509
0.0638101
0.0636693
0.0641305
0.0639897
0.0638491
0.0643092
0.0647689
0.0646281
0.0644874
0.0649462
0.0648056
0.0646651
0.0645248
0.0643846
0.0642447
0.0641049
0.0639653
0.0638258
0.0642824
0.0641429
0.0640035
0.0638645
0.0637254
0.0635867
0.063448
0.0633096
0.0631711
0.0630329
0.062895
0.0627571
0.0626194
0.0624819
0.0623444
0.0622073
0.0620703
0.0625234
0.0623863
0.0622494
0.0621127
0.0619762
0.0624281
0.0622913
0.0627425
0.0626059
0.0624694
0.0623331
0.0621969
0.062061
0.0625107
0.0623746
0.0622387
0.0621031
0.0619675
0.0618322
0.0622804
0.0621451
0.0620098
0.0618746
0.0617397
0.0616049
0.0614704
0.061917
0.0617824
0.0616478
0.0620936
0.061959
0.0618247
0.0616906
0.0621353
0.062001
0.0618669
0.0623108
0.0621765
0.0620427
0.0619089
0.0617753
0.0616419
0.0615086
0.0613753
0.0618174
0.0616841
0.0615512
0.0614183
0.0612856
0.061153
0.0615937
0.0614611
0.0613285
0.0611963
0.0610641
0.0609322
0.0608004
0.0606686
0.060537
0.0604057
0.0608443
0.0607129
0.0605816
0.0610194
0.0608879
0.0607569
0.0606259
0.060495
0.0609314
0.0608007
0.0612365
0.0611055
0.0609748
0.0614099
0.0612791
0.0611485
0.061018
0.0608877
0.0607575
0.0606274
0.0604976
0.0609309
0.060801
0.0606712
0.0605416
0.0604121
0.0602827
0.0601535
0.0600246
0.0598957
0.0597669
0.0596383
0.0595099
0.0593815
0.0592533
0.0591254
0.0589975
0.0588697
0.058742
0.0586146
0.0584872
0.05836
0.0582331
0.0581061
0.0579793
0.0578527
0.0577264
0.0576001
0.0574738
0.0573478
0.0572218
0.0570961
0.0575239
0.057398
0.0578252
0.0582518
0.0581258
0.058
0.0578743
0.0577487
0.0576233
0.0574979
0.0573727
0.0572478
0.0571228
0.056998
0.0568736
0.056749
0.0566247
0.0570487
0.0569243
0.0573478
0.0572233
0.057099
0.0569749
0.0568509
0.0567271
0.0566034
0.0564799
0.0563564
0.0567781
0.0566546
0.0565312
0.056408
0.0562849
0.056162
0.0560393
0.0559164
0.055794
0.0556716
0.0555493
0.0554272
0.0553051
0.0551832
0.0550615
0.05494
0.0548185
0.055237
0.0551155
0.0555335
0.055412
0.0552905
0.0551693
0.0550482
0.0549271
0.0548062
0.0546854
0.0545648
0.0544443
0.054324
0.0542037
0.0541086
0.0540795
0.0540503
0.0540189
0.0539899
0.0539607
0.0539323
0.0539032
0.0538722
0.053843
0.0538147
0.0537857
0.0537546
0.053726
0.0536977
0.0536689
0.0536382
0.0536095
0.0535817
0.0535529
0.0535223
0.053494
0.053466
0.0534351
0.053407
0.0533793
0.0533513
0.0533206
0.053293
0.0532648
0.0532348
0.0532068
0.0531788
0.0531487
0.0531214
0.0530936
0.0530635
0.0530359
0.0530057
0.0529781
0.0529509
0.0529211
0.0528939
0.0528668
0.0528364
0.0528094
0.05278
0.0527529
0.0527228
0.0526959
0.0526688
0.0526395
0.0526128
0.0525835
0.0525565
0.0525272
0.0525006
0.0524705
0.0524442
0.0524179
0.0523885
0.052362
0.0523328
0.0523065
0.0522776
0.0522514
0.0522223
0.0521961
0.0521672
0.0521412
0.0521122
0.0520865
0.0520576
0.0520288
0.0520033
0.0519747
0.051949
0.0519206
0.0518941
0.051866
0.0518401
0.0518119
0.0517837
0.0517585
0.05173
0.0517045
0.051676
0.0516514
0.0516232
0.0515952
0.0515693
0.0515415
0.0515136
0.0514885
0.0514606
0.0514358
0.0514081
0.0513805
0.0513552
0.0513277
0.0513003
0.0512751
0.0512478
0.0512204
0.0511954
0.0511683
0.051141
0.051116
0.0510892
0.0510615
0.0510375
0.0510101
0.0509827
0.0509559
0.0509313
0.0509046
0.0508773
0.0508501
0.050826
0.0507993
0.0507729
0.0507489
0.0507219
0.0507889
0.050678
0.0506416
0.0506178
0.0505915
0.0505646
0.0505384
0.0505144
0.0504882
0.0504619
0.0504354
0.0504093
0.0503857
0.0503594
0.0503335
0.0503068
0.0502812
0.0502546
0.0502315
0.0502056
0.0501798
0.0501536
0.050128
0.0501021
0.0500789
0.050053
0.0500274
0.0500019
0.0499756
0.0499501
0.0499249
0.0498991
0.0498763
0.0498507
0.0498255
0.0498
0.0497749
0.049749
0.0497239
0.0499962
0.0498877
0.0497794
0.0496713
0.0495974
0.0495754
0.049839
0.0497311
0.0496232
0.0495154
0.0494506
0.0494257
0.0494007
0.0493763
0.0493515
0.0493266
0.049302
0.0492772
0.0492526
0.0494205
0.0493133
0.0492064
0.0491543
0.0491299
0.0493733
0.0492665
0.0491597
0.0490531
0.0490083
0.0489837
0.0489594
0.0489352
0.0489106
0.0488867
0.0488626
0.0488387
0.0488151
0.0487881
0.048764
0.0487403
0.048716
0.0486923
0.0486683
0.0486448
0.0486214
0.0485973
0.0485734
0.0485499
0.0485233
0.0485002
0.0484766
0.0484527
0.0484291
0.0484061
0.0483826
0.0483592
0.048336
0.0483097
0.0482864
0.048263
0.0482401
0.0482168
0.0481933
0.0481676
0.0481448
0.0481214
0.0480987
0.0480756
0.0480525
0.048027
0.0480039
0.0479808
0.0479584
0.0479354
0.0479101
0.047887
0.0478643
0.0478419
0.0478191
0.0477939
0.0477713
0.047749
0.047726
0.0477008
0.0476784
0.047656
0.0476339
0.0476117
0.0475866
0.0475639
0.0475413
0.0475165
0.0474945
0.0474725
0.04745
0.0474254
0.0474032
0.0473815
0.0473592
0.0473348
0.0473129
0.0472904
0.0472661
0.0472439
0.0472226
0.0471979
0.0471759
0.0471545
0.0471293
0.0471081
0.0470867
0.0470652
0.0470405
0.0470193
0.0469943
0.0469731
0.0469519
0.0469276
0.046906
0.0468845
0.047292
0.0472624
0.0476986
0.0476681
0.0476389
0.0476095
0.0475785
0.0475491
0.047519
0.0474899
0.0474606
0.0474304
0.0474012
0.0473709
0.047342
0.0473129
0.0472825
0.0472535
0.0472237
0.0471948
0.0471647
0.0471358
0.0471069
0.047077
0.0470482
0.0470183
0.0469897
0.0469598
0.0469314
0.0469016
0.0468731
0.0468426
0.0468145
0.0467862
0.0467565
0.0467281
0.0466984
0.0466703
0.0466406
0.0466126
0.0465832
0.0465549
0.0465256
0.0464973
0.0464678
0.0464399
0.0464105
0.0463825
0.0463532
0.0463253
0.0462961
0.0462685
0.0462394
0.0462101
0.0461826
0.0461534
0.0464997
0.0464016
0.0463034
0.0462055
0.0461076
0.0460098
0.0459542
0.0459274
0.0458984
0.045871
0.0459738
0.0458764
0.045786
0.0457575
0.0457305
0.045702
0.0456744
0.0456457
0.0460671
0.0460405
0.0460118
0.0459843
0.0459556
0.0459272
0.0458999
0.0458716
0.0458444
0.0458161
0.0457876
0.0457603
0.045732
0.0457038
0.045677
0.0456486
0.0456203
0.0455934
0.0457
0.0456038
0.0455105
0.0454823
0.0454557
0.0454277
0.0453996
0.0454733
0.0453775
0.045317
0.0452892
0.0455347
0.0454392
0.0453435
0.0452481
0.045153
0.0455006
0.0454051
0.0457526
0.0456572
0.0460042
0.046351
0.0462554
0.0461599
0.0460644
0.045969
0.0458738
0.0462198
0.0465654
0.0464699
0.0463747
0.0462794
0.0461841
0.0460892
0.0459942
0.0458993
0.0458043
0.0457097
0.045615
0.0455204
0.0454258
0.0453315
0.0452996
0.045581
0.0454866
0.0453923
0.0452982
0.045204
0.0451376
0.045112
0.0450844
0.0450575
0.0450299
0.0450032
0.0449758
0.0449504
0.0449235
0.0448962
0.0448694
0.0448424
0.0448169
0.0447899
0.0447634
0.0447362
0.0447095
0.0446829
0.0446576
0.0446307
0.0446042
0.0445775
0.0445508
0.0445244
0.0444977
0.0444722
0.0444458
0.0444193
0.044393
0.0443662
0.04434
0.0443138
0.0442874
0.0442621
0.0442359
0.0442098
0.0441836
0.0441573
0.0441307
0.0441048
0.0440788
0.0440525
0.0440263
0.0440015
0.0439756
0.0439493
0.0439236
0.0438978
0.0443
0.0442734
0.0442473
0.0442215
0.0441949
0.0441695
0.0441433
0.0441175
0.0440914
0.0440672
0.044041
0.0440153
0.0439892
0.0439633
0.043938
0.0439121
0.0438864
0.0438608
0.0438352
0.0438096
0.0437839
0.0437582
0.0437328
0.0437071
0.0436814
0.0436558
0.0436302
0.0436049
0.0435795
0.0435541
0.0435287
0.0435033
0.043478
0.0434527
0.0434274
0.0434025
0.0437989
0.0437735
0.0437482
0.0437228
0.0436975
0.0436723
0.0436468
0.0436217
0.0435959
0.0435709
0.043546
0.0435207
0.0434956
0.0434706
0.0434442
0.0434194
0.0433942
0.0433695
0.0433439
0.0433193
0.0432942
0.0432695
0.043245
0.0436375
0.0436125
0.043587
0.0435626
0.0435374
0.0435111
0.0434865
0.0434617
0.0434367
0.0434119
0.0433869
0.0433627
0.0433379
0.0437279
0.0437032
0.0436769
0.0436527
0.0436281
0.0436028
0.043578
0.0435537
0.043529
0.0435042
0.0434796
0.0434536
0.0434293
0.0434043
0.04338
0.0433555
0.0433306
0.0433064
0.0432807
0.0432566
0.0432316
0.0432076
0.0431831
0.0431587
0.043133
0.0431089
0.0430844
0.0430605
0.0430362
0.0430119
0.0429865
0.0429626
0.0429379
0.0429142
0.0428897
0.0428658
0.0428405
0.0428163
0.0427927
0.0427688
0.0427445
0.0427194
0.0426953
0.0426717
0.0426472
0.0426239
0.042599
0.0425747
0.0425515
0.0425274
0.0425026
0.0424786
0.0424553
0.0424317
0.0424078
0.0423832
0.0423591
0.0423358
0.0423121
0.0422875
0.0422638
0.0426456
0.0426215
0.0425971
0.0425732
0.04255
0.0425261
0.0425016
0.0424778
0.0424548
0.0424309
0.0424069
0.0423831
0.0423593
0.042335
0.0423117
0.0422886
0.0422648
0.0422407
0.042217
0.0421934
0.0422085
0.0421461
0.0421232
0.0420998
0.0420761
0.0420527
0.0420294
0.0420052
0.0419819
0.0419587
0.0419351
0.042075
0.0419903
0.0419057
0.0418416
0.0418192
0.0417961
0.0417719
0.0421482
0.042125
0.0421007
0.0420781
0.0420551
0.0420308
0.0420081
0.041984
0.0420035
0.0419384
0.0419145
0.0418914
0.0418684
0.0418447
0.0418219
0.0417992
0.0417759
0.0417533
0.0417303
0.0417064
0.0417885
0.0421003
0.0420164
0.0419328
0.0422441
0.0425553
0.0424714
0.0427822
0.0426984
0.0426145
0.0425307
0.0424469
0.0423633
0.0422797
0.0421962
0.0421128
0.0424227
0.0427323
0.0426487
0.0425652
0.0424817
0.0423985
0.0423151
0.0422319
0.0425407
0.0428494
0.0427661
0.0426827
0.0429909
0.0429075
0.0428243
0.0427412
0.0426581
0.0429657
0.0428825
0.0427994
0.0427164
0.0426336
0.0429406
0.0428575
0.0427747
0.0426919
0.042609
0.0425265
0.0424437
0.0423612
0.0422787
0.0425847
0.0425022
0.0424197
0.0423374
0.042255
0.0421727
0.0420905
0.0420084
0.0419263
0.0418442
0.0417623
0.0416805
0.0415987
0.0415168
0.0414352
0.0413536
0.0412719
0.0411904
0.0411089
0.0410275
0.0409462
0.040865
0.041169
0.0410877
0.0410065
0.0409254
0.0408443
0.0407632
0.0410666
0.0409855
0.0409045
0.0412076
0.0411265
0.0410454
0.0409646
0.0408837
0.040803
0.0407223
0.0410244
0.0409437
0.0408631
0.0407825
0.0410842
0.0410036
0.0409231
0.0408425
0.040762
0.0406817
0.0406014
0.0405211
0.040822
0.0407416
0.0406615
0.0405813
0.0405012
0.0404212
0.0403413
0.0406413
0.0405613
0.0404814
0.0404015
0.0403218
0.0406213
0.0405414
0.0404617
0.040382
0.0403023
0.0402226
0.0401432
0.040442
0.0403625
0.0402829
0.0402035
0.0401242
0.0400448
0.0399656
0.0398864
0.0398072
0.0397281
0.0396745
0.0396543
0.0396329
0.0396115
0.0395907
0.039569
0.0395476
0.0395275
0.0395055
0.0394857
0.0394643
0.0394422
0.0394225
0.0394011
0.0393799
0.0393591
0.0393379
0.0393169
0.0392972
0.0392751
0.0392541
0.0392339
0.0392125
0.0391914
0.0391714
0.0391505
0.0391306
0.0391094
0.0390881
0.0390683
0.0390473
0.039026
0.0390064
0.0389849
0.0389638
0.0389429
0.039295
0.0392736
0.0392529
0.0392336
0.0392116
0.0391909
0.0391706
0.0391501
0.0391292
0.0391092
0.0390884
0.0390671
0.0390477
0.0390266
0.0390054
0.038985
0.0389649
0.0389445
0.0389239
0.0389038
0.0388833
0.038862
0.0388417
0.0388219
0.0388015
0.038781
0.0387611
0.0387405
0.0387196
0.0386992
0.0386795
0.0386593
0.0386387
0.0387452
0.0386685
0.0385919
0.0385575
0.038537
0.0385175
0.0384975
0.0384765
0.0384999
0.0384374
0.038783
0.0387621
0.0389265
0.0388501
0.0387739
0.0386976
0.0386611
0.0386418
0.0386218
0.0386007
0.0386819
0.0386058
0.0385416
0.0388182
0.0387421
0.0386662
0.0385904
0.0385145
0.0384387
0.0384007
0.0383816
0.0383617
0.0384991
0.0384235
0.0383479
0.0382817
0.0385594
0.0384839
0.0387707
0.038695
0.0386196
0.0385441
0.0388305
0.0387549
0.0386795
0.0389655
0.03889
0.0388147
0.0387393
0.038664
0.0385887
0.0385135
0.0384384
0.0383633
0.0382883
0.0385734
0.0384983
0.0387833
0.0387081
0.0386331
0.0385581
0.0384832
0.0384083
0.0386926
0.0386178
0.0385429
0.0384681
0.0383934
0.0383188
0.0382441
0.0381696
0.0380951
0.0380206
0.038304
0.0382295
0.0381551
0.0380808
0.0380064
0.0382893
0.0382149
0.0381407
0.0380665
0.0379923
0.0379181
0.0378441
0.03777
0.0380522
0.0379782
0.0379042
0.038186
0.0384676
0.0383936
0.0383195
0.0386009
0.0385267
0.0384528
0.0383788
0.0383049
0.0382311
0.0381572
0.0380834
0.0380099
0.0382903
0.0382166
0.038143
0.0380694
0.0379958
0.0379224
0.0378489
0.0377755
0.0377022
0.0376289
0.0375556
0.0374825
0.0374093
0.0373362
0.0372632
0.0371902
0.0371172
0.0370444
0.0369955
0.0372506
0.0371777
0.037105
0.0370321
0.0369595
0.0368868
0.0368638
0.0370926
0.03702
0.0369474
0.0368749
0.0368024
0.0367525
0.0370079
0.0369354
0.0368631
0.0367906
0.0367184
0.0366461
0.036622
0.0366033
0.0365844
0.0365657
0.0366347
0.0365626
0.0365102
0.0364915
0.0364736
0.036455
0.0364364
0.0364795
0.0364076
0.0363811
0.0366119
0.0365402
0.0368159
0.0367439
0.0366722
0.0366006
0.0365289
0.0364573
0.0367325
0.0366607
0.0365892
0.0365177
0.0364462
0.0363747
0.0363034
0.0362321
0.0361608
0.0360894
0.0360351
0.0360169
0.0359988
0.0359807
0.0359626
0.0360081
0.0359371
0.0359075
0.0358894
0.0358714
0.0358535
0.0358357
0.0358177
0.0357997
0.0361256
0.0361078
0.0360897
0.0360715
0.0360535
0.0360356
0.0360175
0.0359997
0.0359802
0.0359625
0.0359448
0.0359269
0.0359091
0.035891
0.0358733
0.0358556
0.035837
0.0358194
0.0358013
0.0357835
0.0357657
0.035748
0.0357306
0.0358069
0.0357367
0.0356774
0.0356596
0.0356413
0.0356237
0.035727
0.035657
0.0355871
0.0358574
0.0357873
0.0357175
0.0356476
0.0359174
0.0358475
0.0361171
0.0360472
0.0359772
0.0359075
0.0361768
0.0361069
0.0360371
0.0359674
0.0358976
0.0358279
0.0357584
0.0356888
0.0356193
0.0355499
0.0358183
0.0357487
0.0356794
0.0359474
0.0358779
0.0358086
0.0357393
0.0356699
0.0356006
0.0355314
0.035799
0.0357297
0.0356605
0.0355914
0.0355222
0.0357894
0.0357202
0.0356511
0.0355821
0.035513
0.0354442
0.0353752
0.0356417
0.035908
0.035839
0.0357701
0.0360362
0.0359672
0.0358983
0.0358295
0.0357606
0.0356918
0.0356231
0.0355545
0.0354858
0.0354173
0.0356825
0.0356139
0.0355453
0.0354767
0.0354083
0.0356732
0.0356047
0.0355362
0.0354679
0.0353994
0.0353312
0.0352629
0.0351946
0.0351266
0.0350584
0.0349903
0.0349223
0.0351862
0.0351181
0.0350502
0.0349822
0.0352457
0.035509
0.035441
0.035373
0.0353051
0.0352371
0.0351693
0.0351015
0.0350338
0.034966
0.0348983
0.0348306
0.034763
0.0346955
0.034628
0.0345606
0.0344931
0.0344257
0.0343584
0.0342911
0.0345531
0.0344858
0.0344185
0.0343513
0.0342842
0.0345457
0.0348071
0.0347399
0.0346727
0.0346056
0.0345384
0.0344713
0.0347323
0.0349931
0.0349259
0.0348588
0.0347918
0.0347247
0.0346577
0.034918
0.034851
0.034784
0.0347171
0.0346502
0.0345834
0.0348432
0.0347763
0.0347096
0.0346428
0.0349022
0.0348354
0.0347687
0.034702
0.0346352
0.0345688
0.0345021
0.0344356
0.0343692
0.0343027
0.0345614
0.0344949
0.0344285
0.0343621
0.0342958
0.0342295
0.0341632
0.0340971
0.0343552
0.0342889
0.0342228
0.0341567
0.0340906
0.0340246
0.0339585
0.034216
0.03415
0.034084
0.034018
0.0339522
0.0338863
0.0338206
0.0340776
0.0340118
0.033946
0.0338804
0.034137
0.0340711
0.0340055
0.0339397
0.0338742
0.0338085
0.033743
0.0336775
0.033612
0.0335466
0.0334812
0.0334159
0.0333505
0.0332853
0.0332201
0.0331764
0.0334824
0.0334706
0.0334578
0.0334441
0.0334316
0.0334201
0.0334077
0.0333937
0.0333812
0.0333688
0.0333551
0.0333425
0.0333312
0.0333188
0.0333051
0.0332927
0.0332804
0.0332667
0.0332541
0.0332425
0.0332309
0.0332164
0.033205
0.0331925
0.0331788
0.0331665
0.0331542
0.0331408
0.0331287
0.0331171
0.0331054
0.0330909
0.0330794
0.0330673
0.0330538
0.0330419
0.0330299
0.0330162
0.033004
0.0329921
0.0329787
0.0329665
0.0329553
0.0329411
0.0329292
0.032918
0.0329037
0.032892
0.0328807
0.0328664
0.0328545
0.0328433
0.0328324
0.032818
0.0328069
0.0327953
0.032781
0.03277
0.0327585
0.0327436
0.0327327
0.0327187
0.0327071
0.0326959
0.0326821
0.0326703
0.0326594
0.0326456
0.0326338
0.0326222
0.0326092
0.0325974
0.0325857
0.0325729
0.0325615
0.0325496
0.0325367
0.0325252
0.0325134
0.0324999
0.0324891
0.032475
0.0324633
0.0324528
0.0324392
0.0324275
0.0324162
0.0324032
0.0323921
0.0323805
0.032367
0.0323557
0.0323424
0.0323309
0.0323194
0.0323068
0.0322955
0.032284
0.0322706
0.0322596
0.0322464
0.0322348
0.0322235
0.0322114
0.0321999
0.0321887
0.0321749
0.0321644
0.032151
0.0321401
0.0321286
0.0321153
0.0321046
0.0320914
0.0320801
0.0320691
0.0320559
0.0320457
0.032032
0.0320207
0.0320098
0.0319965
0.0319865
0.0319729
0.0319618
0.0319508
0.0319377
0.0319271
0.0319142
0.031903
0.031892
0.0318792
0.0318685
0.0318555
0.0318449
0.0318339
0.0318205
0.0318094
0.0317973
0.0317864
0.0317731
0.0317621
0.0317516
0.0317388
0.0317282
0.0317153
0.0317048
0.031691
0.0316804
0.0316697
0.031657
0.0316467
0.0316341
0.0316235
0.03161
0.0315993
0.0315887
0.0315762
0.0315648
0.0315533
0.0315425
0.0315294
0.0315191
0.0315083
0.0314953
0.0314848
0.0314721
0.031462
0.0314494
0.0314389
0.0314261
0.0314156
0.0314051
0.0313919
0.0313814
0.0313695
0.0313584
0.0313467
0.0313359
0.0313233
0.0313131
0.0313002
0.03129
0.0312794
0.0312666
0.0312563
0.0312435
0.0312331
0.031221
0.0312111
0.0311987
0.031188
0.0311759
0.0311655
0.0311528
0.0311428
0.03113
0.0311198
0.0311096
0.0310968
0.0310867
0.0310739
0.031064
0.0310515
0.0310414
0.0310293
0.0310187
0.0310066
0.0309961
0.030985
0.0309743
0.0309624
0.0309519
0.03094
0.0309293
0.0309173
0.0309074
0.0308949
0.0308849
0.0308725
0.0308626
0.0308504
0.0308405
0.030828
0.0308182
0.0308058
0.0307959
0.0307837
0.0307738
0.0307615
0.0307517
0.0307394
0.0307297
0.0307171
0.0307074
0.0306951
0.0306855
0.0306732
0.030663
0.0306515
0.0306411
0.0306295
0.0306193
0.0306078
0.0305979
0.030585
0.030575
0.0305634
0.0305534
0.0305412
0.0305318
0.0305196
0.03051
0.0304978
0.0304884
0.0304763
0.0304639
0.0304551
0.0307391
0.0307298
0.0307174
0.0307078
0.030696
0.0306859
0.0306743
0.0306635
0.0306521
0.0306423
0.0306301
0.0306208
0.0306086
0.0305996
0.0305874
0.0305756
0.0305661
0.0305542
0.0305443
0.0305328
0.0305222
0.030511
0.0305012
0.030489
0.03048
0.0304682
0.0304563
0.0304469
0.0304351
0.0304255
0.0304133
0.0304039
0.030392
0.0303829
0.0303711
0.0303593
0.03035
0.0303383
0.030329
0.0303167
0.0303072
0.0302953
0.0302866
0.030275
0.030263
0.0302535
0.0302413
0.0302322
0.0302204
0.0302116
0.0302
0.0301885
0.0301788
0.0301678
0.0301576
0.0301461
0.0301371
0.0301257
0.0301142
0.0301046
0.0300929
0.0300837
0.0300719
0.0300604
0.0300519
0.0300402
0.0300303
0.0300187
0.0300099
0.0299988
0.0299873
0.029978
0.0299664
0.0299572
0.0299456
0.0299343
0.0299255
0.0299144
0.0299045
0.029893
0.0298817
0.0298732
0.0298617
0.0298521
0.0298406
0.0298291
0.0298207
0.0298095
0.0297998
0.0297886
0.0297772
0.0297688
0.0297576
0.0297479
0.0297364
0.0297255
0.029717
0.0297049
0.0296963
0.029685
0.0296742
0.0296652
0.0296537
0.0296449
0.0296339
0.0296228
0.0296131
0.0296021
0.0295906
0.0295827
0.0295716
0.0295621
0.0295509
0.0295404
0.0295313
0.0295196
0.0295113
0.0295006
0.0294895
0.02948
0.0294689
0.0294583
0.0294495
0.029438
0.0294299
0.0297044
0.0296925
0.029684
0.0296733
0.0296621
0.0296528
0.0296417
0.0296308
0.0296222
0.0296106
0.0296026
0.0295916
0.0295799
0.0295713
0.0295608
0.0295498
0.0295404
0.0295296
0.029519
0.0295096
0.0294987
0.0294879
0.0294794
0.029468
0.0294604
0.0294493
0.0294378
0.0294294
0.0294189
0.0294071
0.0293987
0.0293885
0.0293775
0.0293686
0.0293579
0.0293471
0.0293381
0.0293275
0.0293167
0.0293076
0.0292969
0.0292866
0.0292775
0.0292668
0.0292565
0.0292473
0.0292368
0.0292264
0.0292174
0.0292068
0.0291963
0.0291874
0.0291767
0.0291665
0.0291576
0.0291472
0.0291368
0.0291278
0.0291175
0.0291069
0.029098
0.029088
0.0290773
0.0290682
0.0290584
0.029047
0.029039
0.0290284
0.0290176
0.0290062
0.0289987
0.0289879
0.0289773
0.0289694
0.0289585
0.0289482
0.0289391
0.0289291
0.0289191
0.0289329
0.028923
0.0289116
0.0289036
0.0288932
0.0288819
0.0288715
0.0288637
0.0288527
0.0288428
0.0288337
0.0288239
0.0288134
0.0288047
0.0287948
0.0287839
0.0287729
0.0287653
0.0287544
0.0287443
0.0287356
0.0287258
0.0287151
0.0287069
0.0286969
0.0286859
0.0286756
0.028667
0.0286571
0.0286469
0.0286385
0.0286283
0.0286173
0.0286072
0.0285988
0.0285888
0.0285788
0.0285703
0.0285604
0.0285495
0.0285395
0.0285309
0.0285212
0.0285103
0.0285029
0.0284925
0.0284817
0.0284717
0.0284636
0.0284539
0.0284434
0.0284329
0.0284249
0.0284149
0.0284049
0.0283968
0.0283864
0.0283758
0.0283661
0.0283576
0.0283478
0.0283372
0.0283275
0.0283192
0.0283098
0.0282991
0.0282888
0.0282809
0.0282713
0.0282606
0.0282538
0.0282431
0.0282326
0.0282229
0.0282152
0.0282049
0.0281944
0.0281852
0.028177
0.0281667
0.0281562
0.028147
0.0281389
0.0281287
0.0281183
0.0281091
0.0281011
0.028091
0.0280806
0.0280714
0.0280632
0.0280533
0.0280431
0.0280337
0.028026
0.0280159
0.0280055
0.0279963
0.0279853
0.0279779
0.0279685
0.0279582
0.0279486
0.0279405
0.0279313
0.0279207
0.0279115
0.0279034
0.0278938
0.0278835
0.0278742
0.0278664
0.0278567
0.0278465
0.0278373
0.0278267
0.0278192
0.0278103
0.0277994
0.0277903
0.0277824
0.0277732
0.0277625
0.0277535
0.0277461
0.0277356
0.0277265
0.0277166
0.0277069
0.0276991
0.0276899
0.0276794
0.0276704
0.0276598
0.0276527
0.0276436
0.0276332
0.027624
0.0276166
0.0276068
0.0275974
0.0275874
0.027578
0.0275702
0.0275612
0.0275508
0.0275421
0.0275315
0.0275244
0.0275154
0.0275051
0.0274961
0.0274855
0.0274786
0.0274699
0.0274595
0.0274506
0.0274435
0.0274332
0.0274242
0.027414
0.0274053
0.027398
0.0273878
0.027379
0.0273689
0.0273599
0.0273495
0.0273424
0.0273336
0.0273235
0.0273148
0.0273046
0.0272976
0.0272887
0.0272787
0.0272694
0.02726
0.0272527
0.0272434
0.0272342
0.0272243
0.0272154
0.0272085
0.0271984
0.0271896
0.0271798
0.027171
0.0271612
0.027154
0.0271447
0.0271357
0.0271263
0.027117
0.02711
0.0271003
0.0270913
0.0270814
0.0270723
0.0270634
0.0270562
0.0270472
0.027038
0.0270282
0.0270193
0.0270098
0.0270028
0.0269937
0.0269848
0.026975
0.0269661
0.0269565
0.0269496
0.0269405
0.0269318
0.026922
0.0269132
0.0269037
0.0268968
0.0268878
0.0271422
0.0271323
0.0271236
0.027114
0.027107
0.0270973
0.027089
0.027079
0.0270703
0.0270613
0.0270546
0.0270445
0.0270364
0.027027
0.0270173
0.0270091
0.0269993
0.0269923
0.0269836
0.0269747
0.0269645
0.0269559
0.0269469
0.0269408
0.0269308
0.0269219
0.0269133
0.0269032
0.0268947
0.0268857
0.0268792
0.0268695
0.0268605
0.0268521
0.0268422
0.0268336
0.026825
0.0268182
0.0268086
0.0267998
0.0267913
0.0267815
0.0267729
0.0267642
0.0267546
0.0267481
0.0267387
0.0267305
0.0267211
0.0267121
0.0267037
0.0266947
0.026688
0.0266788
0.02667
0.0266616
0.0266517
0.0266435
0.0266348
0.0266254
0.026619
0.0266096
0.0266012
0.0265929
0.0265832
0.0265747
0.0265663
0.026557
0.0265505
0.0265412
0.0265326
0.0265242
0.0265148
0.0265058
0.0264977
0.026489
0.0264826
0.0264733
0.0264642
0.0264561
0.0264473
0.0264379
0.0264297
0.0264212
0.026412
0.0264058
0.0263968
0.0263883
0.0263798
0.0263711
0.0263616
0.0263535
0.026345
0.026336
0.0263298
0.0263208
0.0263119
0.0263041
0.0262956
0.026286
0.0262774
0.0262699
0.0262607
0.0262519
0.0262456
0.0262371
0.0262289
0.0262204
0.0262119
0.0262024
0.026194
0.0261855
0.0261776
0.0264246
0.0264184
0.0264096
0.0264009
0.0263924
0.0263842
0.0263752
0.0263665
0.0263585
0.0263501
0.0263413
0.0263325
0.0263266
0.026318
0.0263093
0.026301
0.0262929
0.0262843
0.0262752
0.0262666
0.0262583
0.0262503
0.0262415
0.0262326
0.0262271
0.0262185
0.0262097
0.0262017
0.0261936
0.0261852
0.0261762
0.0261677
0.0261595
0.0261515
0.0261429
0.0261344
0.0261287
0.02612
0.0261114
0.0261036
0.0260948
0.026087
0.0260784
0.0260695
0.0260611
0.0260534
0.0260454
0.0260367
0.0260282
0.0260196
0.0260141
0.0260054
0.025997
0.0259883
0.0259807
0.0259727
0.0259645
0.0259557
0.0259472
0.025939
0.0259312
0.0259235
0.0259148
0.0259066
0.025898
0.0258891
0.0258839
0.0258754
0.0258672
0.0258587
0.0258512
0.0258434
0.025835
0.0258269
0.025818
0.0258099
0.0258018
0.0257938
0.0257855
0.0257779
0.0257695
0.0257613
0.0257528
0.0257442
0.0257391
0.0257312
0.0257228
0.0257145
0.0257061
0.0256986
0.0256909
0.0256826
0.0256745
0.0256664
0.0256578
0.0256497
0.0256417
0.0256335
0.0256259
0.0256175
0.0256101
0.0256018
0.0255936
0.0255857
0.0255774
0.0255693
0.0255641
0.0255561
0.0255477
0.0255396
0.0255316
0.0255234
0.0255151
0.025508
0.0255
0.0254924
0.0254843
0.0254763
0.0254686
0.0254604
0.0254518
0.0254438
0.025436
0.0254281
0.0254201
0.0254127
0.0254047
0.0253965
0.0253894
0.0253812
0.0253734
0.0253654
0.0253573
0.0253496
0.0253415
0.0253334
0.0253257
0.0253177
0.0253102
0.0253046
0.0252966
0.025289
0.0252811
0.025273
0.025265
0.0252573
0.0252494
0.0252414
0.0252338
0.0252259
0.025218
0.02521
0.0252031
0.0251952
0.0251875
0.0251794
0.0251719
0.0251646
0.0251566
0.0251488
0.0251412
0.0251334
0.0251256
0.0251179
0.0251101
0.0251025
0.0250949
0.0250869
0.0250796
0.0250719
0.0250641
0.0250563
0.0250486
0.0250408
0.0250332
0.0250255
0.0250179
0.0250101
0.0250025
0.0249948
0.0249871
0.0249794
0.0249717
0.024964
0.0249564
0.0249489
0.0249413
0.0249338
0.0249261
0.0249186
0.024911
0.0249035
0.0248958
0.0248882
0.0248807
0.0248732
0.0248656
0.0248582
0.0248507
0.0248431
0.0248353
0.0248278
0.0248201
0.0248128
0.0248051
0.0247977
0.0247902
0.0247827
0.0247752
0.0247679
0.0247599
0.0247521
0.0247449
0.0247374
0.0247301
0.0247229
0.0247141
0.024707
0.0246998
0.0246919
0.0246847
0.0246773
0.0246698
0.0246624
0.0246553
0.0246478
0.0246402
0.024633
0.024626
0.0246155
0.0246084
0.0246012
0.0245939
0.0245863
0.024579
0.0245718
0.0245646
0.0245568
0.02455
0.0245417
0.0245345
0.0245274
0.0245193
0.0245121
0.0245051
0.0244976
0.0244902
0.0244829
0.0244762
0.0244691
0.0244616
0.0244542
0.0244469
0.0244395
0.0244322
0.024425
0.024417
0.0244095
0.0244027
0.0243955
0.0243882
0.0243813
0.0243744
0.0243642
0.024357
0.0243499
0.0243429
0.0243356
0.0243286
0.0243208
0.0243139
0.0243061
0.024299
0.0242918
0.0242846
0.0242777
0.0242707
0.0242633
0.0242565
0.0242487
0.0242419
0.0242341
0.0242271
0.0242199
0.0242131
0.0242061
0.0241963
0.0241894
0.0241824
0.0241753
0.0241683
0.0241606
0.0241536
0.024146
0.0241392
0.0241319
0.0241254
0.0241183
0.0241112
0.0241035
0.0240971
0.0240892
0.0240824
0.0240757
0.0240685
0.024059
0.0240518
0.024045
0.024038
0.0240308
0.0240239
0.0240163
0.0240092
0.0240026
0.0239962
0.0239891
0.0239817
0.0239748
0.0239671
0.0239604
0.0239538
0.0239473
0.0239374
0.0239306
0.0239239
0.0239162
0.0239093
0.0239022
0.0238951
0.0238888
0.023882
0.0238752
0.0238678
0.0238606
0.0238535
0.0238467
0.0238373
0.0238308
0.023824
0.0238174
0.02381
0.0238026
0.0237956
0.0237896
0.0237826
0.0237761
0.0237688
0.0237612
0.0237545
0.023748
0.0237388
0.0237322
0.0237254
0.0237182
0.023711
0.0237042
0.0236979
0.0236912
0.023684
0.0236763
0.02367
0.0236635
0.0236571
0.0236477
0.023641
0.0236346
0.0236273
0.0236201
0.0236134
0.0236071
0.0236006
0.0235922
0.0235862
0.0235796
0.0235702
0.0235639
0.0235577
0.0235503
0.0235433
0.0235362
0.0235305
0.0235236
0.0235164
0.0235094
0.023503
0.023497
0.0234875
0.0234811
0.0234739
0.0234669
0.0234603
0.0234545
0.0234477
0.0234407
0.0234336
0.0234272
0.0234182
0.0234117
0.0234052
0.0233983
0.0233913
0.0233852
0.0233787
0.0233716
0.0233644
0.0233582
0.023349
0.0233431
0.0233365
0.0233296
0.0233227
0.0233165
0.0233101
0.0233032
0.0232962
0.0232899
0.0232812
0.0232745
0.0232676
0.023261
0.0232543
0.0232484
0.0232415
0.0232346
0.023228
0.0232189
0.0232133
0.0232068
0.0232
0.0231931
0.0231874
0.023181
0.0231733
0.0231669
0.0231612
0.0231523
0.0231459
0.0231391
0.0231318
0.0231263
0.0231194
0.0231127
0.0231062
0.0230975
0.0230913
0.0230845
0.0230781
0.0230715
0.0230655
0.0230587
0.0230523
0.0230459
0.0230372
0.0230311
0.0230244
0.0230174
0.0230119
0.023005
0.0229982
0.0229922
0.0229836
0.0229773
0.0229707
0.0229641
0.0229583
0.0229523
0.0229448
0.0229387
0.0229303
0.0229239
0.0229174
0.0229107
0.0229051
0.0228981
0.0228916
0.0228857
0.0228768
0.0228707
0.0228642
0.0228572
0.0228517
0.0228451
0.0228386
0.0228326
0.0228241
0.0228182
0.0228111
0.0228052
0.0227987
0.0227919
0.0227859
0.0227776
0.0227717
0.0227652
0.0227579
0.0227526
0.0227459
0.0227396
0.0227339
0.0227252
0.0227185
0.0227123
0.0227069
0.0226997
0.0226933
0.0229139
0.0229055
0.0228986
0.0228924
0.0228868
0.02288
0.0228735
0.0228677
0.0228594
0.0228535
0.0228463
0.0228407
0.0228341
0.0228274
0.0228218
0.0228134
0.0228069
0.0228003
0.022795
0.0227881
0.022782
0.0227729
0.0227676
0.0227613
0.0227543
0.0227488
0.0227419
0.0227361
0.022728
0.0227219
0.0227151
0.0227096
0.0227037
0.0226964
0.0226908
0.0226827
0.0226763
0.0226697
0.0226642
0.0226578
0.0226514
0.0226434
0.0226374
0.0226308
0.0226251
0.0226185
0.0226125
0.0226071
0.0225983
0.0225924
0.0225857
0.02258
0.0225734
0.0225677
0.0225593
0.0225532
0.0225469
0.0225413
0.0225345
0.022529
0.0225207
0.0225143
0.0225082
0.0225028
0.0227195
0.0227133
0.0227051
0.0226994
0.0226926
0.022687
0.0226806
0.0226746
0.0226664
0.0226608
0.0226539
0.0226485
0.0226422
0.022636
0.0226278
0.0226216
0.0226154
0.0226099
0.0226033
0.0225974
0.0225893
0.0225832
0.0225768
0.0225713
0.0225648
0.0225595
0.022551
0.0225453
0.0225391
0.0225328
0.0225269
0.0225185
0.0225129
0.0225061
0.0225011
0.0224947
0.0224887
0.0224806
0.0224746
0.022468
0.0224628
0.0224565
0.0224513
0.0224429
0.0224362
0.0224311
0.0224246
0.0224186
0.0224108
0.0224048
0.0223983
0.0223931
0.0223867
0.0223817
0.0223733
0.0223668
0.0223617
0.0223553
0.0223494
0.0223415
0.0223356
0.0223292
0.0223231
0.0223177
0.0223095
0.0223039
0.0222974
0.0222924
0.0222857
0.0222808
0.0222726
0.022266
0.0222608
0.022254
0.022249
0.0222407
0.0222353
0.0222293
0.0222233
0.0222173
0.0222097
0.0222038
0.0221975
0.0221918
0.022186
0.0221781
0.0221723
0.0221662
0.0221614
0.022155
0.022147
0.0221413
0.0221348
0.0221302
0.0221238
0.022116
0.0221108
0.0221039
0.0220991
0.0220928
0.022085
0.0220798
0.0220728
0.0220683
0.0220618
0.022054
0.0220484
0.0220422
0.0220363
0.0220312
0.0220233
0.0220177
0.0220114
0.0220059
0.022
0.0219929
0.0219871
0.0219814
0.0219752
0.0219698
0.0219617
0.0219555
0.021951
0.0219443
0.0219394
0.0219316
0.021925
0.0219203
0.0219139
0.021906
0.0219012
0.0218949
0.0218902
0.021884
0.0218761
0.0218705
0.021865
0.021859
0.0218535
0.0218459
0.0218397
0.0218348
0.0218285
0.0218205
0.0218159
0.0218095
0.0220209
0.0220149
0.022007
0.0220016
0.0219959
0.02199
0.0219844
0.0219769
0.0219706
0.0219658
0.0219598
0.0219518
0.0219464
0.0219407
0.0219351
0.0219295
0.0219218
0.0219155
0.0219111
0.0219049
0.0218971
0.0218917
0.0218863
0.0218806
0.0218748
0.0218676
0.0218613
0.0218564
0.0218504
0.0218429
0.0218376
0.0218321
0.0218258
0.0218211
0.0218132
0.021807
0.0218015
0.0217962
0.0217885
0.0217829
0.0217779
0.0217719
0.0217646
0.0217591
0.0217537
0.021748
0.0217429
0.0217352
0.021729
0.0217236
0.0217182
0.0217108
0.0217045
0.0217002
0.0216941
0.0216868
0.0216814
0.0216764
0.0216699
0.0216623
0.0216572
0.0216514
0.0216464
0.0216411
0.0216335
0.0216274
0.0216224
0.0216168
0.0216094
0.0216034
0.0215989
0.0215928
0.0215859
0.0215799
0.0215752
0.0215691
0.0215619
0.0215567
0.0215513
0.0215454
0.021538
0.0215329
0.0215277
0.0215216
0.0215141
0.0215091
0.0215037
0.021498
0.0214903
0.0214853
0.0214801
0.0214748
0.0214698
0.0214623
0.0214562
0.0214512
0.021446
0.0214386
0.0214328
0.0214278
0.0214227
0.0214151
0.0214093
0.0214044
0.0213994
0.0213919
0.0213859
0.0213808
0.0213758
0.0213685
0.0213625
0.0213576
0.0213529
0.0213445
0.0213397
0.0213339
0.0213265
0.0213215
0.0213165
0.0213108
0.0213035
0.0212985
0.0212936
0.0212876
0.0212804
0.0212753
0.0212703
0.0212645
0.0212574
0.0212516
0.0212473
0.0212418
0.021234
0.0212284
0.0212242
0.0212184
0.0212113
0.0212057
0.0212003
0.0211957
0.0211886
0.0211827
0.0211777
0.0211734
0.0211655
0.0211604
0.0211547
0.0211476
0.0211427
0.0211375
0.0211321
0.021125
0.0211189
0.021115
0.0211093
0.0211022
0.0210965
0.0210915
0.0210869
0.0210797
0.0210744
0.0210686
0.0210617
0.0210567
0.021052
0.0210463
0.0210388
0.0210336
0.0210284
0.0210238
0.0210167
0.0210112
0.0210059
0.0209987
0.0209941
0.0209891
0.0209836
0.0209767
0.0209709
0.0209668
0.0209612
0.0209542
0.0209486
0.0209435
0.0209363
0.0211397
0.0211346
0.0211293
0.0211219
0.0211166
0.0211113
0.0211068
0.0210992
0.0210945
0.0210891
0.0210821
0.0210767
0.0210722
0.021067
0.0210597
0.0210542
0.0210492
0.0210421
0.0210375
0.0210327
0.0210268
0.0210201
0.0210143
0.0210096
0.0210024
0.0209979
0.0209928
0.0209876
0.0209803
0.0209752
0.0209702
0.0209625
0.0209584
0.0209535
0.0209482
0.0209408
0.0209357
0.0209309
0.0209233
0.020919
0.0209142
0.0209091
0.0209018
0.0208963
0.0208917
0.0208843
0.0208801
0.0208752
0.0208694
0.0208631
0.0208576
0.0208525
0.0208455
0.0208402
0.0208362
0.0208309
0.020824
0.020819
0.0208137
0.020807
0.0208013
0.0207968
0.0207924
0.0207849
0.0207802
0.0207752
0.020768
0.0207625
0.0207585
0.0207512
0.0207457
0.0207416
0.0207366
0.0207296
0.0207248
0.0207195
0.0207125
0.0207074
0.0207029
0.0206955
0.0206912
0.0206867
0.0206811
0.0206745
0.0206696
0.0206641
0.0206579
0.0206523
0.0206479
0.0206405
0.0206364
0.0206313
0.0206265
0.0206196
0.0206148
0.0206096
0.0206026
0.0205974
0.0205926
0.020586
0.020581
0.0205759
0.0205719
0.0205646
0.0205601
0.0205548
0.0205484
0.0205435
0.0207414
0.020735
0.0207297
0.0207251
0.0207182
0.020713
0.020709
0.0207039
0.0208995
0.0208951
0.0208896
0.0208832
0.0208783
0.0208731
0.0208661
0.0208609
0.0208563
0.0208495
0.0208441
0.0208396
0.0208325
0.0208284
0.0208237
0.0208187
0.0208116
0.0208072
0.0208017
0.0207953
0.0207905
0.0207853
0.0207783
0.0207733
0.0207685
0.0207622
0.020757
0.0207524
0.0207454
0.0207404
0.0207357
0.0207284
0.0207247
0.0207199
0.0207149
0.0207078
0.0207038
0.0206983
0.0206918
0.020687
0.0206816
0.0206754
0.0206706
0.0206655
0.020659
0.0206539
0.0206492
0.0206423
0.0206374
0.0206329
0.0206265
0.0206211
0.0206169
0.02061
0.0206046
0.0206004
0.0205936
0.0205887
0.0205839
0.0205771
0.0205722
0.0205675
0.020564
0.0205569
0.0205523
0.0205476
0.0205408
0.0205359
0.0205311
0.0205242
0.0205204
0.020515
0.0205082
0.0205039
0.020499
0.020492
0.020488
0.0204828
0.0204757
0.0204719
0.0204666
0.0204603
0.0204558
0.0204504
0.0204444
0.0204397
0.0204344
0.0204284
0.0204237
0.0204185
0.0204124
0.0204079
0.0204025
0.0203965
0.0203918
0.0203868
0.0203807
0.020376
0.020371
0.020364
0.0203603
0.0203552
0.0203483
0.0203444
0.0203393
0.0203327
0.0203285
0.0203235
0.0203168
0.0203125
0.0203081
0.0203012
0.0202968
0.0202926
0.0202857
0.0202803
0.0202734
0.020269
0.0202646
0.0202578
0.0202532
0.0202491
0.0202428
0.0202374
0.0202339
0.0202271
0.0202221
0.0202172
0.0202115
0.0202063
0.0202017
0.0201955
0.020191
0.0201866
0.0201803
0.0201759
0.0201707
0.0201645
0.0201603
0.0201554
0.0201487
0.0201448
0.0201402
0.0201334
0.0201291
0.0201215
0.0201171
0.0201131
0.0201063
0.0201015
0.0200973
0.0200914
0.0200862
0.0200819
0.0200755
0.0200714
0.020067
0.0200604
0.0200559
0.0200511
0.0200446
0.020041
0.0200363
0.0200297
0.0200246
0.020018
0.0200135
0.0200099
0.0200032
0.0199984
0.0199941
0.0199876
0.0199835
0.0199791
0.019973
0.0199685
0.0199637
0.0199571
0.0199533
0.0199494
0.0199413
0.0199377
0.0199309
0.0199264
0.019922
0.0199158
0.0199117
0.0199072
0.0199013
0.0198969
0.0198919
0.0198855
0.0198817
0.0198742
0.0198696
0.0198662
0.0198598
0.0198548
0.0198507
0.0198447
0.0198404
0.0198356
0.0198291
0.0198254
0.0198175
0.0198139
0.0198101
0.0198038
0.0197987
0.0197945
0.0197889
0.0197846
0.0197797
0.0197733
0.0197697
0.019762
0.0197578
0.0197545
0.0199425
0.0199375
0.0199335
0.0199274
0.0199232
0.0199185
0.0199121
0.0199075
0.0199012
0.0198965
0.0198923
0.0198864
0.0198824
0.0198773
0.019871
0.0198674
0.0198599
0.0198557
0.0198516
0.019846
0.0198411
0.0198371
0.0198312
0.0198271
0.0198227
0.0198153
0.0198119
0.0198054
0.0198007
0.0197967
0.0197909
0.0197868
0.0197821
0.019775
0.0197713
0.0197652
0.0197603
0.0197565
0.0197507
0.0197465
0.0197421
0.0197349
0.0197313
0.019725
0.0197203
0.0197163
0.0197104
0.0197065
0.0197026
0.0196951
0.0196905
0.0196848
0.0196809
0.0196762
0.0196698
0.0196664
0.0196593
0.0196548
0.0196509
0.0196452
0.0196412
0.0196366
0.0196304
0.019626
0.0196201
0.0196152
0.0196116
0.0196056
0.0196018
0.0195976
0.0195906
0.0195863
0.0195804
0.0195764
0.019572
0.0195657
0.0195613
0.0195554
0.0195507
0.019547
0.0195415
0.0195374
0.0195335
0.0195259
0.0195218
0.0195158
0.0195125
0.0195079
0.0195019
0.0194977
0.0194915
0.019487
0.0194831
0.0194765
0.0194733
0.0194664
0.0194621
0.0194582
0.0194526
0.0196393
0.0196351
0.0196279
0.0196239
0.0196181
0.0196142
0.01961
0.0196031
0.0195998
0.0195934
0.0195895
0.019585
0.019579
0.0195748
0.0195687
0.0195643
0.0195607
0.0195538
0.0195508
0.0195439
0.0195395
0.019536
0.0195301
0.0195261
0.0195192
0.0195149
0.0195112
0.0195057
0.0195017
0.0194944
0.0194906
0.0194865
0.0194811
0.0194773
0.0194696
0.019466
0.0194622
0.0194567
0.0194529
0.0194492
0.0194416
0.0194378
0.0194322
0.0194286
0.019425
0.0194173
0.0194136
0.0194081
0.0194043
0.0193965
0.0193931
0.0193893
0.0193838
0.0193802
0.0193728
0.0193689
0.019365
0.0193599
0.0193556
0.0193489
0.0193448
0.0193412
0.0193356
0.0193318
0.019325
0.0193205
0.0193172
0.0193107
0.0193067
0.0193009
0.0192968
0.0192929
0.0192871
0.0192832
0.0192771
0.0192735
0.0192691
0.0192624
0.0192598
0.0192531
0.0192494
0.0192456
0.0192386
0.0192348
0.0192297
0.019226
0.0192189
0.019215
0.0192115
0.0192061
0.0192021
0.0191953
0.0191914
0.0191875
0.0191818
0.0191779
0.0191721
0.0191684
0.0191644
0.0191576
0.0191537
0.0191485
0.0191448
0.0191379
0.019134
0.0191306
0.0191241
0.0191203
0.0191147
0.0191109
0.0191071
0.0191015
0.0190978
0.0190912
0.0190877
0.0190842
0.0190769
0.0190734
0.0190683
0.0190644
0.0190579
0.0190539
0.0190503
0.0190448
0.0190411
0.0190346
0.019031
0.019024
0.0190204
0.019017
0.0190107
0.019007
0.0190015
0.018998
0.018994
0.0189873
0.0189835
0.0189784
0.0189751
0.0189683
0.0189642
0.0189607
0.0189551
0.0189514
0.0189452
0.0189418
0.0189345
0.0189313
0.0189281
0.0189218
0.0189181
0.0189126
0.0189092
0.0189052
0.0188984
0.0188949
0.0188898
0.0188857
0.0188797
0.0188762
0.0188725
0.018866
0.0188625
0.0188571
0.0188535
0.018847
0.0188436
0.0188397
0.0188333
0.0188296
0.0188246
0.0188209
0.0188146
0.0188108
0.0188073
0.0188009
0.0187972
0.0187922
0.0187886
0.0187822
0.0187787
0.0187751
0.0187685
0.018765
0.0187599
0.0187563
0.01875
0.0187466
0.0187429
0.0187361
0.0187328
0.018728
0.0187234
0.0189018
0.0188984
0.0188949
0.018888
0.0188848
0.0188788
0.0188752
0.0188695
0.018866
0.0188592
0.0188558
0.0188527
0.018847
0.0188425
0.0188373
0.0188339
0.0188274
0.0188242
0.0188206
0.0188137
0.0188105
0.0188044
0.0188012
0.0187957
0.0187923
0.0187852
0.0187823
0.0187786
0.0187734
0.0187688
0.0187638
0.0187604
0.0187541
0.0187508
0.0187473
0.0187406
0.0187374
0.0187317
0.0187282
0.0187224
0.0187194
0.0187127
0.018709
0.0187055
0.0186997
0.0186962
0.0186914
0.0186869
0.0186812
0.0186781
0.0186714
0.0186679
0.018665
0.0186587
0.0186551
0.0186502
0.0186458
0.0186406
0.0186373
0.0186306
0.018627
0.018624
0.0186178
0.0186144
0.0186095
0.0186051
0.0185996
0.0185966
0.01859
0.0185865
0.0185832
0.0185772
0.0185738
0.0185679
0.0185648
0.0185591
0.0185562
0.0185497
0.0185465
0.0185431
0.0185365
0.0185337
0.0185282
0.0185247
0.018519
0.0185158
0.0185096
0.0185064
0.0184994
0.0184963
0.0184934
0.0184872
0.0184838
0.0184781
0.0184749
0.0184693
0.0184666
0.01846
0.0184571
0.0184536
0.0184472
0.0184439
0.018439
0.0184343
0.0184299
0.0184256
0.0184202
0.0184173
0.0184109
0.0184079
0.0184047
0.0183982
0.0183949
0.0183901
0.0183856
0.0183811
0.0183767
0.0183712
0.0183686
0.0183622
0.0183592
0.018356
0.0183496
0.0183462
0.0183402
0.018337
0.0183316
0.0183285
0.0183231
0.0183199
0.0183138
0.0183107
0.0183042
0.018301
0.0182981
0.0182917
0.018289
0.0182838
0.0182794
0.0182751
0.0182707
0.0182654
0.0182623
0.0182563
0.0184325
0.0184259
0.0184227
0.0184199
0.0184134
0.0184107
0.0184056
0.0184013
0.0185745
0.0185715
0.0185663
0.018563
0.018557
0.0185537
0.0185475
0.0185444
0.0185413
0.0185349
0.0185318
0.0185258
0.0185227
0.0185174
0.0185134
0.0185086
0.0185046
0.0184994
0.0184967
0.0184903
0.018487
0.0184809
0.0184777
0.0184749
0.0184686
0.0184654
0.0184597
0.0184566
0.0184514
0.0184473
0.0184427
0.0184387
0.0184336
0.0184304
0.0184243
0.0184214
0.0184152
0.0184124
0.0184096
0.0184028
0.0183999
0.0183937
0.0183908
0.0183848
0.0183817
0.0183765
0.0183728
0.018368
0.0183644
0.018359
0.018356
0.0183496
0.0183472
0.018341
0.0183382
0.0183316
0.0183287
0.018326
0.0183197
0.0183166
0.0183107
0.018308
0.0183018
0.018299
0.0182937
0.0182899
0.0182853
0.0182816
0.0182764
0.0182723
0.0182673
0.0182642
0.0182587
0.0182557
0.0182496
0.0182468
0.0182402
0.0182374
0.0182347
0.0182285
0.0182256
0.0182195
0.0182168
0.0182111
0.0182081
0.018203
0.0181991
0.0181938
0.0181901
0.0181857
0.0181821
0.0181769
0.0181729
0.018168
0.018165
0.0181593
0.0181566
0.0181506
0.0181478
0.0181417
0.018139
0.0181325
0.0181297
0.0181271
0.0181208
0.0181182
0.018112
0.0181092
0.0181034
0.018101
0.018095
0.0180922
0.0180871
0.0180832
0.0180781
0.0180747
0.0180692
0.0180669
0.0180613
0.0180579
0.0180526
0.0180488
0.0180439
0.0180409
0.0180353
0.0180323
0.0180267
0.018024
0.0180181
0.0180155
0.0180094
0.0180067
0.0180008
0.0179982
0.017992
0.0179895
0.017987
0.0179805
0.017978
0.0179718
0.0179693
0.0179633
0.0179607
0.0179547
0.017952
0.0179461
0.0179434
0.0179375
0.0179352
0.0179294
0.0179264
0.017921
0.017918
0.0179132
0.0179096
0.0179046
0.0179011
0.0178958
0.0178924
0.0178872
0.017884
0.0178787
0.0178752
0.0178713
0.0178679
0.0178627
0.0178594
0.0178542
0.0178509
0.0178456
0.0178422
0.017837
0.0178337
0.0178288
0.0178251
0.0178204
0.0178167
0.0178119
0.0178082
0.0178033
0.0178006
0.017795
0.0177923
0.0177869
0.0177841
0.0177784
0.0177755
0.0177699
0.0177673
0.0177615
0.0177588
0.0177532
0.0177506
0.0177447
0.0177428
0.0177369
0.0177344
0.0177286
0.017726
0.0177203
0.0177177
0.0177119
0.0177094
0.0177037
0.0177012
0.0176954
0.017693
0.0176872
0.0176847
0.0176791
0.0176765
0.0176703
0.0176679
0.0176622
0.0176595
0.0176538
0.0176513
0.0176458
0.0176432
0.0176376
0.017635
0.017629
0.0176266
0.017621
0.0176184
0.017613
0.0176095
0.0176047
0.0176013
0.0175965
0.0175931
0.0175886
0.0175853
0.0175803
0.0175773
0.0175722
0.0175691
0.0175641
0.0175611
0.0175562
0.017553
0.0175471
0.017544
0.0175391
0.0175363
0.0175312
0.0175281
0.017523
0.0175199
0.0175152
0.0175119
0.0175073
0.0175039
0.0174985
0.0174958
0.0174904
0.017488
0.0174819
0.0174795
0.0174736
0.0174715
0.0174659
0.0174636
0.017458
0.0174557
0.0174499
0.0174478
0.017442
0.0174402
0.0174344
0.0174285
0.0174266
0.0174207
0.0174183
0.017413
0.0174106
0.0174051
0.0174026
0.0173971
0.0173943
0.0173891
0.0173864
0.0175514
0.017548
0.0175435
0.0175403
0.0175354
0.0175323
0.0175267
0.0175238
0.0175189
0.0175161
0.0175113
0.017508
0.0175027
0.0175
0.0174941
0.0174919
0.0174863
0.0174841
0.0174785
0.0174763
0.0174705
0.0174688
0.0174632
0.0174574
0.0174556
0.0174497
0.0174475
0.017442
0.0174397
0.0174338
0.0174313
0.0174263
0.0174229
0.0174183
0.0174156
0.0174109
0.0174069
0.017402
0.0173993
0.0173944
0.0173914
0.0173861
0.0173834
0.0173779
0.0173756
0.0173703
0.0173682
0.0173624
0.0173569
0.0173551
0.0173494
0.0173473
0.0173419
0.0173398
0.017334
0.0173315
0.0173262
0.0173234
0.0173185
0.0173148
0.0173101
0.0173074
0.0173028
0.0172997
0.0172945
0.0172918
0.0172864
0.0172843
0.0172786
0.0172772
0.0172715
0.0172659
0.0172637
0.0172583
0.0172564
0.0172506
0.0172475
0.0172427
0.0172404
0.0172348
0.0172319
0.0172274
0.0172241
0.0172192
0.0172165
0.017211
0.0172091
0.0172035
0.0172021
0.0171965
0.017191
0.0171889
0.0171836
0.0171807
0.017176
0.0171728
0.0171683
0.0171646
0.01716
0.0171573
0.0171523
0.0171501
0.0171438
0.0171419
0.0171366
0.0171351
0.0171297
0.0171242
0.0171223
0.017117
0.0171143
0.0171093
0.0171063
0.0171018
0.0170984
0.0170938
0.017091
0.0170857
0.0170833
0.017078
0.0170761
0.0170708
0.0170653
0.0170636
0.0170583
0.0170557
0.0170507
0.0170479
0.0170432
0.01704
0.0170354
0.0170326
0.0170276
0.0170247
0.0170199
0.0170178
0.0170127
0.0170071
0.0170054
0.0170004
0.0169973
0.0169927
0.0169898
0.0169846
0.0169819
0.016977
0.016974
0.016969
0.0169673
0.0169617
0.0169567
0.0169551
0.0169498
0.0169471
0.0169423
0.0169395
0.0169345
0.0169319
0.0169273
0.0169249
0.0169188
0.0169173
0.0169117
0.0169067
0.0169049
0.0168998
0.0168974
0.0168923
0.0168899
0.01705
0.0170473
0.0170426
0.0170398
0.0170348
0.0170327
0.0170278
0.0170224
0.0170208
0.0170149
0.0170124
0.0170079
0.0170047
0.0170002
0.0169976
0.016992
0.0169899
0.0169848
0.0169798
0.0169781
0.0169731
0.0169705
0.0169655
0.0169628
0.0169576
0.0169551
0.0169502
0.0169475
0.0169424
0.0169372
0.0169358
0.0169306
0.0169283
0.0169235
0.016921
0.0169154
0.016913
0.0169081
0.0169054
0.0169004
0.0168953
0.0168938
0.0168887
0.0168864
0.0168814
0.0168788
0.0168738
0.016871
0.0168657
0.0168638
0.0168588
0.0168539
0.0168521
0.0168474
0.016844
0.0168398
0.0168366
0.0168322
0.0168298
0.0168242
0.0168225
0.0168178
0.0168126
0.0168107
0.0168053
0.0168027
0.0167978
0.0167954
0.0167906
0.0167878
0.0167828
0.0167781
0.0167764
0.0167716
0.0167683
0.016764
0.016761
0.016757
0.0167534
0.0167488
0.0167471
0.0167425
0.0167376
0.0167348
0.0167301
0.0167277
0.0167226
0.0167202
0.0167146
0.0167129
0.0167085
0.0167034
0.0167016
0.0166966
0.0166942
0.0166886
0.0166863
0.0166813
0.0166795
0.0166746
0.0166695
0.0166677
0.0166628
0.0166604
0.016655
0.0166526
0.0166477
0.0166458
0.0166411
0.016636
0.0166343
0.0166294
0.0166267
0.0166216
0.0166191
0.0166136
0.0166122
0.0166076
0.0166028
0.0166003
0.0165958
0.0165936
0.0165882
0.0165858
0.0165807
0.0165792
0.0165746
0.0165695
0.016567
0.0165625
0.0165596
0.0165548
0.0165524
0.0165474
0.0165429
0.0165412
0.0165362
0.0165338
0.0165289
0.0165263
0.0165213
0.0165197
0.016515
0.0165101
0.0165079
0.0165034
0.0164999
0.0164962
0.0164937
0.0164885
0.0164874
0.0164822
0.0164776
0.0164747
0.0164708
0.0164674
0.0164623
0.0164608
0.0164562
0.0164513
0.016449
0.0164447
0.0164412
0.0164375
0.0164345
0.0164299
0.0164253
0.0164237
0.0164186
0.0164163
0.0164111
0.016409
0.0164037
0.0164024
0.016398
0.0163931
0.0163901
0.0163863
0.0163833
0.0163787
0.0163766
0.016372
0.0163674
0.0163653
0.0163605
0.0163577
0.016353
0.0163509
0.016346
0.0163414
0.01634
0.0163352
0.0163329
0.016328
0.0163251
0.0163208
0.0163159
0.0163147
0.0163096
0.0163075
0.0163023
0.0163002
0.0162951
0.0162902
0.0162892
0.0162841
0.0162821
0.016277
0.0162748
0.0162697
0.0162688
0.0162638
0.0162587
0.0162566
0.0162516
0.0162493
0.0162445
0.0162436
0.0162386
0.0162336
0.0162314
0.0162264
0.0162243
0.0162193
0.0162141
0.0162135
0.0162086
0.0162064
0.0162014
0.0161994
0.0161945
0.0161896
0.0161886
0.0161836
0.0161813
0.0161763
0.0161738
0.0161693
0.0161649
0.0161635
0.0161589
0.0161557
0.0161519
0.0161492
0.0161445
0.0161401
0.0161381
0.0161338
0.0161309
0.0161266
0.0161247
0.0161202
0.0161155
0.0161136
0.0161092
0.0161058
0.0161012
0.0160999
0.0160953
0.0160905
0.0160885
0.0160836
0.0160816
0.0160767
0.0160722
0.0160712
0.0160663
0.0160629
0.0160593
0.0160568
0.0160521
0.0160478
0.016046
0.0160415
0.0160384
0.0160341
0.0160326
0.0160282
0.0160238
0.0160213
0.0160163
0.0160143
0.0160095
0.0160052
0.0160038
0.0159992
0.0159962
0.0159919
0.0159898
0.0159857
0.015981
0.0159786
0.0159737
0.0159718
0.0159671
0.0159622
0.0159615
0.0159568
0.0159549
0.0159501
0.0159475
0.0159431
0.0159389
0.0159371
0.0159329
0.0159295
0.0159248
0.0159242
0.0159196
0.0159148
0.0159131
0.0159073
0.0159055
0.0159015
0.0158972
0.0158944
0.0158897
0.015888
0.0158831
0.0158786
0.0158781
0.0158728
0.0158702
0.0158659
0.015864
0.01586
0.0158554
0.015853
0.0158482
0.0158466
0.0158414
0.0158373
0.0158357
0.0158312
0.0158285
0.015824
0.0158229
0.0158185
0.0158136
0.0158119
0.0158064
0.0158048
0.0158008
0.0157962
0.015794
0.0157893
0.0157877
0.0157828
0.0157782
0.0157769
0.0157724
0.0157699
0.0157649
0.0157643
0.0157598
0.0157551
0.0157523
0.0157482
0.0157465
0.0157424
0.015738
0.0157356
0.0157312
0.0157288
0.0157244
0.0157203
0.0157177
0.0157134
0.0157117
0.0157069
0.0157027
0.0157009
0.0156969
0.0156941
0.0156891
0.0156888
0.0156845
0.0156797
0.015677
0.0156727
0.0156711
0.0156668
0.0156623
0.0156604
0.0156552
0.0156537
0.0156496
0.0156453
0.0156431
0.0156388
0.0156362
0.015632
0.015628
0.0156257
0.0156215
0.0156198
0.0156146
0.0156106
0.0156091
0.0156041
0.0156024
0.0155977
0.0155935
0.0155919
0.0155879
0.0155851
0.0155807
0.0155763
0.0155755
0.0155708
0.0155681
0.0155634
0.015559
0.0155585
0.0155537
0.0155513
0.0155466
0.015546
0.0155416
0.0155369
0.0155345
0.0155298
0.0155289
0.0155246
0.0155199
0.0155175
0.0155126
0.0155119
0.0155077
0.0155033
0.0155007
0.0154957
0.015495
0.0154907
0.0154864
0.0154839
0.0154789
0.0154781
0.015474
0.0154696
0.015467
0.0154622
0.0154614
0.0154574
0.0154529
0.0154502
0.0154456
0.0154449
0.0154407
0.015436
0.0154335
0.015429
0.0154282
0.0154242
0.0154195
0.0154167
0.015412
0.0154077
0.015407
0.0154024
0.0154002
0.0153955
0.0153913
0.01539
0.0153858
0.0153835
0.0153791
0.015375
0.0153735
0.01537
0.0153673
0.0153626
0.0153586
0.0153564
0.0153525
0.0153503
0.0153461
0.0153424
0.0153402
0.015336
0.0153342
0.0153302
0.0153258
0.0153237
0.0153198
0.0153179
0.0153139
0.0153091
0.0153067
0.015303
0.0153014
0.0152976
0.0152929
0.0152906
0.015286
0.0152813
0.015281
0.0152766
0.015274
0.0152696
0.0152657
0.0152645
0.0152597
0.0152604
0.0152556
0.0152521
0.0152517
0.0152476
0.0152476
0.0152441
0.0152393
0.0152397
0.0152351
0.0152359
0.0152319
0.0152279
0.015227
0.0152228
0.0152182
0.0152198
0.0152153
0.0152149
0.0152106
0.0152066
0.0152076
0.0152026
0.0152026
0.0151988
0.0151951
0.0151948
0.0151913
0.0151911
0.0151871
0.015183
0.0151824
0.015178
0.0151736
0.0151753
0.0151709
0.0151705
0.0151663
0.0151623
0.0151623
0.0151582
0.0151584
0.0151549
0.0151502
0.0151509
0.0151464
0.0151468
0.0151432
0.0151385
0.015138
0.0151339
0.0151299
0.0151309
0.0151261
0.0151262
0.0151226
0.0151188
0.0151186
0.0151139
0.0151147
0.0151109
0.0151068
0.0151061
0.0151019
0.0150982
0.015099
0.0150945
0.0150941
0.0150908
0.015087
0.0150868
0.0150824
0.015083
0.0150794
0.0150748
0.0150742
0.0150703
0.0150667
0.0150667
0.0150625
0.0150627
0.0150592
0.0150549
0.0150543
0.0150501
0.0150459
0.0150478
0.0150436
0.0150432
0.0150387
0.0150352
0.0150353
0.0150316
0.0150318
0.0150279
0.0150239
0.0150232
0.015019
0.0150151
0.0150154
0.0150117
0.0150118
0.0150083
0.015004
0.0150036
0.0149994
0.0149955
0.0149963
0.0149917
0.0149927
0.0149881
0.0149848
0.0149848
0.0149806
0.0149811
0.0149773
0.0149732
0.0149727
0.0149685
0.0149651
0.0149651
0.0149605
0.0149618
0.0149579
0.0149537
0.0149532
0.0149491
0.0149458
0.0149457
0.014942
0.014942
0.0149386
0.0149344
0.014934
0.01493
0.0149264
0.0149266
0.0149228
0.0149228
0.0149194
0.0149153
0.0149146
0.0149106
0.0149071
0.0149072
0.0149037
0.0149035
0.0149002
0.0148962
0.0148956
0.0148917
0.014888
0.0148883
0.0148843
0.0148848
0.0148812
0.0148771
0.0148765
0.0148726
0.0148692
0.0148691
0.0148654
0.0148657
0.0148622
0.0148581
0.0148575
0.0148538
0.0148501
0.0148504
0.0148458
0.0148471
0.0148435
0.0148393
0.0148388
0.0148348
0.0148315
0.0148427
0.0148382
0.0148376
0.0148336
0.0148283
0.0148266
0.0148232
0.014819
0.0148169
0.0148128
0.0148091
0.0148082
0.0148036
0.0148021
0.0147983
0.0147942
0.0147936
0.0147896
0.0147864
0.0147864
0.0147827
0.014783
0.0147799
0.0147755
0.0147752
0.0147712
0.0147681
0.014767
0.0147633
0.0147595
0.0147607
0.0147563
0.0147566
0.0147535
0.0147495
0.0147488
0.014745
0.0147417
0.0147419
0.0147375
0.0147384
0.0147349
0.014731
0.0147309
0.0147272
0.0147231
0.0147228
0.0147187
0.0147154
0.0147159
0.0147122
0.0147123
0.0147091
0.0147051
0.0147049
0.0147007
0.0146975
0.0146981
0.0146932
0.0146893
0.0146906
0.0146863
0.0146867
0.0146833
0.0146795
0.0146788
0.0146749
0.0146718
0.0146723
0.014668
0.0146636
0.0146649
0.0146606
0.0146613
0.0146578
0.0146539
0.0146534
0.0146494
0.0146464
0.0146469
0.0146427
0.0146383
0.0146396
0.0146353
0.0146358
0.0146325
0.0146282
0.0146282
0.0146242
0.0146211
0.0146204
0.014617
0.0146134
0.0146139
0.0146103
0.0146108
0.0146074
0.0146033
0.0146031
0.0145996
0.0145959
0.0145957
0.0145915
0.0145884
0.0145888
0.0145844
0.0145856
0.0145822
0.0145773
0.014578
0.0145747
0.0145709
0.0145704
0.0145666
0.0145634
0.0145642
0.0145593
0.0145558
0.0145564
0.0145527
0.0145535
0.0145503
0.014546
0.0145454
0.0145426
0.0145386
0.0145381
0.0145347
0.0145312
0.0145319
0.0145277
0.0145235
0.0145251
0.0145206
0.0145212
0.0145181
0.0145141
0.0145141
0.0145105
0.0145067
0.0145063
0.0145026
0.0144994
0.0145001
0.0144954
0.014492
0.0144933
0.014489
0.0144897
0.0144866
0.0144826
0.014482
0.0144791
0.0145167
0.0145144
0.0145103
0.0145074
0.014505
0.0145008
0.0144975
0.0144963
0.0144921
0.0144916
0.0144873
0.0144832
0.0144818
0.0144786
0.0144745
0.0144725
0.014469
0.014465
0.0144627
0.0144593
0.0144557
0.0144546
0.0144501
0.0144463
0.0144452
0.0144415
0.0144404
0.0144362
0.0144318
0.0144306
0.0144272
0.0144233
0.0144216
0.014418
0.0144141
0.014412
0.014408
0.0144051
0.0144029
0.0143985
0.0143954
0.0143944
0.0143901
0.0143856
0.0143856
0.0143814
0.0143802
0.0143763
0.0143717
0.0143708
0.0143674
0.0143632
0.0143615
0.0143581
0.0143544
0.0143532
0.0143498
0.0143468
0.0143463
0.0143424
0.0143395
0.0143403
0.0143362
0.0143321
0.0143338
0.0143294
0.0143304
0.0143269
0.0143225
0.0143231
0.0143201
0.0143164
0.014316
0.0143133
0.0143095
0.0143093
0.0143057
0.0143026
0.0143024
0.0142986
0.0142955
0.0142952
0.0142914
0.0142886
0.0142894
0.0142853
0.0142815
0.0142823
0.0142787
0.0142795
0.0143922
0.0143881
0.014387
0.014384
0.0143788
0.0143779
0.0143747
0.0143707
0.014369
0.0143656
0.0143618
0.0143598
0.0143559
0.0143526
0.0143504
0.0143469
0.0143438
0.0143418
0.0143377
0.0143347
0.0143335
0.014329
0.0143253
0.0143243
0.0143203
0.0143162
0.0143153
0.0143116
0.0143109
0.0143067
0.0143026
0.0143015
0.014298
0.0142936
0.0142924
0.0142893
0.0142853
0.0142835
0.0142803
0.0142765
0.0142741
0.0142714
0.0142677
0.0142655
0.0142623
0.0142586
0.0142564
0.0142528
0.0142496
0.0142474
0.014244
0.0142409
0.0142387
0.0142349
0.0142317
0.0142298
0.0142259
0.014223
0.0142218
0.0142174
0.0142139
0.0142128
0.0142083
0.0142049
0.0142039
0.0142
0.014196
0.0141952
0.014191
0.0141913
0.0141868
0.0141827
0.0141819
0.0141779
0.014174
0.0141729
0.0141689
0.0141649
0.014164
0.0141608
0.0141561
0.0141551
0.0141522
0.0141472
0.0141464
0.0141432
0.0141395
0.0141377
0.0141345
0.0141305
0.0141288
0.0141258
0.0141219
0.0141201
0.014117
0.0141132
0.0141112
0.0141083
0.0141043
0.0141029
0.0140997
0.014096
0.0140941
0.0140909
0.0140871
0.0140854
0.0140821
0.0140785
0.0140768
0.0140735
0.0140698
0.0140681
0.0140647
0.0140612
0.0140593
0.0140557
0.0140523
0.0140506
0.014047
0.0140436
0.0140418
0.0140383
0.0140349
0.0140332
0.0140297
0.0140265
0.0140247
0.0140212
0.0140182
0.0140162
0.0140125
0.0140095
0.0140076
0.0140039
0.0140007
0.0139989
0.0139955
0.0139922
0.0139903
0.0139868
0.0139835
0.0139818
0.0139783
0.013975
0.0139734
0.0139698
0.0139666
0.0139648
0.0139616
0.0139582
0.0139565
0.0139532
0.0139499
0.0139481
0.0139447
0.0139414
0.0139396
0.0139368
0.0139333
0.0139332
0.0139305
0.0139273
0.0139271
0.0139242
0.0139205
0.0139205
0.0139178
0.0139144
0.0139146
0.0139115
0.0139083
0.0139084
0.0139055
0.0139019
0.0139024
0.0138993
0.0138945
0.013896
0.0138934
0.0138887
0.0138898
0.0138866
0.0138826
0.0138836
0.0138805
0.0138762
0.0138776
0.0138741
0.0138704
0.0138716
0.013868
0.0138641
0.0138658
0.0138612
0.0138574
0.0138536
0.0138552
0.0138514
0.0138477
0.0138491
0.0138449
0.0138419
0.0138432
0.0138391
0.0138359
0.0138371
0.0138919
0.0138889
0.0138867
0.0138828
0.0138797
0.0138775
0.0138733
0.0138703
0.0138682
0.0138643
0.0138612
0.0138587
0.0138556
0.013852
0.0138496
0.0138466
0.0138423
0.0138403
0.0138373
0.0138332
0.013831
0.013828
0.0138234
0.013822
0.0138186
0.0138144
0.0138131
0.0138089
0.0138052
0.0138041
0.0137993
0.0137956
0.0137917
0.0137902
0.0139253
0.0139216
0.0139197
0.0139154
0.0139125
0.0139102
0.0139064
0.0139033
0.0139012
0.013897
0.013894
0.0138916
0.0138885
0.013885
0.0138824
0.0138796
0.0138754
0.0138733
0.0138704
0.0138667
0.0138641
0.013861
0.013857
0.0138553
0.0138513
0.0138478
0.0138426
0.0138418
0.0138383
0.0138342
0.0138327
0.0138286
0.0138255
0.013823
0.0138194
0.0138164
0.0138144
0.0138103
0.0138072
0.013805
0.0138018
0.0137984
0.0137957
0.0137928
0.0137889
0.0137868
0.0137841
0.0137796
0.0137781
0.0137741
0.0137704
0.0137657
0.0137647
0.0137611
0.0137572
0.0138934
0.013889
0.013886
0.013884
0.0138803
0.013877
0.0138748
0.0138716
0.0138679
0.0138661
0.0138627
0.0138588
0.0138567
0.0138538
0.0138495
0.0138481
0.0138442
0.0138406
0.0138359
0.0138347
0.0138305
0.0138273
0.0138259
0.0138214
0.0138184
0.0138165
0.0138125
0.0138093
0.0138072
0.0138043
0.0138004
0.0137982
0.0137954
0.013791
0.0137896
0.0137856
0.013782
0.0137776
0.0137764
0.0137723
0.0137689
0.0137678
0.0137633
0.0137603
0.0137579
0.0137543
0.0137514
0.0137492
0.0137458
0.0137421
0.0137402
0.013737
0.0137331
0.0137317
0.013728
0.0137236
0.0137197
0.0137184
0.013714
0.0137112
0.0137093
0.0137052
0.0137025
0.0137003
0.0136974
0.0136935
0.0136915
0.0136887
0.0136842
0.0136828
0.0136793
0.0136749
0.0136712
0.0136699
0.0136656
0.0136626
0.0136606
0.0136567
0.0136539
0.0136517
0.0136488
0.013645
0.0136429
0.0136397
0.0136359
0.0136346
0.0136302
0.0136268
0.0136229
0.0136216
0.0136174
0.0136145
0.013612
0.0136087
0.0136057
0.013604
0.0136006
0.0135961
0.0135948
0.0135913
0.0135877
0.0135834
0.0135823
0.0135781
0.0135751
0.0135731
0.0135693
0.0135665
0.0135643
0.0135613
0.0135576
0.0135555
0.0136881
0.0136843
0.0136831
0.0136786
0.0136746
0.0136714
0.0136694
0.0136659
0.0136627
0.0136607
0.013658
0.0136542
0.013652
0.0136488
0.0136449
0.013644
0.0136393
0.0136361
0.0136324
0.0136302
0.0136268
0.0136235
0.0136217
0.0136189
0.0136151
0.013613
0.0136098
0.0136059
0.0136051
0.0136005
0.0135967
0.0135934
0.0135915
0.0135878
0.0135848
0.0135829
0.0135799
0.0135765
0.0135745
0.0135708
0.0135674
0.0135631
0.013562
0.0135576
0.0135549
0.0135531
0.0135493
0.0135463
0.0135441
0.0135415
0.013537
0.0135359
0.0135326
0.0135283
0.0135248
0.0135223
0.0135192
0.013516
0.0135143
0.0135112
0.0135078
0.0135059
0.0136368
0.0136334
0.0136291
0.0136279
0.0136235
0.0136209
0.0136186
0.0136158
0.0136125
0.0136102
0.0136074
0.0136032
0.0136022
0.013598
0.013594
0.0135911
0.0135891
0.0135854
0.0135828
0.0135806
0.0135776
0.0135734
0.013572
0.0135687
0.0135647
0.0135611
0.0135591
0.0135556
0.0135526
0.0135509
0.0135477
0.0135432
0.0135422
0.013539
0.0135346
0.0135313
0.0135302
0.0135261
0.0135227
0.0135211
0.0135182
0.0135149
0.0135124
0.0135093
0.0135051
0.0135016
0.0135005
0.0134965
0.0134932
0.0134916
0.0134887
0.0134854
0.0134831
0.0134799
0.0134756
0.0134723
0.0134712
0.013467
0.0134641
0.0134622
0.0134592
0.0134551
0.0134539
0.0134507
0.0134465
0.0134431
0.0134411
0.0134377
0.0134347
0.0134332
0.0134301
0.013426
0.0134247
0.0134206
0.0134168
0.0134139
0.0134121
0.0134084
0.0134057
0.0134036
0.013401
0.0133967
0.0133961
0.0133919
0.0133875
0.0133849
0.0133829
0.01338
0.0133764
0.0133745
0.0133718
0.013368
0.0133637
0.0133625
0.0133586
0.0133557
0.0133539
0.0133511
0.0133469
0.0133459
0.0133425
0.0133385
0.013335
0.0133333
0.0133298
0.0133271
0.0133249
0.0133222
0.013318
0.0133138
0.0133131
0.0133089
0.0133064
0.0133042
0.0133017
0.0132982
0.0132961
0.0132931
0.0132889
0.0132857
0.0132837
0.0132802
0.0132776
0.0132756
0.0132729
0.0132687
0.0132645
0.0132639
0.0132598
0.0132574
0.0132551
0.0132524
0.0132492
0.0132473
0.0132442
0.0132401
0.0132367
0.013235
0.0132315
0.0132289
0.0132266
0.0132238
0.0132201
0.0132161
0.0132151
0.0132111
0.013208
0.0132067
0.0132037
0.0131997
0.0131986
0.0131947
0.013191
0.0131881
0.0131862
0.0131834
0.01318
0.0131782
0.0131751
0.0131709
0.0131678
0.013166
0.0131627
0.0131599
0.0131579
0.0131549
0.0131514
0.0131475
0.0131465
0.0131425
0.0131396
0.013138
0.0131354
0.013131
0.0131305
0.0131263
0.013122
0.0131192
0.0131177
0.0131149
0.0131109
0.01311
0.0131061
0.0131025
0.0130996
0.0130975
0.013095
0.0130918
0.0130898
0.0130867
0.0130827
0.0130796
0.013078
0.0130749
0.0130715
0.0130705
0.0130676
0.0130637
0.0130609
0.0130619
0.0130588
0.0130567
0.0130575
0.013055
0.0130512
0.0130479
0.0130488
0.0130456
0.0130433
0.0130442
0.0130417
0.0130381
0.0130346
0.013037
0.0130327
0.0130306
0.0130312
0.0130287
0.0130252
0.0130216
0.0130237
0.01302
0.0130178
0.0130184
0.0130161
0.0130122
0.0130085
0.0130109
0.013007
0.0130048
0.0130054
0.0130033
0.0129994
0.0129957
0.012998
0.0129941
0.012992
0.0129926
0.0129904
0.0129866
0.0129831
0.0129852
0.0129812
0.0129792
0.0129797
0.0129772
0.0129738
0.0129705
0.0129727
0.0129684
0.0129663
0.0129669
0.0129646
0.0130359
0.0130318
0.0130301
0.013027
0.0130244
0.0130228
0.0130191
0.0130155
0.0130125
0.0130107
0.0130075
0.0130044
0.0130031
0.013
0.012996
0.0129928
0.0129915
0.0129884
0.0129852
0.0129834
0.0129806
0.0129762
0.0129735
0.0129718
0.0129693
0.012965
0.0129644
0.0129606
0.0129566
0.0129542
0.0129523
0.0129497
0.0129458
0.0129455
0.0129411
0.0129373
0.0129346
0.0129331
0.0129302
0.0129266
0.0129228
0.0129221
0.0129179
0.0129153
0.0129136
0.012911
0.0129067
0.0129037
0.012902
0.012899
0.0128961
0.0128945
0.0128915
0.0128871
0.0128844
0.0128827
0.0128802
0.0128762
0.0128756
0.0128716
0.0128676
0.0128651
0.0128639
0.0128614
0.0128571
0.0128533
0.0128527
0.0128486
0.0128462
0.0128444
0.0128412
0.0128375
0.0128345
0.0128333
0.0128302
0.012827
0.0128267
0.0128233
0.0128197
0.0128173
0.0128184
0.0128163
0.0128121
0.0128085
0.0128112
0.0128075
0.0128053
0.0128062
0.012804
0.0127996
0.012797
0.0127984
0.012796
0.012793
0.0127944
0.0127911
0.0127871
0.0127853
0.0127863
0.012784
0.0127802
0.0127766
0.0127791
0.0127754
0.0127731
0.0127743
0.0127717
0.0127677
0.0127653
0.0127662
0.0127642
0.0127601
0.0127628
0.0127591
0.0127553
0.0127531
0.0127547
0.0127525
0.0127486
0.0127451
0.0127464
0.0127438
0.0127414
0.0127426
0.0127391
0.012736
0.0127337
0.0127347
0.0127326
0.0127289
0.0127252
0.012728
0.0127237
0.012722
0.012723
0.0127203
0.0127162
0.0127139
0.0127149
0.0127128
0.0127092
0.0127053
0.0127082
0.0127045
0.0127022
0.0127036
0.0127009
0.0126972
0.0126944
0.0126956
0.0126935
0.0126898
0.0126927
0.0126889
0.0126851
0.012683
0.0126842
0.0126815
0.0126778
0.0126751
0.0126763
0.0126742
0.0126703
0.0126734
0.0126696
0.0126659
0.0126636
0.012665
0.0126622
0.0126585
0.0126557
0.0126569
0.0126548
0.012651
0.0126476
0.0126503
0.0126511
0.0126488
0.0126467
0.0126441
0.0126399
0.0126374
0.0126379
0.0126359
0.0126322
0.0126287
0.01263
0.0126277
0.012625
0.0126268
0.0126233
0.0126203
0.0126176
0.0126191
0.0126168
0.0126133
0.01261
0.0126114
0.0126092
0.0126066
0.0126079
0.0126046
0.0126007
0.012599
0.0126001
0.012598
0.0125937
0.0125914
0.0125927
0.0125905
0.0125865
0.012583
0.0125859
0.0125822
0.0125803
0.0125816
0.012579
0.012575
0.0125728
0.012574
0.0125718
0.0125684
0.0125651
0.0125665
0.0125643
0.0125618
0.0125632
0.0125598
0.0125561
0.0125543
0.0125552
0.0125527
0.012549
0.0125467
0.0125478
0.0125458
0.0125422
0.0125389
0.0125403
0.0125379
0.0125357
0.0125371
0.0125338
0.0125301
0.0125282
0.0125292
0.012527
0.0125856
0.012583
0.0125811
0.0125789
0.0125753
0.0125719
0.0125702
0.0125675
0.012565
0.0125632
0.0125598
0.0125563
0.0125541
0.0125523
0.0125494
0.0126369
0.012633
0.0126295
0.0126263
0.0126224
0.0126181
0.0126147
0.0127372
0.0127326
0.0127302
0.0127259
0.0127216
0.0127186
0.0127149
0.0127112
0.0127071
0.0127034
0.0127003
0.0126964
0.0126922
0.0126886
0.0126849
0.0126818
0.0126777
0.0126735
0.0126702
0.0126665
0.0126632
0.0126597
0.0126557
0.0126516
0.0126485
0.0126448
0.0126413
0.0127622
0.0127588
0.0127553
0.012877
0.0128732
0.0128691
0.0128654
0.0128623
0.0128579
0.012854
0.0128506
0.0128469
0.0128437
0.0128403
0.0128362
0.0128319
0.0128292
0.0128253
0.0128217
0.0128175
0.0128137
0.0128105
0.0128067
0.0128027
0.0127993
0.0127953
0.0127923
0.0127881
0.0127842
0.0127807
0.0127774
0.0127739
0.0127706
0.0127665
0.0127621
0.0127587
0.0127553
0.0127514
0.0127471
0.0127441
0.0127406
0.0127369
0.0127327
0.0127295
0.0127259
0.0127226
0.0127183
0.0127146
0.0127111
0.0127079
0.0127038
0.0126998
0.0126963
0.0126932
0.012689
0.0126865
0.0126821
0.012678
0.0126747
0.0126712
0.0126673
0.0126632
0.0126601
0.0126564
0.0126529
0.0126486
0.0126452
0.0126418
0.0126382
0.0126344
0.0126307
0.0126272
0.0126239
0.0126202
0.0126163
0.0126124
0.0126094
0.0126052
0.0126014
0.0125982
0.0125949
0.0125906
0.0125865
0.0125837
0.0125797
0.0125765
0.0125731
0.0125694
0.0125653
0.0125617
0.0125583
0.0125545
0.0125502
0.0125475
0.0125442
0.0125405
0.0125361
0.0125327
0.0125293
0.0125256
0.0125223
0.0125185
0.0125152
0.0125114
0.0125074
0.0125039
0.0125003
0.0124974
0.0124933
0.0125071
0.0125027
0.0124984
0.0124937
0.0124892
0.012485
0.0124808
0.012476
0.0124713
0.012467
0.0124629
0.0124581
0.0124542
0.0124494
0.0124446
0.0124406
0.0124361
0.0124317
0.012427
0.0124227
0.0124185
0.012414
0.01241
0.0124069
0.0124034
0.0123996
0.0123956
0.0123927
0.0123893
0.0123858
0.0123816
0.0123782
0.0123746
0.0123714
0.0123672
0.0123635
0.0123605
0.0123567
0.0123534
0.0123496
0.0123464
0.0123428
0.0123386
0.0124582
0.0124549
0.0124515
0.0124475
0.0124439
0.0124404
0.0124376
0.0124335
0.0124295
0.0124259
0.012423
0.012419
0.0124152
0.0124118
0.0124087
0.0124964
0.0124922
0.0124878
0.0124835
0.0124787
0.0124745
0.0124701
0.0124658
0.0124613
0.0124567
0.0124524
0.0124481
0.0124437
0.0125617
0.0125571
0.0125533
0.0125484
0.0125439
0.0125395
0.0125355
0.0125307
0.0125263
0.0125222
0.0125179
0.0125131
0.0125085
0.0125044
0.0125003
0.0124955
0.0124908
0.0124868
0.0124827
0.0124779
0.0124732
0.0124691
0.0124651
0.0124602
0.0124555
0.0124515
0.0124475
0.0124425
0.0124379
0.0124342
0.0124298
0.0124254
0.0124203
0.0124164
0.0124124
0.0124075
0.012403
0.012399
0.012395
0.0123901
0.0123855
0.0123817
0.0123776
0.0123727
0.0123682
0.012364
0.0123601
0.0123554
0.0123508
0.0123467
0.0123426
0.0123379
0.0123336
0.0123292
0.0123252
0.0123206
0.0123162
0.0123118
0.012308
0.0123032
0.0122986
0.0122945
0.0122904
0.012286
0.0122815
0.0122771
0.012273
0.0122685
0.0122641
0.0122598
0.0122557
0.012251
0.0122468
0.0122423
0.0122384
0.0122337
0.0122296
0.0122249
0.0123425
0.0123377
0.0123334
0.0123288
0.0123251
0.0123201
0.012316
0.0123118
0.0123075
0.0123033
0.0122989
0.0122946
0.0122902
0.0122857
0.0122818
0.0122771
0.012273
0.0122682
0.0122641
0.0122595
0.0122563
0.0122524
0.0122488
0.0122455
0.0122422
0.0122383
0.012235
0.0122316
0.012228
0.0122239
0.0122212
0.0122175
0.0122139
0.01221
0.012207
0.0122038
0.0122002
0.0121963
0.0121933
0.0121901
0.0121861
0.0121824
0.0121793
0.0121759
0.012172
0.0121689
0.0121652
0.0121613
0.012158
0.0121551
0.0121513
0.0121475
0.0121441
0.0121413
0.0121374
0.0121337
0.0121303
0.0121276
0.0121232
0.0121198
0.0121167
0.0121133
0.0121095
0.0121062
0.0121026
0.0120993
0.0120954
0.0120922
0.0120891
0.0120857
0.0120813
0.0120786
0.0120751
0.0120714
0.0120678
0.0120647
0.0120614
0.0120577
0.0120538
0.0120511
0.0120482
0.0120441
0.0120407
0.0120369
0.0120331
0.01203
0.012027
0.0120232
0.0120196
0.0120161
0.0120133
0.0120094
0.0120056
0.0120025
0.0119992
0.0119955
0.0119923
0.0119886
0.0119855
0.0119818
0.0119783
0.0119753
0.0119716
0.0119676
0.0119648
0.0119614
0.0120776
0.012074
0.012071
0.012068
0.0120642
0.0120608
0.0121766
0.0121729
0.0121697
0.0121667
0.012163
0.0121594
0.0121558
0.0121529
0.012149
0.0121456
0.0121425
0.0121393
0.012135
0.0121317
0.0121285
0.0121254
0.0121209
0.0121182
0.0121147
0.0121111
0.0121075
0.0121046
0.0121017
0.0120981
0.0120943
0.0120906
0.0120867
0.0120836
0.0120808
0.0120978
0.012213
0.0122085
0.0122045
0.0122002
0.0121959
0.0121913
0.0121875
0.0121829
0.0122982
0.0122938
0.0122895
0.0122851
0.0122812
0.0122766
0.0122726
0.0122683
0.0122639
0.0122596
0.0122554
0.0122516
0.012247
0.0122428
0.0122386
0.0122344
0.01223
0.012226
0.0122222
0.0122192
0.0122152
0.0122123
0.0122089
0.0122052
0.0122015
0.0121986
0.0121958
0.0121914
0.0121884
0.0121846
0.0121809
0.0121776
0.012175
0.0121704
0.0121673
0.012283
0.0122799
0.0122755
0.012391
0.0123882
0.0123842
0.0123804
0.0123774
0.0123744
0.0123707
0.012367
0.0123633
0.0123596
0.0123566
0.0123536
0.0123498
0.0123461
0.0123431
0.0123398
0.0123358
0.0123323
0.0123293
0.0123258
0.0123219
0.0123188
0.0123158
0.0123122
0.0123085
0.0123049
0.0123013
0.0122984
0.0122953
0.0122914
0.0122878
0.0122848
0.0122816
0.0122775
0.0122743
0.012271
0.0122675
0.0122636
0.0122606
0.0122578
0.0122544
0.0122508
0.0122472
0.0122434
0.0122399
0.0122373
0.0122331
0.01223
0.0122264
0.0122234
0.0122193
0.0122164
0.0122131
0.0122095
0.0123236
0.0123208
0.0123164
0.0123136
0.0123106
0.0123069
0.0123034
0.0123001
0.0122969
0.0122929
0.0122897
0.0122864
0.0122828
0.0122792
0.0122762
0.0122734
0.0122691
0.0122663
0.0123802
0.0123767
0.0123732
0.0123703
0.0123662
0.0123628
0.0123596
0.0123568
0.0123522
0.0123493
0.0123465
0.0123429
0.0123395
0.0123358
0.0123322
0.0123288
0.0123261
0.0123221
0.0123188
0.0123155
0.0123122
0.012308
0.0123053
0.0123021
0.0122986
0.0122952
0.0122915
0.0122878
0.0122846
0.012282
0.0122778
0.0122746
0.0122712
0.0122681
0.0122638
0.0122613
0.012258
0.0122544
0.0122511
0.0122474
0.0122439
0.0122405
0.0122376
0.0122337
0.0122302
0.012227
0.0122243
0.01222
0.012217
0.0122141
0.0122107
0.0122073
0.0122035
0.0121999
0.0121967
0.0121934
0.01219
0.0121865
0.0121837
0.0121798
0.0121762
0.0121734
0.0121708
0.0121663
0.0121633
0.0121599
0.0121561
0.012153
0.0121493
0.0121462
0.012143
0.0121397
0.012136
0.0121325
0.0121288
0.0121254
0.0121229
0.0121199
0.0121157
0.0121127
0.0121092
0.0121061
0.0121019
0.0120991
0.0120963
0.0120929
0.0120896
0.0120857
0.0120823
0.0120791
0.0120759
0.0120723
0.012069
0.0120658
0.0120624
0.0120586
0.0120559
0.0120517
0.012049
0.0120462
0.0120418
0.0120391
0.0120354
0.0120326
0.0120285
0.0120255
0.0120229
0.0120187
0.0120161
0.0120124
0.0120089
0.0120057
0.0120027
0.0119987
0.0119958
0.0119924
0.0119889
0.0119854
0.011982
0.0119787
0.0119755
0.0119728
0.0119688
0.0119656
0.0119628
0.0119589
0.0119553
0.0119525
0.0119483
0.0119456
0.0119429
0.0119392
0.0119359
0.0119324
0.0119295
0.0119253
0.0119226
0.0120357
0.0120313
0.0120287
0.0120251
0.0120217
0.0120183
0.0120152
0.0120116
0.0120086
0.0120056
0.0120019
0.0119988
0.0119952
0.0119917
0.0119887
0.0119854
0.0119817
0.0119787
0.0119755
0.0119719
0.0119684
0.0119653
0.0119617
0.0119587
0.011956
0.0119518
0.0119489
0.0119457
0.0119424
0.0119386
0.0119355
0.0119318
0.011929
0.0119261
0.0119222
0.0119191
0.011916
0.0119124
0.0119089
0.0119054
0.0119023
0.0118991
0.0118964
0.0118926
0.0118895
0.0118864
0.0119981
0.0121097
0.0121068
0.0121027
0.0120997
0.012097
0.0120932
0.0120899
0.0120871
0.0120834
0.0120798
0.012077
0.012073
0.01207
0.0120672
0.0120634
0.0120602
0.0120574
0.0120536
0.0120501
0.0120467
0.0120432
0.0120402
0.0120375
0.0120338
0.0120304
0.0120275
0.012024
0.0120203
0.0120172
0.0120137
0.0120107
0.0120079
0.0120039
0.012001
0.0119978
0.0119944
0.0119908
0.0119878
0.0119843
0.011981
0.011978
0.0119743
0.0119715
0.0119683
0.0119648
0.0119618
0.0119582
0.0119547
0.0119518
0.0119484
0.0119448
0.011942
0.011939
0.0119358
0.0119324
0.0119289
0.0119253
0.0119224
0.0119191
0.0119151
0.0119124
0.0119099
0.0119058
0.011903
0.0118986
0.0118961
0.0118929
0.0118895
0.011886
0.0118831
0.0118792
0.0118762
0.0118736
0.0118697
0.0118665
0.0118635
0.0118603
0.0118567
0.0118537
0.01185
0.011847
0.0118442
0.0118405
0.0118375
0.0118347
0.0118312
0.0118281
0.0118245
0.0118209
0.0119321
0.0119287
0.0119247
0.0119222
0.01192
0.0119153
0.0119129
0.0120227
0.0120194
0.0120165
0.0120133
0.0120094
0.0120064
0.0120029
0.012
0.011997
0.0119933
0.0119905
0.0119874
0.0119839
0.0119809
0.0119773
0.0119737
0.0119709
0.0119677
0.0119637
0.0119612
0.0119565
0.0119545
0.0119517
0.0119479
0.0119447
0.0120552
0.0120518
0.0120482
0.0120452
0.0120417
0.0120389
0.0120357
0.0120319
0.012029
0.0120264
0.0120223
0.0120196
0.0120162
0.0120127
0.0120093
0.0120058
0.0120026
0.012
0.011996
0.0119931
0.01199
0.0119864
0.0119835
0.0119806
0.0119771
0.0119742
0.0119704
0.0119671
0.0119639
0.0119612
0.0119571
0.0119544
0.0119503
0.0119476
0.0119448
0.0119409
0.011938
0.0120482
0.0120447
0.0120417
0.0120384
0.0120347
0.0120318
0.0120287
0.0120246
0.0120223
0.012018
0.0120153
0.0120125
0.0120089
0.0120056
0.0120029
0.0119994
0.0119964
0.0119931
0.0119892
0.0119863
0.0119836
0.0119794
0.0119766
0.0119726
0.01197
0.0119674
0.0119635
0.0119606
0.0119576
0.0119544
0.0119511
0.0119475
0.0119445
0.0119411
0.0119376
0.0119343
0.0119309
0.0120404
0.0120376
0.0120346
0.0120307
0.0120279
0.0120251
0.0120213
0.0120185
0.0120145
0.0120116
0.0120087
0.0120051
0.0120018
0.0119988
0.0119954
0.0119925
0.0119894
0.0119855
0.0119827
0.0119784
0.0119763
0.0119735
0.0119696
0.0119663
0.0119636
0.0119603
0.0119574
0.0119537
0.0119503
0.0119473
0.0119439
0.0119405
0.0119374
0.011934
0.0119311
0.0119281
0.0119244
0.0119216
0.0119191
0.011915
0.0119125
0.0119085
0.0119053
0.0119026
0.0118992
0.0118963
0.011893
0.0118895
0.0118864
0.011883
0.0118798
0.0118771
0.011873
0.0118703
0.0118673
0.0118636
0.011861
0.0118583
0.0118542
0.0118518
0.0118479
0.0118446
0.0118421
0.0118385
0.0118356
0.0118322
0.0118288
0.0118256
0.0118223
0.011819
0.0118158
0.0118128
0.0119218
0.0119186
0.0119148
0.0119119
0.0119076
0.0119056
0.0119026
0.0118986
0.011896
0.0118932
0.0118899
0.0118867
0.0118836
0.0118801
0.0118771
0.0118735
0.0118703
0.0118674
0.0118638
0.0118609
0.0118584
0.0118542
0.0118516
0.0118477
0.0118448
0.0118421
0.0118384
0.0118356
0.0118334
0.0118291
0.0118264
0.0118228
0.0118197
0.0118168
0.0118135
0.0118104
0.0118073
0.0118038
0.011801
0.0117972
0.0117944
0.0117915
0.0117877
0.0117849
0.0117813
0.0117782
0.011775
0.0117719
0.0117692
