0.736966
0.678072
0.678072
0.428072
0.478072
0.344739
0.2495
0.178072
0.259333
0.325999
0.289636
0.259333
0.233692
0.211714
0.192666
0.176
0.220117
0.203777
0.241789
0.225999
0.211714
0.198727
0.230347
0.217666
0.205999
0.19523
0.185259
0.205951
0.194868
0.184523
0.174846
0.165773
0.15725
0.149229
0.141666
0.134523
0.127766
0.147681
0.140933
0.134523
0.152816
0.146428
0.140337
0.134523
0.128967
0.123653
0.118565
0.11369
0.109013
0.104523
0.100209
0.0960613
0.0920701
0.0882266
0.0845229
0.0809515
0.0950493
0.0914195
0.0879126
0.0845229
0.0812442
0.0780713
0.074999
0.0720229
0.0691382
0.0814926
0.0785527
0.0756993
0.0729287
0.0721804
0.0770093
0.0817041
0.0862704
0.0907132
0.0950375
0.0860901
0.0773752
0.0817042
0.0743963
0.0775375
0.069708
0.0735741
0.0776881
0.0817042
0.0856258
0.0778282
0.0702099
0.0627648
0.0667229
0.0705931
0.0633892
0.0672114
0.0601988
0.0533354
0.0571428
0.0504542
0.0542127
0.0578946
0.0514011
0.0550375
0.0487009
0.0424885
0.0461054
0.0496529
0.0531328
0.0471129
0.0412058
0.0354079
0.031943
0.0332193
0.0366591
0.0400375
0.0433561
0.0378445
0.0324288
0.0300691
0.0275639
0.0256451
0.0284829
0.0317042
0.0348722
0.0379883
0.0410538
0.0360053
0.0390375
0.0420216
0.0449588
0.04785
0.0429445
0.0458068
0.0486253
0.0438254
0.0390977
0.0419032
0.0446671
0.0481978
0.0521158
0.055977
0.0553253
0.0578946
0.0533354
0.0558826
0.0514011
0.0469819
0.0495203
0.0520238
0.0476906
0.0501727
0.0526214
0.0550375
0.0507991
0.0531954
0.0555604
0.0578946
0.0601988
0.0560632
0.0583496
0.054278
0.0565469
0.0525375
0.0485779
0.05084
0.0530744
0.0491838
0.0514011
0.0535917
0.0557561
0.0578946
0.0600079
0.056214
0.0524644
0.0545724
0.056656
0.0587156
0.0550375
0.057083
0.0591053
0.061105
0.0630822
0.0650375
0.0669712
0.0633892
0.0653107
0.0672114
0.0636861
0.0601988
0.0620964
0.0586545
0.0605401
0.0624059
0.0642522
0.0660792
0.0627059
0.064522
0.0611914
0.0578946
0.0546314
0.0564517
0.0532285
0.0550375
0.0568286
0.0586019
0.0603577
0.0571944
0.0589399
0.0558142
0.0575496
0.0544606
0.0514011
0.0483708
0.0453693
0.047113
0.0488403
0.0458786
0.0475956
0.0446671
0.0417656
0.0434779
0.0406083
0.0423102
0.0394719
0.0411637
0.0428402
0.0400375
0.0417042
0.0389313
0.0405881
0.0422305
0.0394917
0.0367767
0.0384141
0.0400375
0.041647
0.0432426
0.0405694
0.0379189
0.0352907
0.0368863
0.0384685
0.0358709
0.0374442
0.0390044
0.0364367
0.0338899
0.0354457
0.0329237
0.0304222
0.0279408
0.0254793
0.0230376
0.0245993
0.0224242
0.0237331
0.0252737
0.0268022
0.0283188
0.0259324
0.0274406
0.0255344
0.026576
0.0280644
0.0268165
0.0272373
0.024886
0.0263582
0.0247215
0.0255244
0.0232465
0.024703
0.0261486
0.0238936
0.023533
0.0241469
0.0243648
0.0247762
0.0251846
0.0255901
0.0229512
0.0243565
0.0232178
0.0236244
0.0240283
0.0244293
0.0248275
0.0252228
0.0256155
0.0260053
0.0263924
0.0233166
0.020262
0.0208238
0.0214122
0.0219966
0.0191756
0.0197638
0.0203478
0.0209279
0.0200539
0.0204467
0.0208368
0.0212245
0.0216094
0.021992
0.0223719
0.0227494
0.0198565
0.0209007
0.0206204
0.0209987
0.0213745
0.0217479
0.0221189
0.0224875
0.0228538
0.0232178
0.0235794
0.0239388
0.024296
0.0246509
0.0224625
0.0210996
0.0228507
0.021495
0.0232341
0.0218856
0.0212363
0.0192133
0.0188235
0.0175539
0.0182958
0.0179764
0.0186974
0.0186411
0.0186003
0.0158209
0.0165101
0.0158973
0.01535
0.0156409
0.0143743
0.0143363
0.014787
0.0156206
0.0154105
0.0157644
0.0161161
0.016466
0.0156237
0.0161808
0.0160342
0.0162377
0.01644
0.0166413
0.0168414
0.0170402
0.0172379
0.0174347
0.0176302
0.0178249
0.0180184
0.0160221
0.0156395
0.0158373
0.0160343
0.0177979
0.0168697
0.016618
0.0177458
0.017002
0.0186124
0.02039
0.0194698
0.0212355
0.020318
0.0194052
0.0184975
0.0184973
0.0193417
0.018861
0.0190825
0.0192793
0.018386
0.0201085
0.0218219
0.0209291
0.0226315
0.0217412
0.0234327
0.0225449
0.0242258
0.0233404
0.0224596
0.0215834
0.0232496
0.0249074
0.0240316
0.02316
0.022293
0.0239366
0.0230719
0.0247053
0.0238431
0.0254665
0.0246066
0.0237509
0.0228994
0.0220522
0.0236601
0.0252602
0.0244134
0.0235707
0.0251593
0.0267402
0.0283135
0.0274695
0.0290335
0.0281918
0.0297466
0.0312939
0.0328338
0.0319912
0.0311525
0.0326819
0.0318455
0.0310832
0.0327403
0.0320476
0.0332121
0.0347152
0.0338859
0.0353805
0.0368683
0.0360395
0.0352148
0.0343938
0.0335765
0.0327629
0.0342363
0.033425
0.0326174
0.0318134
0.0310131
0.0302163
0.0294232
0.0286337
0.0300899
0.0293023
0.0285184
0.0277379
0.029183
0.0284045
0.0298418
0.0312728
0.0304948
0.0297202
0.0289491
0.0281813
0.0274169
0.0266558
0.0280719
0.0273127
0.0287213
0.0279639
0.0272099
0.026459
0.0257114
0.024967
0.0242257
0.0256199
0.0248804
0.0241441
0.0234109
0.024795
0.0240635
0.023335
0.0226799
0.0220809
0.0214844
0.0208905
0.0223823
0.0217889
0.021198
0.0226799
0.0220895
0.0224018
0.0216933
0.0209877
0.0202851
0.0195852
0.0188882
0.0181941
0.0175028
0.0189129
0.0203664
0.021814
0.0212398
0.0206679
0.0200981
0.0195307
0.0189655
0.0184028
0.0178421
0.0172837
0.0167274
0.0161735
0.0156217
0.0170445
0.0164931
0.015944
0.0153969
0.016809
0.0182156
0.0176673
0.0190668
0.0204608
0.0199113
0.0212982
0.0226799
0.0221294
0.021581
0.0210347
0.0204905
0.0199484
0.0213167
0.0207751
0.0202356
0.019698
0.0210565
0.0205194
0.0199844
0.0194514
0.0189204
0.0183915
0.0178645
0.0173394
0.0168164
0.0162953
0.0176347
0.017114
0.0165952
0.0160784
0.015615
0.016892
0.0163774
0.0158647
0.0171853
0.0185013
0.0179875
0.0174756
0.0169656
0.0164574
0.0159511
0.0154466
0.014944
0.0162449
0.0175412
0.0170374
0.0165355
0.0178243
0.0173227
0.016823
0.016325
0.0158288
0.0171074
0.0166116
0.0161235
0.0157028
0.0170442
0.0183809
0.0179585
0.0175375
0.0171181
0.0167001
0.0180256
0.0176075
0.0189269
0.0185088
0.018092
0.0176767
0.0172628
0.0168503
0.0164392
0.0160295
0.0156212
0.0169238
0.0165154
0.017812
0.0174035
0.0169964
0.0165906
0.0161862
0.0157833
0.0153816
0.0149813
0.0145823
0.0158625
0.0154635
0.0150657
0.0146694
0.0142742
0.0138804
0.0151491
0.0147551
0.0160182
0.0156241
0.0152313
0.0148398
0.0144496
0.0151759
0.0153125
0.0149235
0.014701
0.0156313
0.0153926
0.0158568
0.0167807
0.0160808
0.0153832
0.0163034
0.0172206
0.0165245
0.0174384
0.0167442
0.0160522
0.0160075
0.0162724
0.0155845
0.0164911
0.0173949
0.0182958
0.0176091
0.0169245
0.0178219
0.0171391
0.0164585
0.0157801
0.0151038
0.015997
0.0168874
0.0162125
0.0170998
0.0164267
0.0157557
0.0150867
0.0159702
0.015303
0.0146379
0.015518
0.0148546
0.0157317
0.0166061
0.0174778
0.0183469
0.0192133
0.0185503
0.0194137
0.0187525
0.0180932
0.0174359
0.0182958
0.0176403
0.0169867
0.016335
0.0156854
0.0150377
0.0158934
0.0152473
0.0161002
0.0154558
0.0163058
0.0156629
0.015022
0.0158689
0.0152296
0.0160736
0.0169151
0.0177542
0.0185908
0.0179522
0.018786
0.018149
0.0189801
0.0198087
0.020635
0.0214588
0.0208226
0.0216437
0.021009
0.0218275
0.0211944
0.0205631
0.0213787
0.0221919
0.0230028
0.0238114
0.0246177
0.0239869
0.0233579
0.0241613
0.0235339
0.0243348
0.0251334
0.0259298
0.0253034
0.0246788
0.024056
0.0248493
0.0256405
0.0250189
0.0243991
0.0237811
0.0245692
0.0239527
0.0233378
0.0227247
0.0221133
0.0215036
0.0222884
0.023071
0.0238514
0.0232427
0.0226356
0.0220303
0.0214266
0.0208246
0.0202242
0.021001
0.020402
0.0211765
0.0219488
0.022719
0.022121
0.0215245
0.0222922
0.0216972
0.0211038
0.0218689
0.0212769
0.0206864
0.0200976
0.0208599
0.0216202
0.0210325
0.0217904
0.0225464
0.0219598
0.0213748
0.0207914
0.0215446
0.0209625
0.0203819
0.0211327
0.0205535
0.021302
0.0207241
0.0201477
0.0195728
0.0189994
0.0184276
0.0178572
0.0186024
0.0193457
0.020087
0.0208264
0.0202566
0.0196883
0.0191216
0.0185562
0.0179924
0.01743
0.0168691
0.017605
0.0170453
0.016487
0.0172206
0.0166635
0.0173949
0.0168391
0.0175684
0.0170138
0.017741
0.0171876
0.0179127
0.018636
0.0180835
0.0175325
0.0182535
0.0177036
0.0171551
0.0166081
0.0160623
0.0167807
0.0162361
0.0169524
0.016409
0.0171233
0.0165811
0.0160402
0.0167522
0.0174625
0.0169225
0.0163839
0.0158467
0.0165545
0.0160184
0.0154836
0.0149501
0.0156555
0.0151232
0.0145921
0.0140624
0.0147654
0.0154668
0.0149379
0.0156373
0.0151095
0.015807
0.0165028
0.0159759
0.0154503
0.014926
0.0144029
0.0138811
0.0133606
0.0128413
0.0135339
0.0130157
0.0137064
0.0131893
0.0126733
0.0121586
0.0128471
0.0123334
0.01302
0.0125074
0.011996
0.0126805
0.0133635
0.0140447
0.0135339
0.0130243
0.0137036
0.0143812
0.0138724
0.0133649
0.0140405
0.0147145
0.015387
0.01488
0.0155507
0.0150447
0.0157137
0.0152087
0.0147049
0.0142023
0.0137008
0.0132005
0.0127014
0.0122035
0.0128695
0.0135339
0.0130367
0.0136994
0.0132032
0.0138642
0.013369
0.0128748
0.0123819
0.0119777
0.0113993
0.0112444
0.011568
0.0122248
0.0128801
0.0123911
0.0122797
0.0125566
0.0126906
0.0128953
0.0122352
0.0121683
0.012373
0.0125772
0.0116496
0.0107242
0.0109295
0.0111343
0.0113388
0.0115427
0.0117462
0.0108269
0.0110307
0.011234
0.011437
0.0116395
0.0107254
0.0109282
0.0111306
0.0113325
0.010518
0.0111556
0.0108269
0.0113191
0.0108474
0.0114818
0.0110111
0.0116439
0.0122752
0.0129053
0.012435
0.0130635
0.0136906
0.013221
0.0127524
0.0133778
0.0129101
0.0135339
0.0130671
0.0126012
0.0121364
0.0116726
0.0122944
0.0129148
0.0124517
0.0119895
0.0115284
0.0114153
0.0116106
0.0118055
0.012
0.0121939
0.0123876
0.0125808
0.0127736
0.0129659
0.0131579
0.0122822
0.0124745
0.0126665
0.0128578
0.0130489
0.0132396
0.0134299
0.0136197
0.0138091
0.0139982
0.0141867
0.014375
0.0135091
0.0136977
0.0138859
0.0140736
0.0142611
0.0133998
0.0135875
0.0137748
0.0139617
0.0131043
0.0132916
0.0134784
0.0136648
0.0138509
0.0140365
0.0131845
0.0133705
0.0135561
0.0137412
0.0139261
0.0132391
0.0138285
0.0144167
0.0150037
0.0145617
0.0151473
0.0147061
0.0143664
0.0145489
0.0147309
0.0139717
0.0145543
0.0151358
0.015716
0.0152779
0.0158568
0.0154193
0.015997
0.0165734
0.0171487
0.0177228
0.0182958
0.0188676
0.0194383
0.0200078
0.0205762
0.0201384
0.0207055
0.0202684
0.0198322
0.0203979
0.0199625
0.0205269
0.0200922
0.0206554
0.0202214
0.0197884
0.0203502
0.0199178
0.0194863
0.0190556
0.0186259
0.0181969
0.0177688
0.0173416
0.0169151
0.0164896
0.0170491
0.0166242
0.0171825
0.0177397
0.0173154
0.0178714
0.0184263
0.0180026
0.0185562
0.0181332
0.0186857
0.0192371
0.0188146
0.0193648
0.0189431
0.0185221
0.019071
0.0186508
0.0191985
0.0197451
0.0193254
0.0198709
0.0194519
0.0190337
0.0195779
0.020121
0.0197034
0.0192865
0.0198284
0.0194122
0.0199529
0.0195374
0.0191228
0.0196622
0.0202006
0.0207379
0.0212743
0.0208599
0.0204464
0.0200336
0.0205685
0.0211025
0.0206903
0.0202788
0.0198681
0.0194582
0.0190491
0.0195815
0.019173
0.0187653
0.0183583
0.0188894
0.0184831
0.019013
0.0186073
0.0182025
0.0177983
0.0173949
0.0169923
0.0165904
0.0161892
0.0157889
0.0163169
0.0168439
0.016444
0.0160448
0.0165706
0.0161721
0.0157743
0.0162989
0.0168225
0.0173452
0.0178669
0.0174694
0.0170726
0.0166765
0.0162812
0.0158865
0.0154926
0.0150995
0.0156194
0.0152268
0.0157457
0.0153537
0.0149625
0.0154802
0.0150895
0.0156062
0.0161219
0.0157317
0.0162464
0.0158568
0.0163704
0.0159814
0.0155931
0.0161056
0.0157179
0.0162293
0.0158422
0.0154558
0.01507
0.0155802
0.015195
0.0148106
0.0144268
0.0149357
0.0145525
0.01417
0.0137881
0.0134069
0.0130264
0.0135339
0.0140405
0.0145462
0.015051
0.0146707
0.0142911
0.0139122
0.0135339
0.0140374
0.0136597
0.0132826
0.013785
0.0134085
0.0130327
0.0126575
0.012283
0.0119091
0.0115359
0.0111634
0.0116641
0.0121639
0.0117918
0.0122906
0.011919
0.0115481
0.0111778
0.0108081
0.0113056
0.0109365
0.0114331
0.0119288
0.0115601
0.0120548
0.0116866
0.0113191
0.0118127
0.0123056
0.0127975
0.0132887
0.0129213
0.0125546
0.0121885
0.0118231
0.0123129
0.011948
0.0115837
0.0112199
0.0108569
0.0113455
0.0109829
0.0114706
0.0119574
0.0115952
0.0120811
0.0117195
0.0122044
0.0126886
0.0123273
0.0119667
0.0116067
0.0120897
0.0117302
0.0122123
0.0126936
0.0123344
0.0119759
0.0124562
0.0120982
0.0117407
0.0113839
0.0118631
0.0123414
0.011985
0.0118118
0.0119623
0.0112807
0.0114315
0.011582
0.0117322
0.0110531
0.0112034
0.0105259
0.0106766
0.0108268
0.010977
0.0103019
0.0104521
0.0106023
0.0107521
0.0109016
0.0110511
0.0112001
0.0105286
0.0106778
0.0108269
0.0101573
0.0103065
0.0104555
0.0106043
0.00993711
0.010086
0.0102347
0.0103831
0.0105313
0.0106792
0.0100152
0.0101633
0.0103112
0.0104588
0.0106063
0.0107534
0.0109004
0.011047
0.0111935
0.0105339
0.0106805
0.0100225
0.0101692
0.0103158
0.00965953
0.00980616
0.00995278
0.0100991
0.0102451
0.00959146
0.00893897
0.00908566
0.00923198
0.00937819
0.00952405
0.00966978
0.00981516
0.00996035
0.0101054
0.0102502
0.0103946
0.010539
0.00989187
0.0100364
0.0101807
0.0103246
0.0104685
0.010612
0.0107553
0.0108985
0.0110413
0.011184
0.0113264
0.0114686
0.0108269
0.0109693
0.0111114
0.0112534
0.011395
0.0115365
0.0116779
0.0118189
0.0119597
0.0121003
0.0122408
0.0123809
0.0117445
0.0118849
0.0120249
0.0113902
0.0115306
0.0108972
0.0110376
0.0104058
0.0105463
0.00991571
0.00928611
0.00942719
0.00956821
0.00970882
0.00984937
0.00998968
0.0101297
0.0095033
0.0096435
0.00978351
0.00992334
0.0100629
0.00943899
0.0095787
0.0097183
0.00985754
0.00923568
0.0093751
0.00951439
0.00965339
0.00979221
0.00993091
0.0100694
0.0102075
0.0103455
0.00972748
0.00986564
0.0100036
0.0101414
0.0102788
0.00966316
0.00980085
0.00993836
0.0100756
0.0102126
0.0103495
0.0104861
0.0106226
0.0107589
0.0108949
0.0110307
0.0111663
0.0113018
0.011437
0.0115721
0.0117069
0.0118415
0.0112324
0.0113671
0.0115018
0.0116361
0.0117704
0.0111635
0.0112979
0.0106923
0.0108269
0.0109612
0.0110953
0.0112291
0.0113629
0.0114963
0.0116296
0.0117627
0.0118957
0.0120283
0.0121608
0.0122932
0.0124253
0.0125571
0.0126889
0.0128205
0.0129519
0.013083
0.013214
0.0133448
0.0134754
0.0136058
0.0130087
0.0131392
0.0132697
0.0126742
0.0128046
0.0129349
0.013065
0.013195
0.0126017
0.0120092
0.0121397
0.0122699
0.0124
0.0125298
0.0126594
0.0127889
0.0121994
0.012329
0.0124584
0.0118703
0.012
0.011413
0.0115427
0.0116722
0.0118016
0.0112165
0.011346
0.0107621
0.0108917
0.0110212
0.0111504
0.0112795
0.0114084
0.0115371
0.0116656
0.011794
0.0119222
0.0120502
0.0121779
0.0123056
0.0124331
0.0125603
0.0126874
0.0128143
0.0129411
0.0130675
0.013194
0.0133201
0.0134462
0.0135721
0.0136977
0.0138232
0.0132478
0.0133733
0.0134988
0.0136241
0.0130504
0.0131758
0.0126032
0.0127288
0.0128541
0.0129794
0.0131044
0.0132292
0.0133539
0.0134784
0.0136027
0.0130334
0.0124649
0.0118971
0.0120223
0.0114557
0.0108896
0.0110153
0.0111405
0.0112658
0.0113908
0.0115156
0.0116403
0.0117647
0.011889
0.0120133
0.0121372
0.0115752
0.0116992
0.0111382
0.0112624
0.0113865
0.0115105
0.0116342
0.0117577
0.0118811
0.0120043
0.0121274
0.0115695
0.0116927
0.0118156
0.0119386
0.0113823
0.0115053
0.0116281
0.0117508
0.0118732
0.0119955
0.0121177
0.0122396
0.0123614
0.0118084
0.0119302
0.0113783
0.0108269
0.0109492
0.0103989
0.00984937
0.00997216
0.0100947
0.00954652
0.00966924
0.00979179
0.00938857
0.00987536
0.00969285
0.0101787
0.00999624
0.0098142
0.00963229
0.00945061
0.00993496
0.0104187
0.0102369
0.0107197
0.010538
0.0110199
0.0108383
0.0106568
0.0104755
0.0102946
0.0101137
0.0105941
0.0104135
0.0102329
0.0107123
0.0105318
0.0103516
0.0101717
0.0106498
0.0104699
0.0102902
0.0101107
0.0099315
0.00975251
0.0095737
0.0100501
0.0105258
0.0103469
0.0101681
0.0106429
0.0104644
0.0102858
0.0101077
0.00992978
0.00975204
0.0102252
0.0100476
0.00987011
0.00969291
0.00951594
0.00933915
0.00923604
0.00935495
0.00947356
0.009592
0.00971037
0.00982857
0.00994658
0.00941926
0.00953734
0.00965536
0.00977325
0.00989085
0.00936538
0.00948316
0.00895846
0.00907648
0.00919414
0.00876051
0.00878859
0.00905269
0.0090239
0.0093441
0.00917006
0.00899625
0.00885439
0.00897163
0.00911349
0.00894016
0.00876701
0.00880283
0.00891972
0.00888425
0.00871164
0.00863498
0.00875163
0.0088681
0.00898457
0.0084846
0.00858438
0.00877345
0.00860178
0.00843024
0.00888985
0.00871837
0.00917727
0.00900584
0.00946403
0.00992155
0.00975007
0.00957865
0.0100353
0.00986397
0.00969291
0.0095219
0.00997752
0.00980669
0.00963598
0.00946563
0.0092954
0.00974965
0.00957942
0.00940955
0.00986278
0.00969291
0.00952315
0.00997555
0.00980586
0.0102575
0.0107086
0.0105388
0.0109891
0.011439
0.011269
0.0110993
0.0109297
0.0113784
0.011209
0.0116569
0.0121044
0.0119348
0.0117654
0.0115961
0.0114272
0.0112583
0.0117044
0.0115356
0.0113671
0.0111988
0.0116437
0.0114753
0.0113073
0.0111394
0.0109717
0.0108042
0.010637
0.0104698
0.010303
0.0101364
0.0105792
0.0104126
0.0102462
0.0106882
0.0105218
0.0103556
0.0101897
0.0100238
0.00985825
0.00969291
0.0101334
0.00996798
0.00980288
0.00963789
0.00947309
0.00930858
0.00914425
0.00898004
0.00881606
0.00865227
0.00848871
0.00832546
0.0081622
0.00860018
0.00843704
0.00887436
0.00931114
0.00914788
0.00898474
0.00942069
0.00925761
0.00909483
0.00893211
0.00876969
0.00920445
0.00904202
0.00887978
0.00931364
0.00915146
0.00898939
0.00942248
0.00926048
0.00909865
0.00893706
0.00877565
0.00861442
0.00845343
0.00829256
0.00872403
0.00856316
0.00840259
0.00824219
0.0081473
0.00851226
0.00835204
0.00837618
0.0084523
0.00852829
0.00860423
0.00867999
0.00875568
0.00841099
0.00831974
0.00867921
0.0091064
0.00894684
0.00937331
0.00979936
0.00963968
0.00948024
0.00932091
0.00974602
0.00958675
0.00942767
0.00926882
0.00911015
0.0089516
0.00886554
0.00894034
0.00901514
0.00908983
0.00916439
0.0092389
0.00931323
0.00938767
0.00888234
0.00895685
0.00903124
0.00910556
0.00917971
0.00925404
0.00932795
0.00940198
0.00947589
0.00897318
0.00904733
0.00912124
0.00919509
0.00926882
0.00934255
0.00941622
0.00891566
0.00898933
0.00906312
0.00913668
0.00921017
0.00928372
0.00935698
0.00943029
0.00950342
0.00957662
0.00907874
0.00915205
0.00922537
0.00929826
0.0093714
0.00887513
0.00894833
0.0090214
0.00909436
0.00916737
0.00924015
0.00931293
0.00938565
0.00945812
0.00896448
0.00903714
0.00910991
0.00918239
0.00925499
0.00932735
0.00939965
0.00947189
0.00954407
0.00961614
0.00968826
0.00976014
0.00983191
0.00990373
0.0094136
0.0094856
0.00955737
0.00906831
0.00914031
0.0092122
0.00928396
0.00879622
0.00886816
0.00894016
0.00901192
0.00908363
0.00915527
0.00922686
0.00929826
0.00881267
0.00888437
0.00895602
0.00902748
0.00881118
0.0086323
0.00903666
0.00888568
0.00882906
0.00890034
0.00897163
0.0090428
0.00911391
0.0091849
0.00925589
0.0093267
0.00939745
0.0094682
0.00953883
0.00960928
0.00967985
0.00975019
0.00982046
0.00934076
0.0094111
0.00948155
0.00900263
0.00907314
0.00914377
0.00921398
0.00873649
0.00880694
0.00887734
0.00894761
0.00901794
0.00908822
0.00915831
0.00922847
0.00929832
0.00936824
0.00943816
0.00950783
0.00957751
0.00964713
0.00971663
0.00978613
0.00985545
0.00992477
0.00999409
0.0100632
0.0101323
0.0102013
0.0102701
0.0103391
0.0104077
0.0104764
0.0105451
0.0106137
0.0106821
0.0102113
0.0102799
0.0103484
0.00987834
0.00994706
0.00947767
0.00954646
0.00961518
0.00968397
0.00975263
0.00982112
0.00988948
0.00995791
0.0100263
0.0100945
0.0101626
0.0102308
0.0102987
0.0103667
0.0104346
0.0105025
0.0105702
0.0106379
0.0107054
0.010773
0.0108404
0.0109078
0.0104434
0.010511
0.0105784
0.0106457
0.0107132
0.0107804
0.0108474
0.0109146
0.0109816
0.0110485
0.0111154
0.0111821
0.0112489
0.0113156
0.0113822
0.0114486
0.0115151
0.0115815
0.0116478
0.011714
0.0117802
0.0118462
0.0113868
0.0114531
0.0115193
0.0115853
0.0116513
0.0117174
0.0117832
0.0113255
0.0108681
0.0109344
0.0110007
0.0110667
0.0111327
0.0111987
0.0112646
0.0113304
0.0113962
0.0114619
0.0115274
0.011593
0.0116585
0.0117239
0.0117891
0.0113352
0.0114007
0.0114662
0.0115315
0.0110786
0.0111441
0.0112094
0.0112748
0.010823
0.0108885
0.010954
0.0110193
0.0110846
0.0111497
0.0112149
0.0107647
0.01083
0.0108951
0.0109603
0.0110254
0.0105765
0.0106417
0.0107068
0.0107719
0.0108368
0.0109018
0.0104543
0.0105194
0.0105844
0.0106493
0.0107141
0.010779
0.0108436
0.0109197
0.0110124
0.0111051
0.0111976
0.0112901
0.0113824
0.0114746
0.0115668
0.0116588
0.0117508
0.0118427
0.0119345
0.0120262
0.0121177
0.0118066
0.0118702
0.0119339
0.0119974
0.0120684
0.0116542
0.0117456
0.011837
0.0114234
0.0115149
0.011102
0.0111935
0.0112849
0.0113762
0.0114674
0.0115585
0.0111468
0.011238
0.0113291
0.0109975
0.0110609
0.0106229
0.0106902
0.0102803
0.0103716
0.0104629
0.010554
0.0101451
0.0102363
0.0103274
0.00991923
0.0100103
0.00960267
0.00969398
0.00978506
0.00987619
0.00996715
0.010058
0.0101488
0.0102395
0.0103301
0.0104206
0.0105111
0.0106015
0.0106917
0.0107818
0.0108719
0.0104669
0.0100622
0.0101525
0.0102427
0.0103328
0.0104228
0.0105128
0.0101093
0.0101992
0.00979644
0.00988644
0.00997639
0.0100663
0.0101561
0.0102459
0.0103356
0.0104251
0.0105146
0.0106038
0.0106931
0.0107823
0.0108715
0.0109604
0.0110494
0.0111383
0.011227
0.0113156
0.0109156
0.0110044
0.010605
0.0106938
0.0107825
0.0108713
0.0104726
0.0100744
0.0101634
0.00976568
0.00985456
0.00945753
0.00906086
0.00914997
0.00923896
0.00932795
0.00941676
0.00950551
0.0095942
0.00919873
0.0092876
0.00889266
0.00898147
0.00907022
0.00915885
0.00876474
0.00885344
0.00845993
0.00854868
0.00863737
0.00872594
0.00881445
0.00890285
0.00899112
0.00907952
0.00916767
0.00925577
0.00886393
0.00895196
0.00904006
0.00912809
0.00921601
0.00930387
0.00939149
0.00947917
0.00956672
0.00917643
0.00926405
0.00935155
0.00943893
0.00952631
0.00961357
0.00970083
0.00931174
0.009399
0.00901043
0.00909781
0.00918502
0.00927216
0.00935924
0.00944626
0.00953311
0.00961995
0.00926143
0.00886375
0.0089401
0.00901997
0.00910676
0.00872076
0.00880766
0.0084222
0.00803691
0.00832003
0.00821114
0.0082981
0.00838488
0.00847173
0.00855839
0.00864506
0.0082612
0.00834793
0.00843465
0.00852102
0.00860757
0.00869387
0.00831109
0.00839746
0.00848395
0.00857019
0.00865626
0.00874245
0.00882846
0.00891435
0.00900024
0.00861889
0.0087049
0.00879067
0.00887638
0.00896209
0.00858164
0.00850725
0.00838089
0.00871986
0.00859356
0.0084672
0.00880575
0.00914389
0.00901759
0.00889134
0.00922906
0.00910282
0.0089767
0.00931394
0.00918788
0.00952458
0.00939858
0.00973493
0.00960881
0.00948292
0.00935709
0.00923139
0.00956708
0.00944138
0.00931579
0.00919038
0.00952542
0.00940001
0.00927466
0.00914949
0.00948393
0.00935882
0.00923377
0.00956768
0.00944263
0.00977623
0.0101095
0.0104424
0.0103173
0.0101922
0.0100671
0.0103996
0.0102746
0.0101497
0.010025
0.00990033
0.00977582
0.00965142
0.00952715
0.00940299
0.00927889
0.00915498
0.00903106
0.00890738
0.00878382
0.00911462
0.008991
0.0088675
0.00874418
0.00862092
0.00849777
0.00837481
0.00825185
0.00812906
0.00800633
0.00833601
0.00821334
0.00809079
0.00841999
0.00829738
0.00817496
0.00850368
0.00838131
0.00870967
0.00858718
0.00846493
0.0083428
0.00822067
0.00809872
0.00797683
0.0080089
0.00809193
0.00806075
0.00838774
0.00826603
0.00859272
0.00847095
0.00879723
0.00867558
0.00855398
0.00843251
0.00831115
0.00818986
0.00851536
0.00839418
0.00827307
0.00815201
0.00803119
0.00791031
0.0082351
0.00855958
0.00843871
0.00831789
0.00864184
0.00852114
0.00840044
0.00872403
0.00860339
0.00848287
0.00836253
0.00824219
0.00812197
0.00800192
0.0080502
0.00813186
0.0082134
0.00829494
0.00837642
0.00845778
0.00809753
0.00792766
0.00824916
0.0081296
0.00805637
0.0078907
0.00777143
0.00793785
0.00797302
0.00785393
0.00817442
0.00805521
0.00793618
0.0078339
0.00813717
0.0080182
0.0083378
0.0086571
0.00853801
0.00841922
0.00873804
0.00861913
0.0085004
0.00838166
0.00826305
0.00858134
0.00846273
0.00834435
0.00866205
0.00854355
0.0084253
0.0083071
0.00862426
0.00850606
0.00882292
0.00870472
0.00858665
0.00846863
0.00878495
0.00866699
0.00854909
0.00843132
0.00831366
0.00819606
0.00807863
0.00796127
0.00787663
0.00795645
0.00804216
0.00792497
0.00823987
0.00812274
0.00800574
0.00788879
0.00777197
0.00780731
0.00781095
0.00789052
0.00797009
0.00804961
0.008129
0.00820833
0.00828755
0.0083667
0.00844586
0.00852489
0.00860393
0.00868285
0.00876164
0.00884038
0.00891918
0.00899792
0.00864851
0.00872719
0.00880587
0.00888437
0.00896287
0.00904125
0.00911975
0.00919807
0.00927615
0.00935435
0.00943244
0.00951046
0.00958842
0.00966632
0.00974417
0.00982195
0.00989956
0.00955236
0.00963026
0.00928342
0.00936127
0.00943899
0.0095166
0.00959426
0.00967175
0.00974923
0.00940341
0.00905788
0.0091356
0.00921309
0.00929058
0.0089457
0.00902331
0.00867879
0.00875646
0.00883394
0.00849003
0.00814641
0.00822407
0.00830156
0.00795841
0.00803614
0.00769341
0.00735098
0.00742877
0.00750649
0.00758421
0.00766176
0.00773948
0.00781691
0.00747544
0.00755298
0.0073235
0.00737792
0.00743234
0.00748676
0.00754112
0.00759923
0.00767642
0.00775355
0.00741351
0.00749075
0.007568
0.00764501
0.0077222
0.00738287
0.00745988
0.00734824
0.0073579
0.00741202
0.00746608
0.00752008
0.00757408
0.00762808
0.00768179
0.00773633
0.00781286
0.00788945
0.00796592
0.00804251
0.00770509
0.00764412
0.00769782
0.00733823
0.00739193
0.00744563
0.0074994
0.00755304
0.00760669
0.00766015
0.00771368
0.00776708
0.00782055
0.00787395
0.00792724
0.00798053
0.00762272
0.00767612
0.00772941
0.0077827
0.00783587
0.00788903
0.0079422
0.00799531
0.00804842
0.00810134
0.00815439
0.00820732
0.00826013
0.00790423
0.0079571
0.00800997
0.00809669
0.00798607
0.00787538
0.00781339
0.00786626
0.00791913
0.00797194
0.00773108
0.00767034
0.00772321
0.0077759
0.00782865
0.00758725
0.00752789
0.00758058
0.00766367
0.00795954
0.00784963
0.00814515
0.00803536
0.00792545
0.00781578
0.00811082
0.00800127
0.00829601
0.00818634
0.00807673
0.00837111
0.00826156
0.00815207
0.00804263
0.0083366
0.00822723
0.00811785
0.00800872
0.00789964
0.00779057
0.00768161
0.00797486
0.00786591
0.00775707
0.00764835
0.00753963
0.00743109
0.00732261
0.00721419
0.0072431
0.00729513
0.00734729
0.0073995
0.00745147
0.00750351
0.00755543
0.00720769
0.00725979
0.0073117
0.00736386
0.00711727
0.00706875
0.00712073
0.0071727
0.00722462
0.00737578
0.00732827
0.00738019
0.00745082
0.00734329
0.00763327
0.00792307
0.00781542
0.00770795
0.00799733
0.00788981
0.00778246
0.00807142
0.00796402
0.00785667
0.00774944
0.00803804
0.00832641
0.00821912
0.00811189
0.00839978
0.00829262
0.00818551
0.0080784
0.00797147
0.00786465
0.00815207
0.00804514
0.00793844
0.00783175
0.00772512
0.00761861
0.00751221
0.00752538
0.00775227
0.00758621
0.00747997
0.00764695
0.00748113
0.00755382
0.00754187
0.00737628
0.00762761
0.00791317
0.00780714
0.00770116
0.00759524
0.00748944
0.0073837
0.00727808
0.00756299
0.00745738
0.00735188
0.00724638
0.00718471
0.00742549
0.00732011
0.00747028
0.0073058
0.00739366
0.00728846
0.00757211
0.00746697
0.00775033
0.00764525
0.00754011
0.00743508
0.00733024
0.00722539
0.0074431
0.00727943
0.00711587
0.00733957
0.0071761
0.00739962
0.00723627
0.00707304
0.00729632
0.00713322
0.0069702
0.0071933
0.0070304
0.0069232
0.00709048
0.00710046
0.00715047
0.00727749
0.00755835
0.00745428
0.00735027
0.00763071
0.00752676
0.00780696
0.00770295
0.00798285
0.00826257
0.0081585
0.00805455
0.00795066
0.00822991
0.00812608
0.00840509
0.00830126
0.00819737
0.00809371
0.00837231
0.00826865
0.00816494
0.00806141
0.00833964
0.00823611
0.0081327
0.00802928
0.00792599
0.00782275
0.00771964
0.00761658
0.00789398
0.00779104
0.00768805
0.00758511
0.00748229
0.00775927
0.00765657
0.00755382
0.00745112
0.0073486
0.00724614
0.00714368
0.00704134
0.00693911
0.00721538
0.00711316
0.00738913
0.00728697
0.0071848
0.00708276
0.00698072
0.00700855
0.00722665
0.00744456
0.00728527
0.00712606
0.00696701
0.00702208
0.00702575
0.00719517
0.00709349
0.00736803
0.0072664
0.00716478
0.00706327
0.00696182
0.00686055
0.0071345
0.00703311
0.00693184
0.00683069
0.00710422
0.00737756
0.0072763
0.00717515
0.00707406
0.00697309
0.00724596
0.00751871
0.00741762
0.00731659
0.00721568
0.00711483
0.0070141
0.00691342
0.00681275
0.00708479
0.00698417
0.00688368
0.00678319
0.00668287
0.00695443
0.00685412
0.0067538
0.00702506
0.00692475
0.00682449
0.00672442
0.00662434
0.00661731
0.00666589
0.00669515
0.00659519
0.00686562
0.00676572
0.00666595
0.00656611
0.00683618
0.00710607
0.00700623
0.00690651
0.00680691
0.00707626
0.00697672
0.00724584
0.00714624
0.00741506
0.00731552
0.00721598
0.0071165
0.00738502
0.0076533
0.00792152
0.00782186
0.00808978
0.00835741
0.00825775
0.00815821
0.00842559
0.00832611
0.0085932
0.00886005
0.00876039
0.00866097
0.00856155
0.00882804
0.00872856
0.0086292
0.00889534
0.00916141
0.00942719
0.00932777
0.00922835
0.00912905
0.00902975
0.00893062
0.0088315
0.0090968
0.00899762
0.00889868
0.00916356
0.00906456
0.00896561
0.00886673
0.00913131
0.00903243
0.00929672
0.00919795
0.00946194
0.00936311
0.00926441
0.00916564
0.00906706
0.00896841
0.00887001
0.00877154
0.00903505
0.0089367
0.00883836
0.00874013
0.0086419
0.00854379
0.00880671
0.00870866
0.00861061
0.00851268
0.00841469
0.0086773
0.00893968
0.00884175
0.00874388
0.00864607
0.00854832
0.00845063
0.00835311
0.0082556
0.00815809
0.00806075
0.00796342
0.0078662
0.00776905
0.00767189
0.00793338
0.00783628
0.00773925
0.00800037
0.00790334
0.00816417
0.00842482
0.00832778
0.00858819
0.00884837
0.00875133
0.0086543
0.00855732
0.0084604
0.00836354
0.0086233
0.0085265
0.00842983
0.00833309
0.00859255
0.00849587
0.00839925
0.00830269
0.00820631
0.00810987
0.00836879
0.00827241
0.00817609
0.00807989
0.00798368
0.0078876
0.00779158
0.00769562
0.00759971
0.00750381
0.00776201
0.00766629
0.0079242
0.00782841
0.00773269
0.00763702
0.00789464
0.00815207
0.00805628
0.0083136
0.00821787
0.00812221
0.00802654
0.00793105
0.00783563
0.00774026
0.00764489
0.0075497
0.00745451
0.00735945
0.00726438
0.00752074
0.00742579
0.00733078
0.0075869
0.00749189
0.00739706
0.00765288
0.00755793
0.00781345
0.00771868
0.00762385
0.00787914
0.00778443
0.00803936
0.00794464
0.00784993
0.00775522
0.00766069
0.00756609
0.00782079
0.00772619
0.00798059
0.00788611
0.0077917
0.00769728
0.00760299
0.00785691
0.0081107
0.00801635
0.00792211
0.00817561
0.00808132
0.00798714
0.00824034
0.00814617
0.00839913
0.00830495
0.00821078
0.00811678
0.00836939
0.00827539
0.00852776
0.00878
0.00903207
0.0089379
0.00884384
0.00874984
0.00900155
0.0089075
0.00881362
0.00871974
0.00862598
0.00853211
0.00878352
0.00868976
0.00859606
0.00884706
0.00875342
0.00865984
0.00891054
0.0088169
0.00872338
0.0089739
0.00922412
0.00913054
0.00938058
0.00963044
0.0095368
0.00944328
0.00934976
0.00925642
0.00916308
0.00906974
0.00897652
0.00888342
0.00879031
0.00869733
0.00860435
0.00885344
0.00876051
0.00866759
0.00891638
0.00882345
0.00907207
0.00897926
0.00888646
0.00879377
0.00904197
0.00894922
0.00919729
0.00944519
0.00969285
0.00960004
0.00984758
0.00975472
0.00966197
0.00956923
0.0094766
0.0093841
0.00929153
0.00919914
0.00910676
0.00901449
0.00892222
0.00882995
0.0087378
0.00864583
0.00855386
0.00846189
0.00837004
0.00827813
0.0081864
0.00809467
0.00800318
0.00791162
0.00815773
0.00806624
0.00831223
0.00822061
0.00846648
0.00837493
0.00828338
0.00852895
0.00843745
0.00834614
0.00825477
0.00816345
0.0080722
0.00798106
0.00788999
0.00779897
0.00770795
0.007617
0.00752622
0.00743538
0.00734472
0.007254
0.00749868
0.00740796
0.00731736
0.00722682
0.00713634
0.00704592
0.00729012
0.00719976
0.00711238
0.0071559
0.00719947
0.00724304
0.00728655
0.00732994
0.00737333
0.00741678
0.00746018
0.00750351
0.00754678
0.00759012
0.00763327
0.00767666
0.00771981
0.00776303
0.00780612
0.00784922
0.00789237
0.00793546
0.0079785
0.00768948
0.00773257
0.00777555
0.00781852
0.00786161
0.00790459
0.0079475
0.00765914
0.00770217
0.00774521
0.007788
0.00783104
0.00787401
0.00791669
0.00795966
0.00800228
0.00804514
0.00808787
0.00813055
0.00817323
0.0082159
0.00825846
0.00830108
0.00834578
0.00839317
0.008111
0.00815839
0.00820571
0.0082531
0.0083003
0.00834757
0.00839478
0.00844187
0.00848913
0.00853622
0.00858325
0.00863028
0.00867742
0.00872445
0.0087713
0.00881833
0.00886524
0.00858462
0.00863153
0.0086785
0.00872523
0.00877213
0.0088191
0.00886583
0.00891256
0.00895929
0.00900596
0.00872636
0.00877303
0.00849366
0.00854045
0.00858712
0.00863397
0.00868058
0.00872725
0.00877392
0.00882047
0.00886703
0.00858837
0.00863498
0.00868171
0.00872827
0.00877482
0.00882131
0.00886768
0.00891411
0.00896049
0.00900692
0.00905329
0.00909966
0.00882196
0.00886828
0.008591
0.00863725
0.00836015
0.0084067
0.00845307
0.00849956
0.0082227
0.00794625
0.00799274
0.00803912
0.00808561
0.00780946
0.00785595
0.0079025
0.00794888
0.00799537
0.00804174
0.00808799
0.0078125
0.00785887
0.0079053
0.00795162
0.00799787
0.00804412
0.00809038
0.00813669
0.00818276
0.00822896
0.0079543
0.00800043
0.00804669
0.00809282
0.0081389
0.00818497
0.00791079
0.00795692
0.008003
0.00804913
0.00809515
0.00814116
0.00818717
0.00791359
0.00795954
0.00800562
0.00805157
0.00809753
0.00814331
0.00787038
0.00791627
0.00796223
0.0076896
0.00773555
0.00778151
0.00782734
0.00755501
0.00760102
0.00764686
0.00769275
0.00773865
0.00778449
0.00751269
0.00755858
0.00760448
0.00733298
0.00737882
0.00742471
0.00715357
0.00719953
0.00724536
0.0072912
0.00733703
0.00738281
0.00742853
0.00715804
0.00720376
0.00724953
0.00729531
0.00734103
0.00738668
0.00743228
0.00716239
0.00720811
0.0069384
0.00698417
0.00702989
0.00707555
0.00680619
0.00685197
0.00689763
0.0069434
0.00698894
0.00703454
0.00708002
0.00681144
0.00685698
0.00690252
0.00694817
0.00699365
0.00703913
0.00708461
0.00713009
0.00686198
0.00659406
0.0066396
0.00668514
0.00673062
0.00677615
0.00682157
0.00686693
0.00691253
0.00664508
0.00669056
0.00642347
0.00646895
0.00651449
0.00655991
0.00629324
0.00633872
0.00638413
0.00642955
0.00647491
0.00652021
0.00656545
0.00661075
0.00665605
0.00670117
0.00674641
0.00679153
0.00683683
0.00688189
0.00692689
0.00697196
0.00701708
0.00706202
0.00710702
0.00715202
0.0071969
0.00724173
0.00728661
0.00733131
0.00737625
0.00742108
0.00746566
0.00751048
0.00755513
0.00759983
0.00733542
0.00738013
0.00742477
0.00746942
0.00720531
0.00724989
0.00729465
0.00733936
0.00738388
0.00742853
0.00747305
0.00751764
0.00756198
0.00760651
0.00765091
0.00769544
0.00743222
0.00747663
0.00752103
0.00756538
0.00760984
0.00765419
0.00769854
0.00774276
0.00778705
0.00783134
0.0078755
0.00791961
0.00796384
0.00770158
0.0077458
0.00778991
0.00752801
0.00757217
0.00761634
0.00766051
0.00770468
0.00774872
0.00781614
0.00783688
0.00788093
0.00773415
0.00791031
0.00778127
0.00765234
0.00752348
0.00769946
0.00757065
0.00744194
0.00761777
0.00748911
0.00736055
0.00723204
0.00710359
0.00727931
0.00715095
0.00702265
0.00719821
0.00706998
0.00694185
0.00711727
0.00698918
0.0070228
0.00706679
0.00690854
0.00708371
0.00695583
0.00713086
0.00700307
0.00717798
0.00705025
0.00722504
0.00739974
0.00727203
0.00714442
0.00731897
0.00719142
0.00736588
0.00723836
0.00716305
0.00728527
0.00725043
0.00729388
0.00703615
0.00707984
0.00712353
0.00716716
0.00729844
0.00725436
0.00734517
0.00751889
0.00769249
0.007866
0.00803941
0.00791231
0.00778532
0.00765836
0.00753152
0.00740474
0.00757796
0.00775111
0.00762436
0.00779736
0.0076707
0.0075441
0.00771698
0.00759044
0.00776321
0.00763673
0.00751033
0.007384
0.00755662
0.00743037
0.00760287
0.00777528
0.00764906
0.00752291
0.00739685
0.00727087
0.0074431
0.00731719
0.00719133
0.00736344
0.00753546
0.00770736
0.00787917
0.00775331
0.00762758
0.00779924
0.00797081
0.00814229
0.00831366
0.00818792
0.00806224
0.00793666
0.0081079
0.008279
0.00845003
0.00832447
0.00849539
0.00836989
0.00824448
0.00811914
0.00799388
0.00786868
0.00774354
0.00791427
0.00808489
0.00825542
0.00842583
0.00830075
0.00817573
0.00805077
0.00822106
0.00839123
0.00826633
0.00814149
0.00801674
0.00789204
0.00776744
0.00764289
0.00751844
0.00739405
0.00756401
0.00773388
0.00760955
0.0077793
0.00794896
0.00811854
0.0079942
0.00816366
0.008333
0.00820875
0.00837797
0.00854713
0.00842291
0.00859192
0.00876084
0.00863668
0.00851259
0.00838855
0.0082646
0.00814071
0.00801691
0.00818565
0.00835431
0.00823054
0.00839907
0.00827536
0.00815174
0.00802818
0.00819659
0.00807309
0.00824136
0.00840956
0.00828609
0.00845417
0.00833079
0.00849876
0.00837541
0.00825214
0.00812897
0.00829679
0.00817364
0.00805059
0.00821829
0.0083859
0.0082629
0.00813994
0.00830743
0.00847483
0.00864211
0.0085192
0.00868639
0.00856352
0.00844076
0.0086078
0.00877476
0.00865203
0.00852937
0.0086962
0.00857359
0.00845107
0.00832859
0.00820619
0.0083729
0.00825056
0.00812829
0.00833231
0.00855446
0.00877637
0.00899827
0.00893146
0.00915313
0.00908637
0.00930786
0.0092411
0.00917441
0.0093956
0.00932896
0.00955003
0.00977099
0.00970417
0.00992501
0.00985825
0.00979155
0.00972474
0.00994539
0.00987858
0.00981194
0.0097453
0.00967866
0.00961208
0.00954562
0.00976574
0.00969923
0.00991917
0.00985265
0.00978619
0.010006
0.00993943
0.00987303
0.0100925
0.0100261
0.0099597
0.00989324
0.0101126
0.0100462
0.00997978
0.0099135
0.00984716
0.00978094
0.00971478
0.00964862
0.00958246
0.00951642
0.00945032
0.00966907
0.00960296
0.00953692
0.009471
0.00968945
0.00962347
0.00955749
0.00949168
0.00942576
0.00964385
0.00957805
0.00951219
0.00944638
0.00938064
0.00931489
0.00924921
0.00918353
0.0091179
0.00905234
0.00898677
0.00892121
0.00885576
0.00879031
0.00900781
0.00894237
0.00887698
0.00881159
0.00874621
0.00868106
0.00861573
0.00855052
0.0087676
0.00870234
0.00863719
0.00857204
0.00850695
0.00844187
0.00837678
0.00831175
0.00824678
0.00818181
0.00811702
0.00805217
0.0080286
0.00820374
0.00813895
0.0080741
0.00829035
0.00850648
0.00872242
0.00865752
0.00859261
0.00852787
0.00874364
0.00867879
0.008614
0.00854933
0.0084846
0.00841987
0.00835526
0.00829065
0.0082261
0.0081616
0.00809699
0.00803262
0.00824773
0.00818324
0.00811887
0.00805449
0.00826937
0.008205
0.00814062
0.00823256
0.00839344
0.00827536
0.00816232
0.00831813
0.00831246
0.00852674
0.00846249
0.00839823
0.00833392
0.00844607
0.00848383
0.00848863
0.00863343
0.00856918
0.00850499
0.00844091
0.00845596
0.008616
0.00852627
0.00865838
0.00881824
0.0087007
0.00858322
0.00848335
0.00862554
0.00878519
0.00866783
0.00878143
0.00871748
0.00865346
0.00858957
0.00880224
0.00873828
0.0086745
0.00861067
0.00854683
0.00848299
0.00848541
0.00863159
0.00856781
0.00850409
0.00844038
0.00865251
0.00858885
0.00852519
0.00846159
0.00839794
0.00860977
0.00854617
0.00848269
0.00869417
0.00863063
0.00856721
0.00850368
0.0084402
0.00837678
0.00831342
0.00825012
0.00824001
0.00812384
0.00833464
0.00854558
0.00848222
0.00841898
0.00835574
0.0082925
0.00822932
0.00843996
0.00837684
0.00833413
0.0084919
0.00846094
0.00839782
0.00841793
0.00830221
0.00820863
0.00834408
0.00850153
0.00865892
0.00881621
0.00897339
0.00885773
0.00874215
0.00862661
0.00851113
0.00839573
0.0082804
0.00816509
0.00804988
0.0082069
0.00809175
0.00824866
0.00823033
0.00816762
0.00817531
0.00806031
0.00821704
0.00818872
0.0082587
0.00841525
0.00857171
0.0084568
0.00861314
0.00849828
0.00865453
0.00853974
0.0086959
0.00885198
0.00900799
0.00889319
0.00877845
0.00866377
0.00881967
0.00897548
0.00886083
0.00901654
0.00890195
0.00905758
0.00894305
0.00882858
0.00871417
0.00859982
0.00848556
0.00864103
0.0085268
0.00868216
0.00856799
0.00845388
0.00833982
0.00849506
0.00838107
0.0082671
0.00843894
0.00837684
0.00846344
0.00861841
0.00850454
0.00839746
0.00854561
0.008542
0.00848001
0.00868648
0.00889283
0.00909901
0.0090369
0.00897491
0.00891286
0.00911885
0.00905681
0.00899482
0.00920057
0.00913864
0.0090766
0.00928223
0.00922024
0.00915837
0.00909644
0.00903463
0.00923997
0.0091781
0.0093832
0.00932145
0.00952649
0.00946462
0.00940275
0.00934088
0.00927913
0.00921738
0.00915557
0.009094
0.00903231
0.00897074
0.00890917
0.00884759
0.00878608
0.00872457
0.00866312
0.00860167
0.00854033
0.00874466
0.0086832
0.00862193
0.00856054
0.00876468
0.00870329
0.00864208
0.0085808
0.00851953
0.00872332
0.00866216
0.00860089
0.00853974
0.0084787
0.00841749
0.00862116
0.00856
0.00849885
0.00843781
0.00837684
0.008324
0.00847635
0.00862864
0.00851676
0.00840494
0.00829318
0.00847822
0.00841743
0.0084857
0.00863767
0.008526
0.0086779
0.00882971
0.00871807
0.0088698
0.00902146
0.00917301
0.00932449
0.00921288
0.00936428
0.0092527
0.00914121
0.00929248
0.0094437
0.00959483
0.00948337
0.00937194
0.00952297
0.0094116
0.00956255
0.00971341
0.00960207
0.00949079
0.00937957
0.00953034
0.00968099
0.00956982
0.00972041
0.00960928
0.00949818
0.00938717
0.00953764
0.00968805
0.00983837
0.00972739
0.00961643
0.00950557
0.00939476
0.00954494
0.00943419
0.00958428
0.00947356
0.00936291
0.00925231
0.00914174
0.00929174
0.00918123
0.00933114
0.00948095
0.00963071
0.00978038
0.0096699
0.00955948
0.00944909
0.00959867
0.00974813
0.0096378
0.0097872
0.00967693
0.00982624
0.009716
0.00986522
0.0100144
0.00990415
0.009794
0.00968391
0.00957388
0.00946391
0.009354
0.00950301
0.00965193
0.00954205
0.00969088
0.00958106
0.0097298
0.00987849
0.00976869
0.00965896
0.00980753
0.00995603
0.0101044
0.0102528
0.0104011
0.0102913
0.0101817
0.0103298
0.0102202
0.0101106
0.0100011
0.00989166
0.00978225
0.00993031
0.0100783
0.00996891
0.00985959
0.00975034
0.00964114
0.00978902
0.00993678
0.0100845
0.0102321
0.0103797
0.0102705
0.010418
0.0103088
0.0101997
0.0100907
0.0102381
0.0103853
0.0102763
0.0101674
0.0103146
0.0102057
0.0103528
0.0104998
0.010391
0.0105379
0.0104291
0.0103204
0.0102116
0.010103
0.00999442
0.0101413
0.0100327
0.0099242
0.00981575
0.00970739
0.00959906
0.00974575
0.00989237
0.0097841
0.00967586
0.00956768
0.00945956
0.00960606
0.009498
0.00938997
0.00953639
0.00942841
0.0093205
0.0094668
0.00935894
0.00950518
0.00965133
0.00954348
0.00943571
0.00958177
0.00947404
0.00962001
0.00951234
0.00965822
0.00955057
0.00969639
0.00958878
0.00948122
0.00962695
0.00951946
0.00941199
0.00955763
0.00945023
0.00934285
0.00923556
0.00938109
0.00927383
0.00916663
0.00905949
0.00895238
0.00909781
0.00924316
0.00938842
0.00953361
0.00967875
0.0098238
0.00996879
0.00986168
0.00975463
0.00989953
0.0100443
0.00993732
0.010082
0.00997508
0.0101197
0.0102643
0.0101573
0.0100505
0.00994363
0.00983685
0.00973013
0.00987458
0.010019
0.0101633
0.0103075
0.0104517
0.0105958
0.0107398
0.0108838
0.010777
0.0109209
0.0108142
0.0107075
0.0108513
0.010995
0.0108884
0.011032
0.0111756
0.0113191
0.0112125
0.011106
0.0109995
0.010893
0.0110364
0.01093
0.0108237
0.0107174
0.0106112
0.010505
0.0106483
0.0105422
0.0106853
0.0105792
0.0104732
0.0103672
0.0102613
0.0101554
0.0102985
0.0101926
0.0100869
0.0102298
0.0101241
0.0100184
0.00991279
0.0098072
0.00970167
0.0095962
0.00949079
0.00938541
0.00952825
0.009671
0.00981367
0.00970834
0.00985095
0.00974563
0.00988814
0.00978291
0.00992534
0.00982013
0.00971496
0.00985733
0.0099996
0.00989446
0.00978938
0.00993159
0.00982654
0.00996867
0.0101107
0.0100057
0.00990075
0.0100427
0.00993782
0.0100797
0.00997481
0.00987002
0.0100118
0.00990704
0.00980231
0.00994402
0.0100856
0.00998095
0.0101225
0.0100179
0.00991327
0.00980875
0.00970426
0.0095998
0.00974125
0.00963685
0.0097782
0.00967386
0.00981513
0.00995636
0.00985202
0.00999317
0.00988889
0.00978467
0.00992569
0.00982153
0.00971738
0.00985834
0.00999925
0.00989515
0.0100359
0.0101767
0.0100726
0.0102133
0.0103539
0.0102499
0.0101459
0.0100419
0.00993806
0.0100785
0.00997469
0.0101151
0.0100113
0.0101517
0.0100479
0.0099442
0.0100845
0.00998077
0.010121
0.0100173
0.00991374
0.00981024
0.00970677
0.00960335
0.00949997
0.00939664
0.00953668
0.00943342
0.00957337
0.00947013
0.00961003
0.00974986
0.0098896
0.0097864
0.00968322
0.00958011
0.00971976
0.0096167
0.00975627
0.00965324
0.00955027
0.00944734
0.00934446
0.00948393
0.00938109
0.0095205
0.00941768
0.00931495
0.00921226
0.00935155
0.00949079
0.00938812
0.0095273
0.00942466
0.00956374
0.00946116
0.00935861
0.00925612
0.00915369
0.00905132
0.00919029
0.00908795
0.00898564
0.00912452
0.00902227
0.00892007
0.00881791
0.00871581
0.00861374
0.00875252
0.00865051
0.00878921
0.00892785
0.00882584
0.00896442
0.00886247
0.00876057
0.00865871
0.00879717
0.00869536
0.00859362
0.0084919
0.00863028
0.00852859
0.00842696
0.0083254
0.00822389
0.00812241
0.00802097
0.00791958
0.00781825
0.00771698
0.00761575
0.00767696
0.00786126
0.00780624
0.00775111
0.00769603
0.00772673
0.00762564
0.00753105
0.00766259
0.00756162
0.00746068
0.00755024
0.0074977
0.00767916
0.00786287
0.00780797
0.00775301
0.00769818
0.0076434
0.00782686
0.00801021
0.00795531
0.00790048
0.00784564
0.00779092
0.00773603
0.00791925
0.00786448
0.0078097
0.00775498
0.00770026
0.00764561
0.00782847
0.00777382
0.00771916
0.0076645
0.0076099
0.00755531
0.00750083
0.00744623
0.00739175
0.00733727
0.00751984
0.00746536
0.00741088
0.00735646
0.00730211
0.00724769
0.007211
0.0073756
0.00755787
0.00750351
0.00744909
0.00739485
0.00734043
0.00745776
0.0075942
0.00773054
0.00786686
0.00776702
0.00790325
0.00780344
0.00770369
0.007604
0.00774014
0.00764048
0.00754085
0.00744128
0.00734174
0.00724229
0.00737831
0.00727886
0.00741482
0.00731543
0.00745133
0.00735196
0.00725263
0.00715336
0.00705415
0.00716573
0.00711185
0.00729287
0.00747371
0.00741971
0.00760055
0.00754648
0.0074926
0.00743866
0.00738478
0.00733101
0.00727707
0.00722331
0.00740373
0.00758415
0.0077644
0.00771052
0.00765669
0.00760281
0.00754905
0.00749528
0.00744152
0.00738788
0.00756782
0.00751412
0.00746036
0.00740671
0.00735307
0.00729948
0.00724584
0.00742555
0.00760525
0.00755155
0.00749803
0.00744432
0.00739086
0.00733733
0.00751674
0.00769603
0.00764251
0.00782168
0.00776803
0.00794727
0.00789368
0.00784016
0.00778657
0.00796556
0.00791198
0.00785846
0.00780505
0.00775152
0.00793028
0.00810891
0.00828755
0.00846601
0.00841248
0.0083589
0.00830537
0.00825197
0.00819856
0.00814509
0.00809163
0.00803834
0.007985
0.00793165
0.0078783
0.00782508
0.00777185
0.00771856
0.0078966
0.00784332
0.00779009
0.00773686
0.00791478
0.00786161
0.00803936
0.00798619
0.00816375
0.00811058
0.00828803
0.00823486
0.00818169
0.00812852
0.00807542
0.00802225
0.0079692
0.00791621
0.00786316
0.00781012
0.00798732
0.00793433
0.00811142
0.00805831
0.00800532
0.00818223
0.00835913
0.00830609
0.00848281
0.00842977
0.00837672
0.00832379
0.00827086
0.00821793
0.008165
0.00811225
0.00805926
0.00800645
0.00795364
0.00790083
0.0080772
0.00802445
0.00797164
0.00791895
0.00786614
0.00781357
0.00798965
0.0081656
0.00811291
0.00806022
0.00800753
0.00795496
0.00790232
0.00784963
0.00779712
0.00797284
0.00792021
0.00786769
0.00781512
0.00776261
0.00771022
0.00765771
0.00760525
0.00755286
0.00750047
0.0074482
0.0073958
0.00734341
0.00729114
0.0074665
0.00741422
0.00758934
0.00753701
0.00748479
0.00743252
0.00738031
0.00732809
0.00750303
0.00745082
0.00739861
0.00734645
0.0072943
0.0072422
0.00719017
0.00713807
0.00708604
0.00703394
0.00698197
0.00692999
0.00687802
0.0070526
0.00700068
0.00694871
0.00689685
0.00684494
0.00679308
0.00674123
0.00668937
0.00663763
0.0065859
0.00653404
0.00648236
0.00643075
0.00637901
0.00650233
0.00663292
0.00653777
0.00644264
0.00634757
0.00647804
0.006383
0.00651345
0.0066438
0.00654879
0.00645381
0.00635889
0.00648916
0.00639427
0.00629944
0.00642964
0.00633481
0.00624004
0.00630111
0.00627545
0.00619829
0.00631079
0.00632024
0.00634614
0.00644201
0.00639063
0.00633937
0.00628799
0.00646102
0.00663406
0.00658262
0.00675553
0.00670415
0.00665283
0.00660157
0.00655019
0.00649893
0.00644767
0.00639647
0.00656903
0.00651777
0.00646657
0.00641549
0.00636429
0.00631309
0.006262
0.00643438
0.0063833
0.00633216
0.00628108
0.00623
0.00617898
0.00635111
0.00630009
0.00624913
0.00642103
0.00637013
0.00654203
0.00649095
0.00643998
0.00638902
0.00633806
0.00628716
0.00623626
0.00618535
0.00635701
0.00630605
0.00647771
0.00642675
0.00637591
0.00632507
0.00627422
0.00622344
0.00617266
0.00634396
0.00629318
0.00624245
0.0064137
0.00636286
0.00631207
0.00648308
0.00643241
0.00638163
0.00633097
0.00628024
0.00622958
0.00617892
0.00612843
0.00607783
0.00602716
0.00597668
0.00592613
0.0060969
0.00626737
0.00621688
0.00616634
0.00611585
0.00628632
0.00623578
0.00640613
0.00657636
0.00652593
0.00647533
0.00642484
0.00637436
0.00632393
0.00627351
0.00622308
0.00617266
0.00612241
0.00607198
0.00624192
0.00619155
0.00614125
0.00609094
0.00604063
0.00599039
0.0059402
0.00588995
0.00583971
0.00600946
0.00595921
0.00590909
0.0058589
0.00580871
0.00575864
0.00592816
0.00609744
0.00604731
0.00599724
0.00594711
0.00589705
0.00584692
0.00579691
0.00574696
0.00591606
0.00586605
0.0058161
0.00576609
0.00571615
0.0056662
0.00561637
0.00556642
0.00551659
0.00568533
0.00563556
0.00558573
0.00553584
0.00554365
0.00567022
0.00560492
0.00555515
0.00572371
0.00567389
0.00564763
0.00577399
0.00590032
0.0060266
0.0059348
0.00584304
0.00575134
0.00587752
0.00578582
0.00569418
0.00578088
0.00573117
0.00589919
0.00584954
0.00579983
0.00596774
0.00591797
0.00586843
0.00581884
0.00586644
0.00599226
0.006118
0.00602654
0.00615224
0.00606081
0.00618646
0.00609505
0.00600371
0.00591239
0.00582111
0.00572988
0.00563869
0.00576422
0.00572711
0.0058943
0.00606143
0.00601196
0.00596249
0.00591314
0.00608009
0.00603068
0.00619745
0.00636429
0.00631487
0.0062654
0.00643212
0.0063827
0.00633323
0.00628382
0.00645041
0.00640106
0.00635165
0.00651801
0.00646865
0.00663495
0.00680113
0.00675178
0.00670236
0.00686848
0.00681913
0.00698507
0.00693578
0.00688636
0.00683701
0.00678766
0.00673842
0.00668907
0.00685489
0.00680554
0.00697124
0.00692195
0.00687271
0.00682342
0.00677419
0.00672507
0.00667584
0.00662667
0.00657749
0.00652844
0.00647932
0.00664467
0.00659555
0.00676078
0.00671172
0.00666261
0.00661355
0.00656456
0.0065155
0.00646651
0.00663149
0.00658256
0.00674748
0.00669843
0.0068633
0.00681436
0.00676531
0.00671625
0.00688106
0.00683206
0.00678313
0.0069477
0.00689876
0.00684983
0.00680089
0.00675201
0.00691646
0.00686753
0.00681865
0.00676978
0.0067209
0.00667208
0.00662333
0.00657457
0.00652575
0.00647706
0.00650954
0.00665247
0.00679535
0.00672537
0.00686818
0.00679827
0.00672841
0.00665849
0.00680119
0.00673133
0.00687397
0.00701648
0.00694668
0.00708908
0.00723153
0.00716168
0.00709188
0.00723416
0.00737637
0.00730664
0.00744873
0.007379
0.00752109
0.00766313
0.00759327
0.00752354
0.00766546
0.00780737
0.00773758
0.00787944
0.00780964
0.0077399
0.00767022
0.0078119
0.00795358
0.00788385
0.00781417
0.00774455
0.00788611
0.00802755
0.008169
0.00809938
0.0082407
0.00817108
0.0081014
0.00803179
0.00817311
0.00831425
0.00824469
0.00838584
0.00831628
0.00824672
0.00838768
0.00831819
0.00824869
0.00817919
0.00832009
0.00825065
0.00818127
0.00811189
0.00825262
0.0081833
0.00811398
0.0080446
0.00797528
0.00790608
0.00783682
0.00776762
0.00790823
0.00783908
0.00776988
0.00770074
0.00763166
0.00756258
0.00749356
0.00742453
0.00756496
0.00770539
0.00784582
0.0077768
0.00791705
0.00784802
0.007779
0.00791925
0.00785023
0.00799036
0.0079214
0.00806147
0.00799251
0.00813252
0.0080635
0.00799465
0.00792575
0.00806564
0.0079968
0.00792795
0.00785917
0.00779039
0.0077216
0.00765294
0.00758421
0.00751561
0.0076552
0.00779486
0.00772619
0.00765759
0.00758898
0.00772852
0.00765997
0.00779939
0.00773084
0.0076623
0.00759375
0.00752527
0.00745678
0.00738829
0.00731999
0.00745922
0.00759846
0.00753009
0.00746167
0.00739342
0.00732505
0.00725669
0.00718844
0.00732756
0.00725931
0.00719106
0.00712287
0.00726187
0.00719368
0.00712556
0.00705743
0.0069893
0.00712824
0.00706011
0.00699204
0.00692403
0.00685602
0.00678802
0.00692677
0.00685883
0.00679094
0.00692958
0.00686169
0.0067938
0.00693232
0.0070709
0.00700301
0.00693512
0.00686723
0.00679952
0.00673175
0.00666398
0.00680232
0.00673461
0.00687295
0.00701118
0.0069434
0.00708157
0.00721973
0.00715196
0.00708425
0.00722235
0.00715458
0.00708693
0.00701928
0.00715727
0.00729507
0.00743294
0.00736529
0.00750303
0.00743538
0.00757301
0.00750542
0.00764304
0.00757539
0.00750786
0.00744027
0.00737268
0.0073052
0.00723773
0.00737518
0.00751257
0.0074451
0.00758249
0.00751495
0.00765222
0.00778949
0.00772202
0.00765455
0.0077917
0.00792879
0.00786138
0.0077939
0.00772649
0.00765914
0.00759178
0.00772876
0.00766152
0.00779837
0.00773102
0.00766379
0.00759649
0.00752932
0.00746208
0.00739491
0.0073278
0.00746453
0.00739735
0.00733024
0.00746691
0.00739986
0.00753641
0.00767291
0.00760579
0.00753874
0.00767517
0.00760812
0.00774443
0.00788081
0.00781375
0.00774676
0.0076797
0.0078159
0.00774896
0.00768203
0.00761509
0.00775117
0.00788724
0.00782031
0.00795633
0.00788933
0.00782245
0.00775564
0.00789154
0.00802737
0.00816309
0.00809622
0.0080294
0.00796252
0.00809824
0.00803143
0.00796467
0.00789791
0.00783116
0.0079667
0.00810224
0.00803554
0.00796878
0.00810426
0.00803757
0.00817287
0.00810629
0.00803959
0.00797302
0.00790644
0.00804168
0.0079751
0.00790852
0.007842
0.00777549
0.00770903
0.00784409
0.00777769
0.00791276
0.0078463
0.0077799
0.00771344
0.00784844
0.00778204
0.0077157
0.00785059
0.00798541
0.00812018
0.00805384
0.0079875
0.00792116
0.00785488
0.0077886
0.00772238
0.00785702
0.0077908
0.00772458
0.00785911
0.00779295
0.00772679
0.00766069
0.00759465
0.00772899
0.00766295
0.0077973
0.0077312
0.00786555
0.00779951
0.00793374
0.00786763
0.00780165
0.00793582
0.00786984
0.00800389
0.00813794
0.00827193
0.00840586
0.00833976
0.00827378
0.0082078
0.00834167
0.00827569
0.00840944
0.00854319
0.00847715
0.00841123
0.00834531
0.00827944
0.00821352
0.00814772
0.00828129
0.00841486
0.00854832
0.00868171
0.00881511
0.00874919
0.00868338
0.00881666
0.0087508
0.00888401
0.00901717
0.00895131
0.0090844
0.0090186
0.0089528
0.00908583
0.00902003
0.00895423
0.00888848
0.0088228
0.00875717
0.00889003
0.00882435
0.00875872
0.00869304
0.00862747
0.00856191
0.00849634
0.00843078
0.00836533
0.00829989
0.00823444
0.00836718
0.0084998
0.00863242
0.00876498
0.00869954
0.00883204
0.00876659
0.00870109
0.00883353
0.00876808
0.00870275
0.00883508
0.00896734
0.00890195
0.00883657
0.0087713
0.00890338
0.00883812
0.00877279
0.00890493
0.00883967
0.00877434
0.00890636
0.00903839
0.00897312
0.00890785
0.00884265
0.00877744
0.00890934
0.0088442
0.00877905
0.0087139
0.00864881
0.00878054
0.00891227
0.00884724
0.00878215
0.00871712
0.00865203
0.0087837
0.00871873
0.0086537
0.00858873
0.00852376
0.00865531
0.0085904
0.00852555
0.00846064
0.00839573
0.00852716
0.00846237
0.00839752
0.00852883
0.00866014
0.00859535
0.0087266
0.00866175
0.00879294
0.00872815
0.00866336
0.00859863
0.0085339
0.00866497
0.00879604
0.00892693
0.0088622
0.00879753
0.0087328
0.00866824
0.00860357
0.00853896
0.00847441
0.00840986
0.00834537
0.00828087
0.00841165
0.00834715
0.00847787
0.00860852
0.00854403
0.00867462
0.00861019
0.00874072
0.00887108
0.00880671
0.00893706
0.00887257
0.00900298
0.00913328
0.00906879
0.00900441
0.00913459
0.00907016
0.00920033
0.0091359
0.00907153
0.00900716
0.00913721
0.00926727
0.00920284
0.00933284
0.00926852
0.00920415
0.0091399
0.00926971
0.00920546
0.00914121
0.00907701
0.00901276
0.0089485
0.00888443
0.00882024
0.00875616
0.00888586
0.00882179
0.00895143
0.00888735
0.00882328
0.00895286
0.00908238
0.00901836
0.00895429
0.00889027
0.00882632
0.00895566
0.00889176
0.00882775
0.00895709
0.00889319
0.0088293
0.00876534
0.0087015
0.00883073
0.00876689
0.00870305
0.00883228
0.00876838
0.00889754
0.00883371
0.00876999
0.00870615
0.00864249
0.00877148
0.00870776
0.00864404
0.00877297
0.00890189
0.00883818
0.00877452
0.00871086
0.0086472
0.00858361
0.00871241
0.00864881
0.00858533
0.00852174
0.00845826
0.00839472
0.0083313
0.00845993
0.00858855
0.00852507
0.00846165
0.00859016
0.00852674
0.00846332
0.0083999
0.00852835
0.00846499
0.00859344
0.00872171
0.00885004
0.00878662
0.00891483
0.00904298
0.00897962
0.00891626
0.0088529
0.0087896
0.00872636
0.00866306
0.00859982
0.00872785
0.00866461
0.00860143
0.00853831
0.00866622
0.00860304
0.00853992
0.00847685
0.00841373
0.00854152
0.00847846
0.00860626
0.00854325
0.00848019
0.00860786
0.00854486
0.00848186
0.00860947
0.00873709
0.00867409
0.00861102
0.00854814
0.00848514
0.00842226
0.00835937
0.00829649
0.00823367
0.00817078
0.00829822
0.00823551
0.00836283
0.00830007
0.0082373
0.00836456
0.00830179
0.00823909
0.00817639
0.00811374
0.00824088
0.00817823
0.00811553
0.00824273
0.00818008
0.00811744
0.00805485
0.00799227
0.00792974
0.00786716
0.00780469
0.00774223
0.00786924
0.00780678
0.00774437
0.00768191
0.0078088
0.00793564
0.00806248
0.00800002
0.00793761
0.00787526
0.00800198
0.00812864
0.00825524
0.00819284
0.00831938
0.00825703
0.00838351
0.00850999
0.00844759
0.00857401
0.0085116
0.00844926
0.00838697
0.00851327
0.00863957
0.00857717
0.00851494
0.00845265
0.00839037
0.00832814
0.00845426
0.00839204
0.00832987
0.00845599
0.00839382
0.00851977
0.00845766
0.00839549
0.00833333
0.00845927
0.00839716
0.00833505
0.00827301
0.00821096
0.00814897
0.00808698
0.00802499
0.007963
0.00808877
0.00802684
0.00796497
0.00790304
0.00784117
0.00777936
0.00790501
0.00784326
0.00796884
0.00790697
0.00803256
0.00815809
0.00809628
0.00803447
0.00797266
0.00791091
0.00784922
0.00778753
0.00791287
0.00803822
0.00816351
0.00810182
0.00804013
0.0079785
0.00791681
0.00785518
0.00779361
0.00791878
0.00785714
0.00779563
0.007734
0.00767249
0.00779766
0.00773615
0.00767463
0.00761312
0.00755173
0.00749028
0.00742888
0.00755388
0.00749242
0.00743109
0.00736976
0.00730836
0.00724709
0.00718582
0.00731069
0.00724941
0.00718826
0.00731301
0.0072518
0.00737649
0.00750118
0.00762582
0.00756454
0.00750333
0.00744218
0.00738096
0.00750554
0.00744432
0.00756884
0.00750768
0.00744659
0.00738543
0.00732434
0.0072633
0.00720233
0.00714123
0.00708026
0.00701928
0.00695831
0.00708264
0.00702173
0.00696081
0.00689989
0.0068391
0.00677818
0.00671738
0.0068416
0.00678074
0.00671995
0.00665915
0.00678331
0.00672251
0.00666183
0.00660115
0.00654048
0.00647974
0.00641912
0.0063585
0.00629789
0.00623733
0.00617677
0.00611621
0.00605565
0.00599515
0.00593472
0.00605863
0.00618249
0.00613689
0.00627899
0.00623685
0.00619477
0.00615269
0.00629473
0.00631201
0.00643557
0.00637519
0.00631475
0.00626832
0.00641024
0.00636816
0.00632608
0.00628406
0.00624198
0.00638378
0.0063417
0.00629967
0.00625771
0.00621569
0.00617379
0.00613183
0.00627333
0.00623143
0.00637293
0.00633097
0.00628901
0.00643045
0.00638849
0.00652987
0.00648791
0.00644594
0.00640404
0.00654525
0.00668645
0.00664455
0.00660264
0.00656074
0.00651878
0.00665987
0.00661796
0.00675899
0.00689995
0.00685805
0.00681609
0.00695693
0.00691509
0.00687319
0.00683135
0.00678951
0.0067476
0.00688839
0.007029
0.00698704
0.00694531
0.00690347
0.00686163
0.00681978
0.00696033
0.00710082
0.00705904
0.00701714
0.00697541
0.00693363
0.00707394
0.00703216
0.00699037
0.00713068
0.00708884
0.00722909
0.00718731
0.00714552
0.00710386
0.00706208
0.00702041
0.00716043
0.00711876
0.00707704
0.00703532
0.00717533
0.0071336
0.00709194
0.00705028
0.00719017
0.0071485
0.00710684
0.00706524
0.00702357
0.00698197
0.00694036
0.00689882
0.00685728
0.00681573
0.00677425
0.0067327
0.00669122
0.00664973
0.00660825
0.00656682
0.0065254
0.00648403
0.00644261
0.00640118
0.00654066
0.00649929
0.00663871
0.00659728
0.00655586
0.00669515
0.00665379
0.00679308
0.00675166
0.00671029
0.00666893
0.00662762
0.00658619
0.00654495
0.00668401
0.00682306
0.00678176
0.00674045
0.00669903
0.00665784
0.00679672
0.00675541
0.00671417
0.00667298
0.00681174
0.00677049
0.00672919
0.006688
0.0068267
0.00678545
0.00674421
0.00670308
0.00666189
0.00662065
0.00675929
0.0067181
0.00667691
0.00663573
0.00659466
0.00655353
0.00669199
0.00665087
0.00660974
0.00656867
0.0065276
0.00648636
0.00644541
0.0064044
0.00636345
0.00632238
0.00646067
0.0064196
0.00637859
0.00633758
0.00647575
0.00661379
0.00657284
0.00653189
0.00649083
0.00644988
0.00658792
0.00654691
0.00650597
0.00646508
0.00642419
0.00638318
0.00634241
0.00648016
0.00643927
0.00639844
0.00635755
0.00631672
0.00645441
0.00641352
0.00637275
0.00633192
0.00646955
0.00642872
0.00638789
0.0065254
0.00648451
0.0064438
0.00640303
0.00636226
0.00632143
0.00628072
0.00641811
0.00655538
0.00651461
0.0064739
0.00643319
0.00639248
0.00635183
0.00648892
0.00644821
0.00640762
0.00636691
0.00632626
0.00628561
0.00642258
0.00638199
0.0063414
0.00630075
0.00626016
0.00621957
0.00617903
0.00613844
0.0062753
0.00623477
0.00619423
0.00615364
0.00611311
0.00607264
0.00603223
0.00599164
0.00595123
0.00591081
0.00587034
0.00582999
0.00596654
0.00592613
0.00588578
0.00584537
0.00598186
0.00594151
0.0059011
0.00586075
0.00599718
0.00613362
0.00609314
0.00605279
0.00601244
0.00597215
0.00593179
0.00589144
0.00585109
0.00598741
0.00594711
0.00590682
0.00604296
0.0060026
0.00596237
0.00592208
0.00588179
0.00601786
0.00600141
0.00594366
0.0058971
0.00585687
0.00599283
0.00595266
0.00591248
0.00587225
0.00583202
0.0057919
0.00575179
0.00571173
0.00584739
0.00580728
0.00576717
0.00572711
0.005687
0.0058226
0.00578249
0.00574243
0.00570238
0.00583786
0.00579786
0.00575775
0.00571769
0.0056777
0.00563771
0.00559771
0.00555778
0.00551778
0.00550401
0.00544661
0.00556445
0.00550711
0.00544971
0.00539237
0.00533515
0.00545287
0.00539553
0.00533831
0.00545597
0.00539875
0.00534946
0.00548446
0.00544459
0.00557965
0.00553966
0.0054999
0.00563478
0.00559497
0.00572979
0.00569004
0.00582474
0.00578499
0.00574505
0.00570524
0.00566542
0.00562572
0.00558585
0.00554609
0.00550646
0.0054667
0.00542694
0.00538731
0.00534755
0.00548214
0.00544244
0.00557691
0.00553721
0.00549757
0.00545794
0.00541818
0.00537854
0.00533891
0.00529933
0.00543362
0.00539404
0.00535446
0.00531483
0.00544906
0.0054394
0.00538254
0.00550407
0.00546443
0.00542492
0.00538528
0.00534582
0.00530624
0.00533205
0.00544876
0.0055654
0.00550866
0.00545186
0.00556844
0.0055117
0.00545496
0.00557148
0.00551474
0.00563127
0.00574768
0.00569099
0.00580734
0.00575066
0.005867
0.00581032
0.00575358
0.00569689
0.00564021
0.00558364
0.00569987
0.00581604
0.00575942
0.00587565
0.00581896
0.00576234
0.00570577
0.00564921
0.00559264
0.00570875
0.00565219
0.00559562
0.00571167
0.0056566
0.0057711
0.0057146
0.00565809
0.00577402
0.00588995
0.00583345
0.0059492
0.00589275
0.00583631
0.00577986
0.00589556
0.00583917
0.00578278
0.00589842
0.00584203
0.00595772
0.00590128
0.00584495
0.00596052
0.0059042
0.00601965
0.00596327
0.00607884
0.00619423
0.00613791
0.0062533
0.00619692
0.00614059
0.00608426
0.0061996
0.00614327
0.00608701
0.00603074
0.00614601
0.00626123
0.00620496
0.00614876
0.00609243
0.00603628
0.00598007
0.00592393
0.00586778
0.00581163
0.00592679
0.00604177
0.00598568
0.00610065
0.00604451
0.00615954
0.0061034
0.00621831
0.00616217
0.00627702
0.00639182
0.00633574
0.00627965
0.00639445
0.00650913
0.00645304
0.00656778
0.00652534
0.00665683
0.00661784
0.00657868
0.00653964
0.00667119
0.00663215
0.00676358
0.00674564
0.00686002
0.00681686
0.00694811
0.00690901
0.00687003
0.00683099
0.00679195
0.00675291
0.00688422
0.00701541
0.00697619
0.00710738
0.00706834
0.00702935
0.00699031
0.00695133
0.00708228
0.00704324
0.00700426
0.00713521
0.00709629
0.00705731
0.00701827
0.00697941
0.00711018
0.00707132
0.00720197
0.00716311
0.00712413
0.0070852
0.00704628
0.00717688
0.00713795
0.00726855
0.00722969
0.00719076
0.0073213
0.00728232
0.00724345
0.00720453
0.00733495
0.00729614
0.00725728
0.00721842
0.00717956
0.00730991
0.00727099
0.00740123
0.00736237
0.00732362
0.00728476
0.00724596
0.00720716
0.00733733
0.00729853
0.00725973
0.00738978
0.00735092
0.00731218
0.00727338
0.00723469
0.00719595
0.00732589
0.00728714
0.00741708
0.00737828
0.00741625
0.00736076
0.0073052
0.00741827
0.00736284
0.00731456
0.00727588
0.00740552
0.00747776
0.00742227
0.00753516
0.00747967
0.0075925
0.00753707
0.00748169
0.00759447
0.00753909
0.00748366
0.00742829
0.00737298
0.00731766
0.00743032
0.00737506
0.0074876
0.00743228
0.00738269
0.00734419
0.00730556
0.00743479
0.00739616
0.00735766
0.00731915
0.00728071
0.00740975
0.00737125
0.00733274
0.0072943
0.00742328
0.00738478
0.00734627
0.00747532
0.0074994
0.00744432
0.00738919
0.00750136
0.00761765
0.00757909
0.00754064
0.00766945
0.00763094
0.00759256
0.00755411
0.00751573
0.00747722
0.00760591
0.00756747
0.00752902
0.00749069
0.00756615
0.00751114
0.00745624
0.00740123
0.00734633
0.00745821
0.00740325
0.00751752
0.00747919
0.00744092
0.00740254
0.00736427
0.00732601
0.00735241
0.00729758
0.00740921
0.00735444
0.00730127
0.00741124
0.00735646
0.00730163
0.00724685
0.00735843
0.00747001
0.00741524
0.00736052
0.00747192
0.00741726
0.00752866
0.00747389
0.00741917
0.00753057
0.00764197
0.00758719
0.00753254
0.00747782
0.00742322
0.00736851
0.00731391
0.00725931
0.00720471
0.00715017
0.0072614
0.0072068
0.00715232
0.00709778
0.00704324
0.00715441
0.00728136
0.00724334
0.00732201
0.00743306
0.00737852
0.0074895
0.00743502
0.00754595
0.00765681
0.00776768
0.0077132
0.007824
0.00776947
0.00788027
0.00782579
0.00777131
0.00771683
0.00766242
0.00760794
0.00755358
0.00766426
0.00760984
0.00755554
0.00750118
0.00761175
0.00755745
0.00750309
0.0076136
0.00772411
0.00766981
0.00761551
0.00756121
0.00750691
0.00745267
0.00756311
0.00750887
0.00745463
0.00740045
0.00751078
0.00762111
0.00756693
0.00751269
0.00762296
0.00756884
0.00751466
0.00746042
0.00757068
0.00751656
0.00746238
0.00740832
0.0073542
0.00730014
0.00724614
0.00735623
0.00730217
0.00724816
0.00735825
0.00730419
0.00741416
0.00752419
0.00747019
0.00741619
0.00736219
0.0074721
0.00741816
0.00736415
0.00731027
0.00742006
0.00752991
0.00747597
0.0075857
0.00753182
0.00747788
0.00758761
0.00753373
0.0076434
0.00758952
0.00769913
0.00764525
0.00759137
0.00770098
0.00781047
0.00791997
0.00786608
0.00797552
0.00808495
0.00819439
0.00830376
0.00824982
0.00835907
0.00830525
0.00825143
0.00836068
0.00830674
0.00841594
0.00836211
0.00830823
0.00825447
0.00820065
0.00830978
0.00841886
0.00852793
0.00847417
0.00842035
0.00852931
0.0084756
0.00858456
0.00853074
0.00847703
0.00858587
0.00853211
0.00847846
0.0085873
0.0085336
0.00847983
0.00842613
0.00837249
0.00831884
0.0082652
0.00837398
0.00832033
0.00842905
0.00837547
0.00832182
0.00826824
0.0083769
0.00848556
0.00843197
0.00854051
0.00864911
0.00859553
0.00870401
0.00865042
0.0087589
0.00870532
0.00865179
0.00859821
0.00854474
0.00849122
0.00843775
0.00838429
0.00849265
0.00843918
0.00838572
0.00833231
0.00844061
0.00838715
0.0083338
0.00828046
0.00822705
0.00817364
0.00828195
0.0082286
0.00833678
0.00844491
0.00855303
0.00866109
0.00860769
0.00871581
0.00866246
0.00860912
0.00855583
0.00850248
0.0084492
0.00839597
0.00834274
0.00828952
0.00823623
0.00834423
0.00829101
0.00823784
0.00834566
0.0082925
0.00823933
0.00834715
0.00845492
0.00840181
0.00850946
0.00845629
0.00840324
0.00851089
0.00845778
0.00856537
0.00867295
0.00878054
0.00872743
0.00867432
0.00862128
0.00856811
0.00851506
0.00862253
0.00856954
0.00851649
0.00846344
0.00841039
0.00835747
0.00830442
0.00825149
0.00819856
0.00814563
0.00809324
0.00820011
0.00814724
0.00825459
0.00836188
0.00830889
0.00825608
0.00820321
0.00831044
0.00825751
0.00836474
0.00831193
0.00825906
0.00820631
0.00815344
0.00826061
0.00820786
0.00815505
0.0081023
0.00820935
0.0081566
0.00826359
0.0082109
0.00815815
0.00826508
0.00821245
0.00831932
0.00826657
0.00821394
0.00816125
0.00810862
0.00821549
0.0081628
0.00811023
0.00805759
0.00800496
0.00795239
0.00789982
0.00784731
0.0077948
0.00774229
0.00786233
0.00782567
0.00790322
0.00800985
0.00795728
0.00806397
0.00801152
0.00795895
0.00790656
0.00785404
0.00780165
0.00790817
0.00801468
0.00812119
0.00822759
0.00817519
0.00812274
0.00822914
0.00817674
0.00828302
0.00823063
0.00817829
0.0081259
0.00807351
0.00802112
0.00796884
0.00807512
0.00802279
0.008129
0.00807673
0.00802439
0.00797212
0.00791979
0.00802594
0.00797373
0.00792152
0.0078693
0.00797534
0.00792319
0.00787091
0.0078187
0.0077666
0.00771439
0.00766236
0.00761014
0.00755811
0.00750601
0.00745392
0.0075599
0.00766581
0.00762343
0.00774503
0.00770861
0.00767231
0.00772148
0.00766939
0.00761735
0.00772315
0.00767118
0.0076192
0.00757599
0.00753981
0.00750351
0.00762492
0.00767469
0.00762272
0.0075708
0.00767642
0.00762457
0.00757265
0.00752068
0.00746888
0.00741702
0.00752258
0.00747073
0.00741893
0.00752443
0.00747257
0.00757807
0.00752622
0.00747442
0.00757986
0.00752807
0.00763339
0.00758165
0.00752991
0.00747812
0.00742644
0.0075317
0.00748003
0.00742829
0.00753361
0.00763875
0.00758702
0.00769222
0.00779736
0.00774568
0.00785083
0.00795591
0.00806099
0.00816596
0.00811416
0.00821924
0.00816751
0.00811577
0.00822073
0.00832558
0.0082739
0.00822222
0.00817055
0.00811887
0.00806719
0.00817204
0.00827682
0.0082252
0.00817353
0.00812197
0.00807035
0.00801879
0.00796723
0.0080719
0.00802034
0.00796878
0.00807345
0.00802201
0.00797045
0.00807506
0.00817961
0.00828415
0.00838864
0.00833714
0.00844163
0.00839001
0.00833857
0.00828707
0.00823563
0.00818419
0.0081327
0.00808126
0.00818568
0.00813419
0.00823855
0.00818712
0.00813574
0.00808436
0.00818866
0.00813729
0.00824153
0.00834572
0.00829434
0.00824296
0.00819165
0.00814033
0.00808901
0.00803775
0.00814182
0.00824594
0.00835001
0.00829864
0.00840276
0.00835139
0.0084554
0.00840408
0.00835282
0.00845677
0.00856066
0.0085094
0.00845814
0.00840694
0.00835568
0.00830448
0.00825328
0.00820214
0.00815094
0.00809985
0.00804871
0.00815243
0.00810128
0.00805026
0.00815392
0.00810289
0.00820655
0.00815547
0.00810444
0.00820804
0.00815701
0.00826061
0.00820959
0.00831312
0.00826204
0.00836557
0.00848377
0.008448
0.00841242
0.00837684
0.00849557
0.00845999
0.00857872
0.00869739
0.00866175
0.00862604
0.00874472
0.00870907
0.00882775
0.00879198
0.00875634
0.0087207
0.00868511
0.00864947
0.00861394
0.0085783
0.00854272
0.00850707
0.00847155
0.00843602
0.00840044
0.00836498
0.00832945
0.00829387
0.00825846
0.00822294
0.00818747
0.00815201
0.00811654
0.00808114
0.00804567
0.00816399
0.00812858
0.00824672
0.00821126
0.00832957
0.00829411
0.00825864
0.00837678
0.00834137
0.00830597
0.00827056
0.00823516
0.00835317
0.00831783
0.00828242
0.00840044
0.00836498
0.00832963
0.00829422
0.00841218
0.00837678
0.00834143
0.00830609
0.00842392
0.00838858
0.00835323
0.00831789
0.0082826
0.00824738
0.00821203
0.00832969
0.0082944
0.00841212
0.00837684
0.00834155
0.00830621
0.00827098
0.00823569
0.00820047
0.00816524
0.00828272
0.00824761
0.00821233
0.00832981
0.00844723
0.00841206
0.00852937
0.0084942
0.0086115
0.00857627
0.00869358
0.00865835
0.00862312
0.0085879
0.00855267
0.00866991
0.00863463
0.00859952
0.00871664
0.00868142
0.00864625
0.00861108
0.00857592
0.00854075
0.00850558
0.00862259
0.00858754
0.00870448
0.00866926
0.00863421
0.00859898
0.00856388
0.00868082
0.00864577
0.00876254
0.00872737
0.00884426
0.00880915
0.00877404
0.00873888
0.00870383
0.00866872
0.00863373
0.00875038
0.00871533
0.00883192
0.00879681
0.00876188
0.00872678
0.00869173
0.00880831
0.00877321
0.00888973
0.00900626
0.00897121
0.00908762
0.00905257
0.00901753
0.00913393
0.00909889
0.00906378
0.00908452
0.00903434
0.0091356
0.00923681
0.00919133
0.0093075
0.00927252
0.00933897
0.00928885
0.00938994
0.00933987
0.0092898
0.00923973
0.00918978
0.00929463
0.0092597
0.00937557
0.0093407
0.00939268
0.00949365
0.00944358
0.00939357
0.00949442
0.00944442
0.00939763
0.0093627
0.00932771
0.00929284
0.00925791
0.00922298
0.00918806
0.00930387
0.00929648
0.00939727
0.00934976
0.00931489
0.00927997
0.00939566
0.00951129
0.00962675
0.00959188
0.00970745
0.00967252
0.00978804
0.00975305
0.00971824
0.00968331
0.00964844
0.00961345
0.00957865
0.00954384
0.00950897
0.00962436
0.00958955
0.00955468
0.00951993
0.00948513
0.00945032
0.00941551
0.0093807
0.00949603
0.0094611
0.00942636
0.00954157
0.00950688
0.00947201
0.00943732
0.00940257
0.00936794
0.00933313
0.00929844
0.00941348
0.00937879
0.0093441
0.00930929
0.00942433
0.0093897
0.00935501
0.00946999
0.00943524
0.00940055
0.00936586
0.00933129
0.00944608
0.00941145
0.00937688
0.00934213
0.00930762
0.00942236
0.00938767
0.0093531
0.00931853
0.0092839
0.00924933
0.00921476
0.00918019
0.00914568
0.00911117
0.00907665
0.00904208
0.00900757
0.00897306
0.00893861
0.00905317
0.00916773
0.00928211
0.00924766
0.00921315
0.0091787
0.00922143
0.00917214
0.00927168
0.00937122
0.00932187
0.00942141
0.00952089
0.00962031
0.00957102
0.00952178
0.00947243
0.00957185
0.0095225
0.00962192
0.00957263
0.00952339
0.00948519
0.00945073
0.00956482
0.00953043
0.00949585
0.00960988
0.00957549
0.00954109
0.0095067
0.00947231
0.0094378
0.00955176
0.00951743
0.00963134
0.00959688
0.00956249
0.0095281
0.00949377
0.00947928
0.00943029
0.00952923
0.00962824
0.00957918
0.00953007
0.00962901
0.00972795
0.0096789
0.00962985
0.00958079
0.00953174
0.0096395
0.00975299
0.0098666
0.00983226
0.00994575
0.00991136
0.00987709
0.00999051
0.0101038
0.0102173
0.0101829
0.0102961
0.0102618
0.0102274
0.0101931
0.0101588
0.0101245
0.0100902
0.0100559
0.0101692
0.0101349
0.0101006
0.0100663
0.0100321
0.00999779
0.0101108
0.0100766
0.0100424
0.0100082
0.00997394
0.00993973
0.00990552
0.0098713
0.00983715
0.00980294
0.00991589
0.00988168
0.00984758
0.00981343
0.00977933
0.00974518
0.00985807
0.0099709
0.00993669
0.00990266
0.0098685
0.00983435
0.0098002
0.00976616
0.00973207
0.00984484
0.00981063
0.00992334
0.00988925
0.010002
0.0099678
0.00993377
0.00989968
0.00986564
0.00983155
0.00994414
0.00991005
0.00987607
0.00984204
0.00980794
0.00977397
0.00988644
0.00985241
0.00981838
0.00993079
0.0100432
0.0101555
0.0101215
0.0100874
0.0100534
0.0100194
0.00998545
0.0100977
0.0102099
0.0101759
0.0101418
0.0101079
0.010074
0.01004
0.0100061
0.0099721
0.0100842
0.0100503
0.0100163
0.00998241
0.00994849
0.00991458
0.0100266
0.00999266
0.0099588
0.0100707
0.0100368
0.010003
0.00996912
0.0100809
0.0100471
0.0100132
0.00997937
0.00994551
0.0100573
0.0100235
0.00998962
0.00995576
0.00992203
0.00988817
0.00985432
0.00982058
0.00978678
0.00975305
0.00971925
0.00968546
0.0097971
0.00976342
0.00972968
0.00969589
0.00966215
0.00962853
0.00959474
0.00970632
0.00981784
0.0097841
0.00975043
0.00971669
0.00968301
0.00964934
0.00961566
0.00958198
0.00954837
0.00951475
0.00948113
0.00944746
0.00941384
0.00938028
0.00949162
0.00945807
0.00942439
0.00939083
0.00935721
0.00946856
0.00957978
0.00954616
0.00951266
0.00947911
0.00944549
0.00941193
0.00937837
0.00948948
0.00945604
0.00942242
0.00938892
0.00935543
0.00932193
0.00928843
0.00925493
0.00922149
0.00933248
0.0094434
0.00940996
0.00937659
0.00934315
0.00945401
0.00942051
0.00938696
0.00935358
0.00933725
0.00928944
0.00925332
0.00936413
0.00933069
0.00929731
0.00926393
0.00923049
0.00919712
0.00919586
0.00914812
0.00910044
0.00906372
0.0090304
0.00914109
0.00910771
0.00907439
0.00904107
0.00900775
0.00897449
0.00894111
0.00890791
0.00887465
0.00898516
0.00895196
0.00891864
0.00888544
0.00885218
0.00881892
0.00878572
0.00875252
0.00871927
0.00868613
0.00865293
0.00861979
0.00858659
0.00855345
0.00852031
0.00863063
0.00859749
0.00856435
0.00867468
0.00864154
0.00875181
0.00886202
0.00897223
0.00893909
0.00890589
0.00887281
0.00883973
0.00880659
0.00877345
0.00874031
0.00885034
0.00881732
0.00878417
0.00875109
0.00871801
0.00868493
0.00865191
0.00861883
0.00858581
0.00855279
0.0086627
0.00862974
0.00859672
0.00870663
0.00867355
0.00864059
0.00860763
0.00857455
0.00854158
0.00850856
0.00847566
0.00844264
0.00840974
0.00851953
0.00862926
0.00859624
0.00856334
0.00853044
0.00849748
0.00846457
0.00843161
0.00839877
0.00850838
0.00847548
0.00844252
0.00840968
0.00837684
0.00834394
0.00831103
0.00827819
0.00824535
0.00835484
0.008322
0.00828922
0.00825638
0.00822359
0.00833297
0.00830024
0.00840956
0.00837678
0.00834394
0.00831121
0.00827843
0.0083878
0.0083549
0.00832218
0.0082894
0.00825661
0.00822389
0.00819111
0.00815833
0.00812566
0.00809288
0.00806022
0.00802749
0.00799483
0.00796223
0.0079295
0.0078969
0.00786424
0.00783151
0.00779891
0.00776631
0.00773364
0.00770104
0.0076685
0.00763589
0.00760341
0.00757074
0.0075382
0.00750566
0.00761467
0.00758213
0.00754952
0.00751704
0.0074845
0.00745195
0.00741947
0.00738692
0.0073545
0.00746334
0.00743091
0.00739837
0.00736594
0.00733346
0.00730097
0.00726861
0.00737739
0.00734496
0.00731248
0.00742126
0.00738877
0.00749749
0.007465
0.00743264
0.00740021
0.00736773
0.00733536
0.00744396
0.0074116
0.00737917
0.00734675
0.00731444
0.00728208
0.00724965
0.00721741
0.00718504
0.00715274
0.00712037
0.00722879
0.00719649
0.00730491
0.0072726
0.0072403
0.00720799
0.00717574
0.00714338
0.00711113
0.00721943
0.00718719
0.00715494
0.0071227
0.00709045
0.00705814
0.00702596
0.00699365
0.00710195
0.00706965
0.0070374
0.00700527
0.00711346
0.00722158
0.00718939
0.00715715
0.00712496
0.00709277
0.00706065
0.0070284
0.00699621
0.00710428
0.00721228
0.00718004
0.0072881
0.00725591
0.00722373
0.00719154
0.00715941
0.00712717
0.00723511
0.00734299
0.00731081
0.00727862
0.00724655
0.00721437
0.0071823
0.00715011
0.00711811
0.00708598
0.00705385
0.00702178
0.00698972
0.00695771
0.00692564
0.00689358
0.00686157
0.0068295
0.00693721
0.00690508
0.00701278
0.00698072
0.00694865
0.00705624
0.00702423
0.00699216
0.00696027
0.00706774
0.00703573
0.00714314
0.00725061
0.00735801
0.00732601
0.00729394
0.00726199
0.00722998
0.00719798
0.00716603
0.00727332
0.00724131
0.00722814
0.0071823
0.0072757
0.00722986
0.00718409
0.00727743
0.00723165
0.00718582
0.0071401
0.00723332
0.0071876
0.00728089
0.00723511
0.00718933
0.00714362
0.0070979
0.00705218
0.00700647
0.00696081
0.00691509
0.00686949
0.00696266
0.00705582
0.00701016
0.00710326
0.00719637
0.00715077
0.00724381
0.0071981
0.00729114
0.00724548
0.00733852
0.00729287
0.00738591
0.00734025
0.0072946
0.00724894
0.00720334
0.0071578
0.00725073
0.00720513
0.00729799
0.00725245
0.00720686
0.00716132
0.00711578
0.00720865
0.00716305
0.00711751
0.00707209
0.00716484
0.00711936
0.00707954
0.00704783
0.00701612
0.00698435
0.00695264
0.00692099
0.00688934
0.00699574
0.00696409
0.00694114
0.00690079
0.00698841
0.00694305
0.00703561
0.00712824
0.00708282
0.0070374
0.0069921
0.00694668
0.00703925
0.00699818
0.0071044
0.00707281
0.00717902
0.00714737
0.00711572
0.00713527
0.00708997
0.00704467
0.00699931
0.00695777
0.00692624
0.00689465
0.00686318
0.00696915
0.00707507
0.0070436
0.00714952
0.00711805
0.00722396
0.00719237
0.00716084
0.00712925
0.00709772
0.00706619
0.00703466
0.00714052
0.00710899
0.00707746
0.00718331
0.00728905
0.00739485
0.0073632
0.007469
0.00743741
0.00754309
0.0075115
0.00748003
0.00744849
0.00741696
0.00738549
0.00735396
0.00732255
0.00742799
0.00753355
0.00750208
0.00747061
0.00743914
0.00754452
0.00751305
0.00748169
0.00745016
0.00741869
0.00752407
0.00762951
0.00759792
0.00756651
0.00753504
0.00750363
0.00747216
0.00744075
0.00740939
0.00737786
0.00734651
0.00731504
0.00728375
0.00725234
0.00735766
0.00746274
0.00743139
0.00753653
0.00750518
0.00747377
0.00757897
0.00754756
0.00751609
0.00748479
0.00745344
0.00755841
0.00766343
0.00763214
0.0077371
0.00770569
0.00767434
0.00777924
0.00788414
0.00785279
0.00782144
0.00792634
0.00803113
0.00799972
0.00796843
0.00793695
0.0079056
0.00787431
0.00784296
0.00781155
0.00778031
0.00774902
0.00771773
0.00768638
0.00765514
0.00762391
0.00772846
0.00783318
0.00780189
0.00790644
0.0078752
0.00784397
0.00794846
0.00805295
0.00802171
0.00799042
0.00795913
0.00792795
0.0078966
0.00786537
0.0079698
0.00807416
0.00804287
0.0080117
0.00811601
0.00808471
0.0080536
0.00802225
0.00799114
0.00795984
0.00792873
0.00789744
0.00786626
0.00797057
0.00793928
0.00790811
0.00801235
0.00798112
0.00794995
0.00805414
0.00815821
0.00812709
0.00809586
0.00806475
0.0081687
0.00813758
0.00810641
0.00807524
0.00804406
0.00801301
0.00798178
0.00795072
0.00791961
0.0078885
0.00799245
0.00796127
0.00793028
0.00789917
0.00786811
0.007837
0.00780588
0.00777489
0.00787866
0.00784767
0.00795144
0.00792038
0.00788927
0.00785828
0.00782722
0.00779623
0.0079
0.00800359
0.00797266
0.0079416
0.00804526
0.00801426
0.00811785
0.0080868
0.00805581
0.00802481
0.00799376
0.00809741
0.00806636
0.00816989
0.00813878
0.00810784
0.00807685
0.00818026
0.00828379
0.00838709
0.00835603
0.0083251
0.00829422
0.00826311
0.00823218
0.00833547
0.00830454
0.00827354
0.00824255
0.00821161
0.00818068
0.00814974
0.00811875
0.00808787
0.00805688
0.00816011
0.00812924
0.00823241
0.00820148
0.00817055
0.00813961
0.00810879
0.00807798
0.00804704
0.00801617
0.00811923
0.00808829
0.00805748
0.0080266
0.00799572
0.00796491
0.00806791
0.00803709
0.00800627
0.00810921
0.0080784
0.00804758
0.00801677
0.0081197
0.00822246
0.00832534
0.00829458
0.00826371
0.00823295
0.00820208
0.00817132
0.00827408
0.0082432
0.00834596
0.00831521
0.00828433
0.00825357
0.00835633
0.00845891
0.0084281
0.00839722
0.00836653
0.00833577
0.00830495
0.00827426
0.00837678
0.00847924
0.00844848
0.00841779
0.00838709
0.00835627
0.00832558
0.00829482
0.00826412
0.00836658
0.00846893
0.00843823
0.00840753
0.00837678
0.00834608
0.00844848
0.00855076
0.00852007
0.00862235
0.00859153
0.0085609
0.00853014
0.0084995
0.00846881
0.00843811
0.00854033
0.00850964
0.00847894
0.0084483
0.00841767
0.00851983
0.00848913
0.0084585
0.00842786
0.0085299
0.00849926
0.00860131
0.00857067
0.00854003
0.00850952
0.00847882
0.00844824
0.00841761
0.00851959
0.00848889
0.00845832
0.00842774
0.00852972
0.00849903
0.00846845
0.00843787
0.00853986
0.00850916
0.0084787
0.00844806
0.00841749
0.00838697
0.00835633
0.0084582
0.00842768
0.00852942
0.00849885
0.00860047
0.00856996
0.0085395
0.00850898
0.00847846
0.00844795
0.00841743
0.00851899
0.00848854
0.00845802
0.0084275
0.0083971
0.00836658
0.00846815
0.00843769
0.00840724
0.0085088
0.00847822
0.00844783
0.00854921
0.00851876
0.00848842
0.00845784
0.0084275
0.0083971
0.0083667
0.00833625
0.00830585
0.00827551
0.00824505
0.00821465
0.00818431
0.00815403
0.00812358
0.0080933
0.00819457
0.00816417
0.00813395
0.00810361
0.00807327
0.00804287
0.00801259
0.00811386
0.00821495
0.00818461
0.00815433
0.00812399
0.00809377
0.0080635
0.00803316
0.00800288
0.00797272
0.00794244
0.00804353
0.00801325
0.00811428
0.00821519
0.00831622
0.00828594
0.00838685
0.00835657
0.00845748
0.00842726
0.00852811
0.00849783
0.00846756
0.00843734
0.008407
0.00837684
0.00834656
0.00844735
0.00854808
0.00864881
0.00874949
0.00885022
0.00881994
0.00892061
0.00889027
0.00885993
0.00882971
0.00893039
0.00890011
0.00886983
0.00883961
0.00880933
0.00877911
0.00874883
0.00871861
0.00868851
0.00865829
0.00862813
0.00859791
0.00856775
0.00853759
0.00850737
0.00847721
0.00844705
0.00841701
0.00838691
0.00835675
0.00832665
0.00829655
0.00826639
0.00823635
0.00820619
0.00830656
0.00840688
0.00837684
0.00834674
0.00831664
0.0082866
0.00838679
0.00835675
0.00845701
0.0084269
0.00839686
0.00836682
0.00833672
0.0084368
0.00853699
0.00850701
0.00847691
0.00857699
0.00854695
0.00864697
0.00861692
0.00871694
0.0086869
0.00865686
0.00862682
0.00859678
0.0085668
0.00853676
0.00850672
0.00847673
0.00857663
0.00854659
0.00851661
0.00848669
0.00845671
0.00842673
0.0083968
0.00836682
0.00833684
0.00830692
0.00827706
0.00824708
0.00821716
0.00818729
0.00815737
0.00812745
0.00809759
0.00806773
0.00803781
0.00800794
0.00797808
0.00807786
0.00804794
0.00814766
0.00811774
0.00808799
0.00805807
0.00802827
0.00799853
0.00796866
0.0079388
0.0080384
0.00813794
0.00823748
0.00820768
0.00817788
0.00814807
0.00811821
0.00808841
0.00805867
0.00802892
0.00812835
0.00809848
0.00806874
0.008039
0.00800925
0.00797945
0.00794971
0.00792003
0.00801933
0.00811869
0.00808895
0.00805914
0.0080294
0.00799972
0.00809896
0.00819826
0.00816852
0.00813884
0.00810903
0.00807935
0.00817853
0.00827765
0.00824797
0.00821823
0.00818855
0.0081588
0.00812912
0.00810021
0.00806981
0.00804007
0.00801051
0.00798076
0.00801659
0.00797415
0.00806034
0.0080179
0.00797546
0.00793302
0.00790197
0.0078724
0.00784278
0.00794178
0.0079121
0.0078826
0.00798148
0.0080803
0.00805068
0.00802112
0.00799149
0.00796199
0.00793236
0.0079028
0.00787324
0.00784373
0.0079425
0.00791287
0.00788337
0.00785387
0.00795263
0.00792307
0.0078935
0.00786388
0.00796264
0.00793314
0.00790358
0.00787407
0.00784457
0.00781506
0.00778562
0.00775611
0.00772667
0.00769717
0.00766778
0.00763834
0.00760883
0.00757939
0.00755
0.00752062
0.00749111
0.00746173
0.0074324
0.00753087
0.00750148
0.00747204
0.00757051
0.00754112
0.00751173
0.00748235
0.00745291
0.00742358
0.00739425
0.00736493
0.00733554
0.00730622
0.00727689
0.00724757
0.00734591
0.00731665
0.00728726
0.00738549
0.00735623
0.00745445
0.00742519
0.00739586
0.00749409
0.00746477
0.0074355
0.00740618
0.00737685
0.00734764
0.00744569
0.00741649
0.00738716
0.0073579
0.00732869
0.0074268
0.00739747
0.00736827
0.00746632
0.00743705
0.00753504
0.00750583
0.00747657
0.0074473
0.00741816
0.00738883
0.00735962
0.00733036
0.00730121
0.00739914
0.00736982
0.00734073
0.00731152
0.00728238
0.00725317
0.00722402
0.00732177
0.00729269
0.00726348
0.00736129
0.00733215
0.007303
0.00727385
0.00724471
0.0073424
0.00731325
0.007411
0.00750864
0.00747943
0.00745034
0.0074212
0.00739217
0.00748974
0.00746059
0.00743145
0.00752896
0.00749993
0.00759745
0.00756836
0.00766581
0.00763667
0.00760758
0.00770491
0.00780243
0.00777334
0.00774419
0.00771511
0.00768596
0.00765687
0.00762779
0.00772512
0.00782239
0.00791979
0.00789076
0.00798792
0.00795889
0.00792974
0.0079006
0.00787151
0.00784248
0.00781339
0.00778437
0.00788152
0.00785244
0.00782341
0.00779432
0.00776535
0.00773627
0.00770724
0.00767827
0.00764912
0.0076201
0.00759119
0.00756216
0.00753319
0.00750422
0.00760126
0.00769824
0.00766927
0.00764036
0.00761133
0.00758231
0.00767928
0.00765038
0.00762141
0.0075925
0.00756353
0.00753456
0.00750566
0.00747675
0.00744778
0.00741887
0.00739002
0.00736111
0.00733221
0.00742906
0.00740016
0.00737119
0.0073424
0.00731349
0.00728464
0.00725579
0.00735259
0.00732368
0.00729483
0.00739157
0.00736278
0.00733393
0.00730503
0.00727624
0.00737292
0.00734407
0.00744075
0.0074119
0.00738305
0.0073542
0.00732541
0.00729662
0.00726783
0.00723898
0.00721025
0.00718153
0.00715274
0.0072493
0.00722051
0.00719166
0.00716299
0.00713426
0.00710553
0.0070768
0.00704801
0.00701934
0.00699067
0.00696194
0.00693321
0.00690448
0.00700092
0.00697225
0.00694358
0.0070399
0.00701123
0.00710756
0.00707889
0.00717515
0.00714654
0.00711787
0.00708914
0.00706047
0.0070318
0.00700319
0.00697452
0.00694591
0.00691724
0.00688869
0.00698489
0.00695616
0.00692755
0.00702375
0.00711989
0.00721592
0.007312
0.00728339
0.00725478
0.00722605
0.0071975
0.00716883
0.00714022
0.00711173
0.00708306
0.00717902
0.00715047
0.00724638
0.00721782
0.00718921
0.0071606
0.00713205
0.00722796
0.0073238
0.00729531
0.00726664
0.00723815
0.00733393
0.00730532
0.00740111
0.00737256
0.00734401
0.00731552
0.00728685
0.00725836
0.0072298
0.00720131
0.00717282
0.00714421
0.00711572
0.00708729
0.00705874
0.00703025
0.00712597
0.00709748
0.00706893
0.00704056
0.00713611
0.00710762
0.00707918
0.00717473
0.00727022
0.00724185
0.00721335
0.0071848
0.00728035
0.00725186
0.00722349
0.007195
0.00729042
0.00726193
0.00723356
0.00720507
0.00717664
0.00714827
0.00711983
0.00709134
0.00706297
0.00715834
0.00725365
0.00722528
0.0071969
0.00716847
0.00714016
0.00711167
0.00720692
0.00717866
0.00715023
0.00712186
0.00709349
0.00706518
0.00703681
0.00700843
0.00698006
0.00695175
0.00704694
0.00714207
0.0071137
0.00708538
0.00705707
0.00702882
0.00700045
0.00709552
0.0070672
0.00703895
0.00713396
0.00710559
0.00720066
0.00717235
0.00714409
0.00723898
0.00721067
0.00718236
0.00715417
0.00712585
0.0070976
0.00719255
0.00716424
0.00725907
0.00723082
0.00720257
0.00717419
0.00714606
0.00711775
0.0070895
0.00706124
0.00715601
0.00712788
0.00709969
0.0071944
0.00728905
0.00726086
0.00723261
0.00720441
0.00717622
0.00727093
0.00724262
0.00721443
0.00718617
0.00728083
0.00725263
0.00734723
0.00731897
0.00729078
0.00738543
0.00735724
0.00732899
0.00742352
0.00739527
0.00736707
0.00733894
0.00731081
0.00728267
0.00737709
0.00734884
0.00732076
0.00729257
0.00738692
0.00735879
0.00733066
0.00730252
0.00727445
0.0072462
0.00734055
0.0074349
0.00740677
0.00750107
0.00747293
0.0074448
0.00741667
0.0075109
0.00748277
0.00745457
0.00742656
0.00739837
0.00737035
0.00745201
0.00741178
0.00749373
0.00757569
0.00753546
0.00761741
0.00757712
0.00765896
0.00761873
0.00757855
0.00753832
0.00749803
0.00757992
0.00766176
0.00762153
0.00770336
0.00766313
0.00774497
0.00782675
0.00778651
0.00774622
0.00770611
0.00778782
0.00786948
0.00782937
0.00778913
0.00774896
0.00770873
0.00779045
0.00775027
0.00771016
0.00779176
0.00775164
0.00783324
0.00791484
0.00787467
0.00783455
0.00779438
0.00775427
0.00783587
0.00779569
0.00775558
0.00771552
0.007797
0.00787854
0.00783843
0.00791997
0.00787985
0.00783974
0.00792122
0.00800264
0.00796258
0.00792247
0.00800389
0.00796384
0.00792378
0.00788373
0.00784367
0.00780362
0.00776356
0.00772357
0.00768352
0.00776494
0.00772488
0.00780618
0.00776631
0.00772625
0.00768632
0.00764626
0.00760639
0.00756639
0.00764763
0.0076077
0.00756776
0.007649
0.00760907
0.00756913
0.00752926
0.00748938
0.00744945
0.00740963
0.00736976
0.00732982
0.00729001
0.00725013
0.00733131
0.00741255
0.00737262
0.00733286
0.00729299
0.00738138
0.00747454
0.00744677
0.00741893
0.00751209
0.00748426
0.00745654
0.00754958
0.00752181
0.00761479
0.00758708
0.00768
0.00777298
0.00774521
0.00771737
0.00768965
0.00778258
0.0077548
0.00772697
0.00770509
0.00778598
0.00774622
0.0078271
0.00778735
0.00786811
0.00782835
0.00790918
0.00786942
0.00795019
0.00791043
0.0079968
0.00796902
0.00794125
0.00791353
0.00800622
0.0079785
0.00795072
0.00792301
0.00789523
0.00798786
0.0079602
0.00793248
0.00790477
0.00787705
0.00796968
0.0079419
0.0079143
0.00788653
0.00785881
0.00783122
0.00780356
0.00777578
0.00786835
0.00784069
0.0079332
0.00802559
0.00799793
0.00797033
0.00806272
0.00815511
0.00824749
0.00821978
0.00819206
0.00816447
0.00825673
0.0082292
0.00820142
0.00829369
0.00826615
0.00823838
0.00821072
0.00818312
0.00827533
0.00824773
0.00822014
0.00819242
0.00816476
0.00813717
0.00810957
0.00808197
0.00817412
0.00814652
0.00823861
0.00821102
0.00830317
0.0083952
0.0083676
0.00833994
0.0083124
0.00828481
0.00825715
0.00822955
0.00820202
0.00817442
0.00814682
0.00811929
0.00809175
0.00806415
0.00803667
0.00800908
0.00798154
0.00795406
0.00804597
0.00801843
0.00811034
0.00808281
0.00817472
0.00814724
0.00823909
0.00821155
0.00818396
0.00827587
0.00824833
0.00822079
0.00819331
0.00816584
0.00813824
0.00811076
0.00808328
0.00817502
0.00814754
0.00823915
0.00821179
0.00818431
0.00815684
0.00812936
0.00810188
0.00807446
0.00804698
0.00813866
0.00811112
0.00808376
0.00805628
0.00814784
0.00812048
0.00809306
0.00818455
0.00815725
0.00812972
0.0081023
0.00819385
0.00816643
0.00813895
0.0081116
0.00808424
0.00805682
0.00802934
0.00812083
0.00809348
0.00818485
0.00815749
0.00813013
0.00822151
0.00819409
0.0082854
0.00825804
0.00823075
0.00820333
0.00817597
0.00814861
0.00823992
0.00821251
0.00818521
0.00815785
0.00813049
0.00822175
0.00819439
0.00816703
0.00825828
0.00823092
0.00832212
0.0082947
0.0082674
0.0083586
0.0083313
0.00830394
0.00839496
0.00836772
0.00845873
0.00843143
0.00852239
0.00849509
0.00858611
0.00855875
0.00853151
0.00862247
0.00859517
0.00868613
0.00877696
0.0087496
0.00884062
0.0089314
0.0089041
0.008995
0.00896758
0.00894028
0.00891292
0.0090037
0.0089764
0.0089491
0.00892174
0.0088945
0.00886714
0.00883985
0.00881267
0.00878531
0.00875801
0.00873071
0.00882143
0.00879419
0.00876689
0.00885761
0.00883031
0.00892091
0.00889367
0.00886637
0.00883913
0.00881189
0.00878465
0.00887519
0.00884801
0.00882077
0.00879347
0.00876629
0.00873905
0.00871187
0.00868469
0.00865746
0.00863034
0.00860304
0.00857592
0.0085488
0.00852156
0.0086121
0.00858486
0.00867528
0.00864816
0.00873852
0.00882894
0.0088017
0.00877458
0.0087474
0.00883776
0.00881058
0.00878346
0.0088737
0.00884652
0.00893688
0.00890964
0.00888252
0.00885534
0.00882822
0.00880116
0.00877392
0.00874686
0.00871968
0.00869262
0.0086655
0.00863838
0.00872856
0.0087015
0.00867438
0.00864732
0.00862026
0.00859308
0.00856602
0.00853902
0.00851196
0.0084849
0.00845784
0.00843078
0.00840384
0.00837684
0.00834984
0.00843978
0.00841278
0.00838572
0.00835878
0.00844878
0.00853872
0.00851172
0.00848472
0.00845772
0.00854766
0.0085206
0.00849372
0.00858361
0.00867349
0.00864649
0.00861949
0.00859249
0.00856549
0.00865531
0.00862837
0.00860143
0.00857431
0.00854743
0.00852048
0.00861025
0.00858331
0.00855631
0.00864601
0.00873578
0.00870878
0.00868183
0.00865489
0.00862801
0.00860101
0.00857413
0.00854719
0.00852019
0.00849342
0.00846642
0.00843948
0.00852919
0.00850219
0.00859183
0.00856495
0.00853807
0.00851113
0.00848424
0.00857377
0.00854689
0.00852007
0.00849313
0.00846636
0.00855577
0.00852895
0.00850213
0.00847524
0.0084483
0.00842154
0.00839472
0.00848413
0.0084573
0.00843048
0.00851983
0.00849301
0.00846612
0.00843936
0.00841254
0.00850189
0.00847501
0.00856435
0.00853753
0.00851077
0.0086
0.00857323
0.00854635
0.00851959
0.00860888
0.00858206
0.00867122
0.00864446
0.0086177
0.00870687
0.00867999
0.00865322
0.0086264
0.0085997
0.00868881
0.0086621
0.00875109
0.0088402
0.00881338
0.00878662
0.00875992
0.00884891
0.00893795
0.00902683
0.00900006
0.0089733
0.00894654
0.00891972
0.00889295
0.00898188
0.00895518
0.00892848
0.00890166
0.00899047
0.00896376
0.00893706
0.0089103
0.0088836
0.00885683
0.0089457
0.00903451
0.00900769
0.00898105
0.00895435
0.0090431
0.00913173
0.00910509
0.00907832
0.00905162
0.00902498
0.00911361
0.0092023
0.0091756
0.0091489
0.00912219
0.00909549
0.00906873
0.00904208
0.00913072
0.00910395
0.00907731
0.00916582
0.00913918
0.00911254
0.00908589
0.00905913
0.00903255
0.00912106
0.00909436
0.00906771
0.00904107
0.00901437
0.00898784
0.0089612
0.00893456
0.00890797
0.00888133
0.00896966
0.00894314
0.00903153
0.00900495
0.00897831
0.00895166
0.00892508
0.00889856
0.00887191
0.00884533
0.00881881
0.00879222
0.00876558
0.00873911
0.00882739
0.0088008
0.0088892
0.00886261
0.00883603
0.00880945
0.00878298
0.00875646
0.00872993
0.00870335
0.00867683
0.0086503
0.00862384
0.00871205
0.00868559
0.00865906
0.00863254
0.00860608
0.00857949
0.00855309
0.00864124
0.00872934
0.00870281
0.00867641
0.00864995
0.00862354
0.00859708
0.00868511
0.00865859
0.00863218
0.00860572
0.00857925
0.00855285
0.00852638
0.00861448
0.0087024
0.00867599
0.00864953
0.00862312
0.00871104
0.00868464
0.00877249
0.00874609
0.008834
0.0089218
0.0088954
0.00886899
0.00895679
0.00893039
0.00890398
0.00887752
0.00885111
0.00882471
0.00891256
0.0088861
0.00885975
0.00894743
0.00892103
0.00889462
0.00886828
0.00884187
0.00881547
0.00890315
0.00887686
0.0088504
0.00893807
0.00891167
0.00888538
0.00885892
0.00883269
0.00880629
0.00877994
0.0087536
0.00884122
0.00881487
0.00878847
0.00876218
0.0087359
0.00870955
0.00868326
0.00865698
0.00863069
0.00860441
0.00857812
0.00855184
0.00852561
0.00849926
0.0084731
0.00856042
0.00853419
0.00850797
0.00859541
0.00856918
0.0086565
0.00863028
0.00860405
0.00857776
0.00855154
0.00852537
0.00861263
0.00858647
0.00856024
0.00853401
0.00850779
0.00848156
0.0084554
0.00842917
0.00840306
0.00837678
0.00846398
0.00843781
0.00841171
0.00849891
0.0084728
0.00855994
0.00853378
0.00850761
0.00848138
0.00845528
0.00842911
0.00840294
0.00837672
0.00835061
0.0083245
0.0082984
0.00838548
0.00835943
0.00844646
0.00853354
0.00862056
0.00859433
0.00856835
0.00854218
0.00851601
0.00848985
0.0084638
0.00855076
0.00852466
0.00849855
0.00847244
0.00844634
0.00842029
0.00839418
0.00836813
0.00834197
0.00831598
0.00828993
0.00826389
0.00823778
0.00821179
0.00818574
0.00815964
0.00824648
0.00822055
0.00819451
0.00816846
0.00825524
0.00822932
0.00820327
0.00817722
0.00815123
0.00823796
0.00832474
0.0082987
0.00827271
0.00824672
0.00822067
0.00819468
0.00816876
0.00814283
0.00811678
0.00809079
0.00806481
0.00803894
0.00801295
0.00798702
0.00796103
0.00793523
0.00790924
0.0079959
0.00808251
0.00816905
0.00814313
0.0081172
0.00809121
0.00817782
0.00815189
0.0081259
0.00810009
0.00807416
0.00804824
0.00802231
0.00799638
0.00808299
0.008057
