0.989099
0.979392
0.969874
0.960539
0.951381
0.942397
0.93358
0.924926
0.916431
0.908091
0.899901
0.891857
0.883956
0.876193
0.868566
0.861069
0.853701
0.846458
0.839336
0.832334
0.825447
0.818672
0.812008
0.805452
0.799
0.792651
0.786402
0.78025
0.774194
0.768231
0.762359
0.756576
0.75088
0.745269
0.739741
0.734294
0.728927
0.723638
0.718425
0.713286
0.70822
0.703226
0.698301
0.693445
0.688655
0.683932
0.679272
0.674676
0.670141
0.665667
0.661252
0.656895
0.652595
0.648351
0.644162
0.640026
0.635943
0.631912
0.627931
0.624
0.620118
0.616284
0.612497
0.608756
0.605061
0.60141
0.597803
0.594238
0.590716
0.587236
0.583796
0.580396
0.577035
0.573713
0.570429
0.567182
0.563972
0.560798
0.55766
0.554556
0.551486
0.548451
0.545448
0.542479
0.539541
0.536635
0.53376
0.530915
0.528101
0.525316
0.52256
0.519834
0.517135
0.514464
0.511821
0.509204
0.506615
0.504051
0.501513
0.499
0.496513
0.49405
0.491611
0.489196
0.486805
0.484437
0.482092
0.47977
0.477469
0.475191
0.472934
0.470698
0.468484
0.46629
0.464116
0.461963
0.45983
0.457716
0.455621
0.453546
0.451489
0.449451
0.447431
0.445429
0.443445
0.441478
0.439529
0.437597
0.435681
0.433783
0.431901
0.430035
0.428185
0.42635
0.424533
0.422729
0.420941
0.419168
0.41741
0.415667
0.413938
0.412224
0.410523
0.408836
0.407164
0.405504
0.403859
0.402226
0.400607
0.399
0.397406
0.395826
0.394257
0.392701
0.391157
0.389625
0.388105
0.386597
0.3851
0.383615
0.382142
0.38068
0.379228
0.377788
0.376359
0.374941
0.373532
0.372134
0.370747
0.36937
0.368004
0.366647
0.365301
0.363964
0.362637
0.361319
0.360011
0.358712
0.357423
0.356143
0.354872
0.35361
0.352358
0.351113
0.349878
0.34865
0.347433
0.346223
0.345021
0.343828
0.342643
0.341466
0.340298
0.339137
0.337983
0.336838
0.335701
0.334571
0.333449
0.332334
0.331226
0.330126
0.329033
0.327948
0.326869
0.325797
0.324733
0.324618
0.323557
0.322502
0.321454
0.320414
0.319379
0.318351
0.31733
0.316316
0.315307
0.314305
0.31331
0.31232
0.311338
0.31036
0.309389
0.308424
0.307465
0.306511
0.305564
0.304622
0.303686
0.302756
0.301832
0.300912
0.299999
0.299091
0.298189
0.297291
0.296399
0.295512
0.294631
0.293754
0.292883
0.292017
0.291156
0.2903
0.289449
0.288603
0.287762
0.286926
0.286094
0.285267
0.284445
0.283627
0.282814
0.282006
0.281202
0.280403
0.279609
0.278818
0.278033
0.277251
0.276474
0.275701
0.274933
0.274168
0.273408
0.272652
0.2719
0.271152
0.270408
0.269668
0.268933
0.268201
0.267473
0.266749
0.266029
0.265313
0.2646
0.263891
0.263186
0.262485
0.261787
0.261094
0.260403
0.259716
0.259033
0.258354
0.257677
0.257005
0.256336
0.255669
0.255008
0.254349
0.253693
0.25304
0.252392
0.251746
0.251104
0.250464
0.249829
0.249196
0.248566
0.24794
0.247316
0.246695
0.246079
0.245464
0.244853
0.244244
0.24364
0.243037
0.242438
0.241841
0.241247
0.240657
0.240069
0.239484
0.238902
0.238322
0.237746
0.237171
0.2366
0.236032
0.235467
0.234903
0.234342
0.233785
0.233229
0.232677
0.232127
0.231579
0.231034
0.232807
0.232262
0.231719
0.231184
0.230651
0.230121
0.229594
0.229069
0.228546
0.228025
0.227506
0.226991
0.226477
0.225966
0.225458
0.224951
0.224447
0.223945
0.223445
0.222947
0.222452
0.221958
0.221468
0.220978
0.220492
0.220007
0.219525
0.219044
0.218566
0.218089
0.217615
0.217143
0.216672
0.216205
0.215738
0.215274
0.214812
0.214352
0.213894
0.213438
0.212983
0.212531
0.21208
0.211632
0.211185
0.210741
0.210297
0.209855
0.209416
0.208979
0.208543
0.208111
0.207678
0.207248
0.206819
0.206393
0.205967
0.205545
0.205123
0.204704
0.204285
0.203868
0.203454
0.203041
0.20263
0.20222
0.201812
0.201405
0.201001
0.200598
0.200195
0.199796
0.199397
0.199001
0.198605
0.198212
0.197819
0.197429
0.197039
0.196652
0.196266
0.195882
0.195499
0.195117
0.194737
0.194358
0.193981
0.193606
0.193231
0.192858
0.192487
0.192117
0.191748
0.191381
0.191015
0.190651
0.190288
0.189926
0.189567
0.189207
0.18885
0.188494
0.188139
0.187785
0.187433
0.187083
0.186733
0.186384
0.186037
0.185692
0.185347
0.185004
0.184663
0.184321
0.183981
0.183644
0.183307
0.182971
0.182637
0.182303
0.181971
0.18164
0.18131
0.180983
0.180655
0.180329
0.180004
0.17968
0.179358
0.179036
0.178716
0.178396
0.178078
0.177762
0.177446
0.177131
0.176818
0.176505
0.176193
0.175883
0.175573
0.175265
0.174958
0.174652
0.174348
0.174043
0.173741
0.173439
0.173139
0.172839
0.172539
0.172243
0.171946
0.17165
0.171356
0.171062
0.170769
0.170478
0.170187
0.169897
0.169608
0.169321
0.169035
0.168748
0.168463
0.168179
0.167896
0.167614
0.167334
0.167053
0.166775
0.166496
0.166218
0.165942
0.165667
0.165392
0.165119
0.164846
0.164574
0.164303
0.164032
0.163764
0.163496
0.163228
0.162961
0.162695
0.16243
0.162167
0.161904
0.161642
0.16138
0.161119
0.160859
0.1606
0.160342
0.160085
0.159829
0.159572
0.159317
0.159064
0.158811
0.158558
0.158307
0.158055
0.157806
0.157556
0.157307
0.15706
0.156813
0.156566
0.156321
0.156077
0.155832
0.15559
0.155347
0.155105
0.154864
0.154624
0.154385
0.154147
0.153908
0.15367
0.153435
0.153199
0.152964
0.15273
0.152496
0.152262
0.152031
0.151799
0.151569
0.151338
0.151109
0.15088
0.150652
0.150425
0.150197
0.149972
0.149746
0.149522
0.149298
0.149075
0.148852
0.14863
0.148409
0.148188
0.147968
0.147748
0.14753
0.147312
0.147094
0.146877
0.146661
0.146446
0.14623
0.146016
0.145804
0.14559
0.145377
0.145165
0.144953
0.144743
0.144533
0.144324
0.144116
0.143907
0.1437
0.143492
0.143287
0.14308
0.142875
0.142671
0.142466
0.142263
0.142059
0.141858
0.141655
0.141455
0.141254
0.141053
0.140853
0.140656
0.140456
0.140259
0.140062
0.139865
0.139668
0.139473
0.139278
0.139084
0.13889
0.138696
0.138503
0.138311
0.138119
0.137928
0.137736
0.137546
0.137357
0.137168
0.136978
0.136791
0.136603
0.136416
0.136229
0.136043
0.135857
0.135671
0.135487
0.135303
0.135118
0.134936
0.134753
0.13457
0.134389
0.134209
0.134028
0.133848
0.133667
0.133487
0.133309
0.133131
0.132952
0.132776
0.132598
0.132421
0.132245
0.132071
0.131895
0.131721
0.131547
0.131373
0.131199
0.131026
0.130855
0.130682
0.130511
0.13034
0.130169
0.129999
0.12983
0.12966
0.129491
0.129323
0.129155
0.128988
0.12882
0.128654
0.128488
0.128321
0.128157
0.127991
0.127826
0.127663
0.127499
0.127335
0.127173
0.12701
0.126848
0.126687
0.126526
0.126364
0.126204
0.126045
0.125885
0.125726
0.125567
0.125408
0.125249
0.125093
0.124936
0.124779
0.124623
0.124466
0.124311
0.124155
0.124
0.123846
0.123691
0.123538
0.123384
0.123232
0.123079
0.122926
0.122775
0.122624
0.122473
0.122321
0.122171
0.122021
0.121872
0.121723
0.121573
0.121425
0.121277
0.121128
0.120981
0.120834
0.120686
0.120541
0.120394
0.120249
0.120103
0.119959
0.119814
0.11967
0.119525
0.119381
0.119238
0.119096
0.118953
0.11881
0.118669
0.118527
0.118386
0.118244
0.118105
0.117964
0.117823
0.117684
0.117544
0.117407
0.117268
0.11713
0.11699
0.116853
0.116716
0.116579
0.116443
0.116306
0.11617
0.116033
0.115899
0.115763
0.115629
0.115494
0.115359
0.115226
0.115093
0.114959
0.114826
0.114693
0.114561
0.114429
0.114297
0.114166
0.114035
0.113903
0.113773
0.113643
0.113512
0.113384
0.113253
0.113125
0.112996
0.112867
0.112739
0.112611
0.112483
0.112356
0.112228
0.112103
0.111977
0.111851
0.111723
0.111597
0.111472
0.111348
0.111223
0.111098
0.110974
0.11085
0.110725
0.110603
0.110479
0.110543
0.110294
0.110111
0.109988
0.109868
0.109746
0.109624
0.109503
0.109382
0.109262
0.109141
0.109022
0.108902
0.108783
0.108664
0.108544
0.108426
0.108308
0.108189
0.108071
0.107955
0.107836
0.10772
0.107603
0.107485
0.10737
0.107253
0.107137
0.107021
0.106907
0.106792
0.106677
0.106562
0.106447
0.106333
0.106219
0.106106
0.105993
0.105878
0.105765
0.105653
0.105541
0.105428
0.105317
0.105204
0.105093
0.104981
0.104871
0.104759
0.104649
0.104539
0.104428
0.10432
0.104209
0.104099
0.10399
0.103881
0.103771
0.103663
0.103555
0.103446
0.103339
0.103231
0.103124
0.103017
0.102908
0.102802
0.102697
0.102591
0.102483
0.102378
0.102272
0.102167
0.102061
0.101957
0.101851
0.101748
0.101643
0.101538
0.101435
0.101331
0.101227
0.101123
0.10102
0.100917
0.100814
0.100713
0.100611
0.100507
0.100405
0.100304
0.100202
0.100102
0.100001
0.0999004
0.0997983
0.0996985
0.0995986
0.0994976
0.0993984
0.0992975
0.0991989
0.0990984
0.0990006
0.0989009
0.0988031
0.0987037
0.098605
0.0985081
0.0984099
0.0983116
0.0982135
0.0981179
0.0980201
0.0979233
0.0978264
0.0977297
0.0976331
0.0975371
0.0974411
0.0973454
0.0972501
0.0971546
0.0970577
0.0969628
0.0968684
0.0967739
0.0966783
0.0965844
0.0964914
0.0963959
0.096303
0.0962102
0.0961154
0.0960233
0.0959291
0.0958352
0.0957441
0.0956503
0.0955595
0.0954669
0.0953738
0.0952813
0.0951913
0.0950997
0.0950076
0.094916
0.0948252
0.0947341
0.094643
0.094555
0.0944647
0.094372
0.0942824
0.0941928
0.0941032
0.094014
0.0939254
0.0938362
0.0937482
0.0936579
0.0935697
0.0934815
0.0933921
0.0933047
0.0932174
0.0931284
0.093042
0.0929533
0.0928671
0.092779
0.0926928
0.0926051
0.0925198
0.0924327
0.0923457
0.0922606
0.0921742
0.0920875
0.0920013
0.0919174
0.0918318
0.0917463
0.0916606
0.0915754
0.0914904
0.0914062
0.0913215
0.0912371
0.0911532
0.0910693
0.0909852
0.0909016
0.0908187
0.0907357
0.0906523
0.0905676
0.0904851
0.090403
0.0903208
0.0902371
0.0901551
0.0900741
0.0899907
0.0899095
0.0898285
0.0897456
0.0896652
0.0895829
0.0895027
0.0894206
0.0893412
0.0892597
0.0891782
0.0890988
0.0890179
0.0889372
0.0888586
0.0887785
0.0886977
0.0886181
0.0885401
0.0884608
0.0883812
0.0883015
0.0882225
0.0881437
0.0880653
0.0879867
0.0879083
0.0878302
0.0877523
0.087674
0.0875964
0.0875189
0.0874421
0.0873649
0.0872877
0.087209
0.0871324
0.0870564
0.0869797
0.0869021
0.0868258
0.0867507
0.086673
0.0865975
0.0865223
0.086446
0.0863711
0.0862944
0.0862201
0.0861437
0.0860698
0.0859937
0.08592
0.0858441
0.0857709
0.0856958
0.0856209
0.0855477
0.0854732
0.0853983
0.0853237
0.0852516
0.0851781
0.0851039
0.0850303
0.084959
0.0848852
0.0848123
0.0847394
0.0846665
0.0845934
0.0845208
0.0844483
0.0843761
0.0843042
0.0842322
0.0841607
0.0840892
0.0840178
0.0839463
0.0838729
0.0838024
0.0837312
0.0836611
0.0835903
0.0835178
0.0834478
0.0833781
0.0833081
0.0832367
0.0831671
0.0830976
0.0830264
0.0829576
0.0828866
0.0828177
0.0827492
0.0826785
0.0826104
0.0825402
0.0824723
0.0824026
0.0823328
0.0822654
0.0821958
0.0821287
0.0820597
0.0819909
0.0819238
0.0818557
0.0817867
0.0817184
0.0816522
0.0815846
0.0815161
0.0814489
0.0813809
0.0813155
0.0812485
0.0811815
0.0811144
0.0810471
0.0809804
0.0809139
0.0808474
0.0807811
0.080715
0.080649
0.0805831
0.0805173
0.0804521
0.0803868
0.0803214
0.080256
0.0801886
0.0801243
0.0800592
0.079995
0.0799301
0.0798637
0.0797995
0.0797359
0.0796717
0.0796063
0.0795424
0.0794787
0.0794137
0.0793507
0.0792874
0.0792223
0.0791592
0.0790951
0.0790327
0.0789679
0.0789059
0.0788415
0.0787797
0.0787159
0.0786542
0.0785901
0.0785287
0.0784655
0.0784022
0.0783406
0.0782778
0.0782152
0.0781543
0.0780919
0.0780297
0.0779693
0.0779072
0.0778446
0.0777825
0.077721
0.0776613
0.0776001
0.0775385
0.0774769
0.0774156
0.0773552
0.0772941
0.077233
0.0771748
0.077114
0.0770537
0.0769933
0.0769331
0.0768731
0.0768133
0.0767537
0.0766916
0.0766323
0.0765731
0.076513
0.0764542
0.0763955
0.0763358
0.0762774
0.0762168
0.076158
0.0760998
0.0760408
0.0759808
0.0759225
0.075865
0.0758069
0.0757474
0.0756896
0.075632
0.0755728
0.0755156
0.0754583
0.0753989
0.0753425
0.0752835
0.075227
0.0751678
0.0751116
0.0750556
0.074997
0.0749412
0.0748827
0.0748249
0.0747695
0.0747119
0.0746564
0.0745984
0.0745434
0.0744863
0.0744293
0.0743738
0.074317
0.0742605
0.0742056
0.0741493
0.0740924
0.0740389
0.0739827
0.0739262
0.0738698
0.0738143
0.0737603
0.073705
0.0736494
0.0735934
0.0735387
0.0734833
0.0734302
0.0733751
0.0733197
0.0732655
0.0732111
0.0731563
0.0731018
0.0730474
0.072993
0.0729389
0.0728849
0.0728309
0.0727772
0.0727236
0.07267
0.0726159
0.0725626
0.0725097
0.072454
0.0724015
0.0723478
0.0722951
0.0722427
0.0721895
0.0721349
0.0720822
0.0720302
0.0719771
0.0719232
0.0718709
0.0718195
0.0717672
0.071714
0.0716618
0.0716098
0.071557
0.0715055
0.0714539
0.0714015
0.0713503
0.0712991
0.0712457
0.0711951
0.0711432
0.0710921
0.0710397
0.0709893
0.0709368
0.0708869
0.0708345
0.0707847
0.0707328
0.0706828
0.0706316
0.0705809
0.0705296
0.0704804
0.0704293
0.0703781
0.0703283
0.0702775
0.0702266
0.0701772
0.0701267
0.0700764
0.0700274
0.0699774
0.0699264
0.0698787
0.0698285
0.069778
0.0697278
0.069678
0.06963
0.0695809
0.0695305
0.0694811
0.069432
0.0693846
0.0693349
0.0692859
0.069237
0.0691875
0.0691383
0.0690898
0.0690415
0.0689928
0.068944
0.0688954
0.0688466
0.0688012
0.0687529
0.0687048
0.0686569
0.0686063
0.0685585
0.0685109
0.0684633
0.0684161
0.068368
0.0683204
0.0682734
0.0682263
0.0681792
0.0681317
0.0680826
0.0680361
0.0679886
0.0679426
0.067896
0.0678491
0.0678008
0.0677538
0.0677081
0.0676615
0.0676135
0.0675674
0.0675219
0.0674756
0.0674281
0.067382
0.0673362
0.0672891
0.0672432
0.0671977
0.0671509
0.0671058
0.0670604
0.067013
0.0669686
0.0669215
0.0668768
0.066832
0.0667849
0.0667405
0.0666941
0.0666491
0.066604
0.0665594
0.0665135
0.0664693
0.0664235
0.0663787
0.0663331
0.0662895
0.0662435
0.0662004
0.0661548
0.0661093
0.066066
0.0660202
0.0659775
0.0659326
0.0658877
0.0658442
0.0657995
0.0657548
0.0657117
0.0656675
0.066158
0.0660919
0.0660254
0.0659587
0.0658925
0.0658265
0.0657606
0.0656941
0.0656284
0.0655627
0.065497
0.0654312
0.0653653
0.0653002
0.0652342
0.0651694
0.0651043
0.0650391
0.0649737
0.0649089
0.0648441
0.0647792
0.0647146
0.0646499
0.0645852
0.0645431
0.0645006
0.0644579
0.0644152
0.0643728
0.0648468
0.0654286
0.0653638
0.0652992
0.0652349
0.0651704
0.0651061
0.0650418
0.0649777
0.0649132
0.064849
0.0647851
0.0647215
0.0646572
0.0645936
0.0645303
0.0644661
0.0644028
0.0643398
0.064276
0.0642131
0.0641497
0.0640866
0.0640236
0.0639611
0.0638978
0.0638351
0.0637729
0.0637098
0.0636473
0.063585
0.0635227
0.0634601
0.0640316
0.0639692
0.0639063
0.0638441
0.0637818
0.0637197
0.0636573
0.0635952
0.0635334
0.0634714
0.0634097
0.0633481
0.0632864
0.0632248
0.0634304
0.0633182
0.0632063
0.0630942
0.0629824
0.0628706
0.0627956
0.0627346
0.0626739
0.0626131
0.0625525
0.0631149
0.0630543
0.0629929
0.0629325
0.0630053
0.0628944
0.0627837
0.0626902
0.0626292
0.0625687
0.0625086
0.0624484
0.0623879
0.0623279
0.0622682
0.0622082
0.0621481
0.0620883
0.0620285
0.0619695
0.0619096
0.0618502
0.0617909
0.0617317
0.0616721
0.0616131
0.0615537
0.0614949
0.061436
0.0613765
0.0613179
0.0618706
0.0618119
0.0617526
0.0616934
0.0616345
0.0615763
0.0615174
0.0614586
0.0614
0.0613421
0.0613464
0.0612873
0.0612276
0.0611684
0.0611091
0.0614926
0.061991
0.0618836
0.0617762
0.061669
0.0615621
0.0614552
0.0613484
0.0612417
0.0611352
0.0610288
0.0609226
0.0608165
0.0607104
0.0606045
0.0610993
0.0609933
0.0614874
0.0613813
0.0612754
0.0611694
0.0610637
0.0609581
0.0608526
0.0607474
0.0606422
0.060537
0.0604323
0.0603274
0.0602226
0.0601181
0.0600137
0.0599093
0.059805
0.059701
0.0595969
0.0600863
0.0599822
0.0598783
0.0603665
0.0602624
0.0601585
0.0600548
0.0605417
0.0604377
0.0603341
0.0602303
0.0607161
0.0606124
0.0605087
0.0604052
0.0603017
0.0601985
0.0600953
0.0599924
0.0598894
0.0597866
0.059684
0.0601668
0.060064
0.0599613
0.0598589
0.0597564
0.0596541
0.0595519
0.05945
0.0593479
0.0598285
0.0597265
0.0596246
0.0595228
0.0594212
0.0593195
0.0592181
0.0591168
0.0595952
0.0594939
0.0593925
0.0592914
0.0597686
0.0596673
0.0595661
0.059465
0.059364
0.0592633
0.0591624
0.0590619
0.0589616
0.0588611
0.0587609
0.0586607
0.0585607
0.0584608
0.0583611
0.0582613
0.0581619
0.0580623
0.057963
0.0578637
0.0577646
0.0576656
0.0575667
0.0580388
0.0579398
0.0578411
0.0577421
0.0576435
0.0575451
0.0574465
0.0579168
0.0578479
0.057796
0.0577433
0.0576907
0.0576379
0.0575855
0.057534
0.0574816
0.0574293
0.0573773
0.0573251
0.0572729
0.0572211
0.0571691
0.0571173
0.0570655
0.0570137
0.0569622
0.0569108
0.0568592
0.0568078
0.0567567
0.0567052
0.0566534
0.0566022
0.0565512
0.0565003
0.0564494
0.056398
0.0569059
0.056855
0.0568033
0.0567524
0.0567017
0.0566502
0.0565995
0.056549
0.056498
0.0564473
0.0563961
0.0563459
0.0568506
0.0567995
0.0567487
0.0566983
0.0566471
0.0565968
0.056546
0.056496
0.0564451
0.0563948
0.0563449
0.0562941
0.0562438
0.056194
0.0561437
0.0560936
0.056044
0.0559937
0.0559438
0.0558938
0.0558442
0.0557946
0.0557451
0.0556954
0.0556456
0.055596
0.0555464
0.0554971
0.0554476
0.0553984
0.0553492
0.0553001
0.0552509
0.0552017
0.0551526
0.0551037
0.0550548
0.0550061
0.0549576
0.0549087
0.0548603
0.0548116
0.0547625
0.0547138
0.0546656
0.0546172
0.0545692
0.0545203
0.0544723
0.0544238
0.0543755
0.0543274
0.0542797
0.0542313
0.0541834
0.0541357
0.0540876
0.0545781
0.0545298
0.0544822
0.0544344
0.0543861
0.0543386
0.054827
0.0547791
0.0552669
0.0552186
0.0551705
0.0551222
0.0550743
0.055026
0.0553546
0.0558396
0.0557902
0.0557407
0.0556921
0.0556425
0.0555935
0.0555446
0.0554957
0.0554465
0.0553977
0.0553488
0.0553005
0.0552515
0.0552028
0.055154
0.0551057
0.0550569
0.0550084
0.0549605
0.0549121
0.0548636
0.0553434
0.0552951
0.0552467
0.0551984
0.0551498
0.0551014
0.0550535
0.0550052
0.0549572
0.0549088
0.0548607
0.0548127
0.0547651
0.0547172
0.0546694
0.0546219
0.0545735
0.054526
0.0550016
0.0549539
0.0549056
0.0548579
0.0548103
0.0547628
0.0547153
0.0546675
0.0546203
0.0545725
0.054658
0.0545694
0.0544813
0.0543929
0.054336
0.0542892
0.0542417
0.054195
0.0541477
0.054383
0.054295
0.0542073
0.0541195
0.054032
0.0539442
0.0538568
0.0537734
0.0537266
0.0536807
0.0536338
0.0535878
0.0538485
0.0537615
0.0536744
0.0535876
0.0535007
0.053414
0.0533273
0.0532408
0.0531719
0.0531257
0.0530804
0.0530343
0.0529884
0.0529426
0.0528966
0.0530621
0.0529762
0.0528902
0.0528042
0.0527186
0.0526329
0.0525782
0.0525329
0.0524876
0.0524423
0.0523972
0.0526285
0.0525432
0.0524579
0.0523728
0.0522876
0.0522028
0.0521178
0.0520374
0.0519921
0.0519472
0.0519028
0.0518582
0.0518136
0.051769
0.0517241
0.0516797
0.0516354
0.0515913
0.0515471
0.0515026
0.0514582
0.051414
0.0513695
0.0513256
0.0512818
0.0512375
0.0511935
0.0511497
0.0511057
0.0510619
0.0510183
0.0509742
0.0509307
0.0508868
0.0508435
0.0507994
0.0507562
0.0507122
0.050669
0.0506255
0.0505824
0.0505389
0.0504958
0.0504525
0.0504091
0.050366
0.0503231
0.05028
0.0502365
0.0501938
0.0501508
0.0501078
0.0500652
0.0500224
0.0499795
0.0499368
0.0498942
0.0498512
0.0498086
0.0497662
0.0497236
0.0496809
0.0496387
0.0495958
0.049554
0.0495117
0.0494693
0.049427
0.0493849
0.0498332
0.0502816
0.050239
0.0501968
0.0501542
0.0501117
0.0500693
0.0500271
0.0499847
0.0499424
0.0499001
0.049858
0.0498159
0.0497739
0.0497317
0.0496897
0.0501347
0.0500926
0.0500504
0.0500082
0.0499657
0.049924
0.0498819
0.0498401
0.0497982
0.0497563
0.049715
0.0496727
0.0496309
0.0495897
0.0495477
0.0495062
0.0499474
0.0499061
0.0498645
0.0498223
0.0497807
0.0497395
0.0496975
0.0496562
0.0500962
0.0500543
0.0500125
0.0499714
0.0499296
0.0498881
0.0498469
0.049805
0.0497637
0.0497223
0.0496814
0.0496398
0.0495987
0.0495574
0.0495164
0.0494753
0.0499119
0.0498704
0.0498292
0.049788
0.0497468
0.0497056
0.0496649
0.0496237
0.0495827
0.0495417
0.0495006
0.0499349
0.049894
0.0498531
0.0498123
0.0497712
0.0497301
0.0496892
0.0496485
0.0496076
0.0495669
0.0495266
0.0494858
0.0494449
0.0494041
0.0493636
0.0493233
0.049283
0.0492424
0.049202
0.0491614
0.0491214
0.0490812
0.0490409
0.0490007
0.0489604
0.04892
0.04888
0.04884
0.0488
0.0487602
0.0487199
0.0486798
0.0486406
0.0486007
0.0485609
0.0485212
0.0484815
0.0484411
0.0484017
0.0483622
0.0483226
0.0482829
0.0482436
0.0482043
0.0481647
0.0481256
0.0480863
0.0480469
0.0484722
0.0484325
0.0488569
0.0488175
0.0487781
0.0487384
0.0486991
0.0486594
0.0486198
0.0485808
0.0485417
0.048502
0.0484627
0.0484234
0.0483844
0.0488063
0.048767
0.0487279
0.0486884
0.0486493
0.0486101
0.0485708
0.0485317
0.0484927
0.0484535
0.0484148
0.0488341
0.0487952
0.0487564
0.048717
0.0486779
0.0486389
0.0486002
0.048561
0.0485223
0.0485996
0.0485246
0.0484497
0.048375
0.0483282
0.0482897
0.0482509
0.0482122
0.0481737
0.0483825
0.0483081
0.0486884
0.0486138
0.0485391
0.0484647
0.0488442
0.0487696
0.0486951
0.0486206
0.0485463
0.048472
0.048398
0.0483235
0.0482496
0.0481755
0.0485535
0.0484794
0.0484054
0.0483316
0.0482733
0.0482354
0.048197
0.0481588
0.0481204
0.0480822
0.0480447
0.0480065
0.0479686
0.0479304
0.0478926
0.0478546
0.0478171
0.0477793
0.0477415
0.0477037
0.0476658
0.0476281
0.0475906
0.0475529
0.0475155
0.0474775
0.04744
0.0474692
0.0473965
0.0473282
0.0472907
0.0476245
0.0475518
0.0474791
0.0474067
0.0473341
0.0472618
0.0471895
0.0471172
0.047045
0.0469728
0.0469008
0.0468447
0.0468076
0.0467708
0.0467339
0.0466971
0.0466599
0.0466232
0.0465864
0.0465499
0.0465132
0.0464765
0.0464398
0.0464034
0.0463668
0.0463301
0.0462934
0.0462573
0.0462208
0.0461853
0.0461493
0.0461136
0.0460784
0.046043
0.0460071
0.0459718
0.0459366
0.0459011
0.0458655
0.0458304
0.045795
0.0457598
0.0457246
0.0456892
0.0456545
0.0456196
0.0455841
0.0455878
0.0455176
0.0454788
0.0454437
0.0454091
0.0453743
0.045339
0.0453045
0.0454623
0.0453922
0.0453224
0.0452525
0.0451828
0.0455471
0.0454773
0.0454074
0.0453377
0.045268
0.0451985
0.0451289
0.0450593
0.0449898
0.0449206
0.0448513
0.044782
0.0447127
0.0446475
0.0450059
0.0449368
0.0448676
0.0447985
0.0447295
0.0446606
0.0445916
0.0445229
0.044454
0.0443853
0.0443166
0.044248
0.0442044
0.0441708
0.044137
0.044103
0.0440692
0.0440356
0.0441974
0.0441291
0.0440609
0.0439926
0.0439246
0.0438563
0.0437999
0.0437664
0.0437326
0.0436999
0.0436663
0.0436326
0.0435992
0.0435659
0.0435325
0.0434992
0.0434657
0.0434329
0.0433997
0.0433665
0.0437579
0.0437245
0.0436912
0.0436578
0.0436243
0.0435911
0.043558
0.0435248
0.0434918
0.0434587
0.0434255
0.0433926
0.0433595
0.0433266
0.0432937
0.043261
0.0432281
0.0431952
0.0431626
0.0431297
0.0430968
0.0430641
0.0430311
0.0434188
0.0433857
0.0433531
0.0433204
0.0432875
0.043255
0.0432224
0.0431891
0.0431566
0.0431241
0.0430916
0.043059
0.0430265
0.0429938
0.0429612
0.0429291
0.0428965
0.042864
0.0428315
0.0427995
0.0427671
0.0427341
0.0427022
0.0426702
0.0426381
0.0426056
0.0425735
0.0425416
0.0425093
0.0424771
0.0424451
0.0428274
0.0427959
0.0427639
0.0427313
0.0426993
0.0426676
0.0426353
0.0426035
0.0425717
0.0425393
0.0425074
0.0424755
0.0424438
0.0424119
0.04238
0.0423483
0.0423161
0.0422847
0.0422528
0.0422212
0.0421895
0.0421578
0.0421258
0.0420946
0.0420629
0.0420316
0.0419998
0.0419685
0.0419368
0.0419058
0.041874
0.0418428
0.0418112
0.0417802
0.0417484
0.0417171
0.0416862
0.0416548
0.0416236
0.0417298
0.0416656
0.0416015
0.0415375
0.0414736
0.0414367
0.0414057
0.0413749
0.0413439
0.0413129
0.041282
0.0412511
0.04122
0.0411894
0.0411585
0.0411273
0.0410967
0.0410662
0.0410352
0.0410045
0.0409739
0.0409433
0.0409124
0.0408819
0.0408516
0.040821
0.0407901
0.0407595
0.0411329
0.0411025
0.0410718
0.0414445
0.0414136
0.041383
0.0413525
0.0413218
0.0412911
0.0412604
0.0412297
0.0411992
0.0411687
0.0411383
0.0411079
0.0410774
0.0410471
0.0410166
0.0409864
0.0409558
0.0409253
0.0408952
0.0408649
0.0408345
0.0408044
0.0407742
0.0407439
0.040714
0.0406841
0.0406538
0.0406237
0.0405937
0.0405636
0.0405336
0.0405038
0.0404736
0.0404435
0.0408112
0.0407813
0.0407513
0.0407214
0.0406913
0.0406614
0.0406312
0.0406014
0.0405718
0.0405418
0.0405123
0.0404821
0.0404525
0.0404227
0.0403929
0.0403629
0.0403336
0.0403038
0.0402743
0.0402447
0.040215
0.0401853
0.0401559
0.0401265
0.0400969
0.0400674
0.0400379
0.0400085
0.0399792
0.0399497
0.0399203
0.0398908
0.0398614
0.0398325
0.0398031
0.0397736
0.0397444
0.0397153
0.0396861
0.0400487
0.0400192
0.0399901
0.0399608
0.0399318
0.0399024
0.0398733
0.0402346
0.0402057
0.0401765
0.0401466
0.0401176
0.0404783
0.040449
0.0404198
0.0403904
0.0403611
0.0403321
0.0403028
0.0402737
0.0402448
0.0402151
0.040186
0.0401568
0.0405161
0.0404868
0.0404577
0.0404285
0.0403993
0.04037
0.0403412
0.0403122
0.040283
0.0402539
0.0402251
0.040196
0.040167
0.0401381
0.0401091
0.0400803
0.0400513
0.0400226
0.0399937
0.039965
0.0399362
0.0399076
0.0398787
0.0398501
0.0398214
0.0397928
0.0397642
0.0397356
0.0397068
0.0396782
0.0396498
0.039621
0.0395925
0.0395644
0.0395357
0.0395072
0.0394788
0.0394502
0.039422
0.0393939
0.0393655
0.0393371
0.0393087
0.0392804
0.0392525
0.0392239
0.0391958
0.0391675
0.0391395
0.0391111
0.0390832
0.0390552
0.0390271
0.0389988
0.038971
0.0389429
0.0389147
0.0388871
0.0388592
0.0388309
0.0388033
0.0387754
0.0387475
0.0387197
0.0386918
0.0386638
0.0386361
0.0386083
0.0385805
0.0389309
0.0389029
0.0388753
0.0388474
0.0388197
0.0387917
0.0387639
0.0387364
0.0387089
0.038681
0.0386533
0.0386259
0.038598
0.0385706
0.0385429
0.0385154
0.0384881
0.0384606
0.0384327
0.0384054
0.0383781
0.0383506
0.0383231
0.0382956
0.0382684
0.0382414
0.0382138
0.0381864
0.0381591
0.0381318
0.0381044
0.0380772
0.0380505
0.0380235
0.0379959
0.0379689
0.037942
0.0379146
0.0378877
0.0378609
0.037833
0.0378063
0.037779
0.0381243
0.0380972
0.0380701
0.0380433
0.0380157
0.037989
0.037962
0.0379351
0.0379083
0.0378809
0.0378544
0.0378273
0.0378008
0.0377735
0.0377467
0.0377199
0.0376932
0.0376665
0.0376395
0.037613
0.0375862
0.0375594
0.0376809
0.0376276
0.0375744
0.0375211
0.0378363
0.0377829
0.0377296
0.0376765
0.0376232
0.0375701
0.037517
0.0374639
0.0374109
0.037358
0.037305
0.0372521
0.0371992
0.0371465
0.0370936
0.0370408
0.0370033
0.0369771
0.0369506
0.0369242
0.0368983
0.0368722
0.036846
0.0368198
0.0367934
0.0367678
0.0367413
0.0367153
0.0366893
0.0366634
0.0366369
0.0366114
0.0365856
0.0365595
0.0365335
0.0365074
0.0364814
0.0364556
0.0364299
0.0364035
0.0363783
0.0364085
0.0363565
0.0363045
0.0362747
0.036249
0.0362235
0.0361978
0.0361719
0.0361462
0.0361206
0.0362518
0.0362
0.0361485
0.0360967
0.0360451
0.0359935
0.035942
0.0359161
0.0358909
0.0358653
0.0360963
0.036405
0.0363533
0.0363017
0.03661
0.0365584
0.0365068
0.0364553
0.0364038
0.0367115
0.0366598
0.0369672
0.0369156
0.0368639
0.0368124
0.0367609
0.0367094
0.036658
0.0366067
0.0365553
0.0365039
0.0364527
0.0364016
0.0363503
0.0366563
0.036605
0.0365537
0.0368593
0.0368081
0.0367568
0.0367057
0.0366545
0.0366033
0.0365523
0.0365012
0.0364501
0.0363991
0.0363483
0.0362973
0.0362464
0.0365508
0.0364998
0.0364488
0.0363981
0.0363472
0.036651
0.0366001
0.0365492
0.0364984
0.0364477
0.036397
0.0363463
0.0362955
0.0365984
0.0365478
0.036497
0.0364465
0.0363959
0.0363453
0.0362948
0.0365968
0.0365463
0.0368481
0.0367975
0.0367468
0.0366963
0.0366457
0.0365952
0.0365447
0.0368458
0.0367953
0.0367448
0.0366944
0.036644
0.0369444
0.036894
0.0368436
0.0367932
0.0367429
0.0370427
0.0369923
0.0369419
0.0368916
0.0368414
0.0367911
0.0367409
0.0366907
0.0366406
0.0365905
0.0365403
0.0364902
0.0364404
0.0363902
0.0363404
0.0362903
0.0362405
0.0361907
0.0361408
0.0360911
0.0360413
0.0359915
0.035942
0.0358923
0.0358427
0.0357932
0.0357437
0.0356941
0.0356448
0.0355952
0.0355459
0.0354965
0.0357935
0.0357441
0.0356948
0.0356452
0.0355961
0.0355468
0.0354975
0.0354483
0.0353991
0.03535
0.0356461
0.0355968
0.0355477
0.0354986
0.0354495
0.0354005
0.0353514
0.0356468
0.0355978
0.0355486
0.0354996
0.0354506
0.0354017
0.0353528
0.035304
0.0352551
0.0352065
0.0351577
0.0354519
0.0354031
0.0353543
0.0353056
0.0352567
0.0352082
0.0351593
0.0351108
0.0350623
0.0350139
0.0349653
0.0349168
0.0348681
0.0348198
0.0347714
0.034723
0.0346748
0.0346265
0.0345781
0.0345299
0.0344817
0.0344337
0.0343855
0.0343373
0.0342893
0.0342413
0.0341933
0.0341454
0.0340974
0.0340495
0.0340016
0.0339538
0.033906
0.0338582
0.0338105
0.0337628
0.0337151
0.0336675
0.03362
0.0335723
0.0335248
0.0334772
0.0334297
0.03361
0.0335597
0.0335093
0.0334591
0.0334087
0.0333585
0.0333081
0.033258
0.0332079
0.0331578
0.0331078
0.0330577
0.0333443
0.0332942
0.0332442
0.0331942
0.0331442
0.0330942
0.0333803
0.0333303
0.0332803
0.0332304
0.0331805
0.0331307
0.0330808
0.033031
0.0329812
0.0329316
0.0328819
0.0328322
0.0328017
0.0327907
0.0327801
0.0327693
0.0327577
0.032747
0.0327339
0.0327233
0.0327114
0.0327008
0.03269
0.0329056
0.0328562
0.0328067
0.0327573
0.032708
0.0326586
0.0326114
0.0326009
0.0325893
0.0325762
0.0325659
0.0325548
0.0325436
0.0325335
0.0325218
0.0325115
0.0324988
0.0324884
0.0324768
0.0324668
0.0324558
0.0324448
0.0324317
0.0324216
0.0324103
0.0324
0.0323894
0.0323785
0.0323654
0.0323555
0.032344
0.032334
0.0323234
0.0323123
0.0322996
0.0322896
0.0322782
0.0322683
0.0322571
0.0322471
0.0322342
0.0322236
0.0322132
0.0322028
0.0321918
0.0321794
0.0321683
0.0321579
0.0321482
0.0321375
0.0321246
0.0321149
0.0321034
0.0320942
0.0320829
0.0320705
0.0320606
0.0320494
0.0320399
0.0320292
0.0320163
0.0320054
0.0319955
0.0319857
0.0319752
0.0319628
0.0319522
0.0319424
0.0319327
0.0319219
0.0319097
0.0318989
0.0318892
0.0318785
0.0318663
0.0318557
0.031846
0.0318363
0.0318257
0.0318135
0.0318022
0.0317932
0.0317826
0.0317704
0.0317599
0.031751
0.0317397
0.0317278
0.0317173
0.0317079
0.031923
0.032225
0.0322031
0.0321819
0.0321597
0.0321379
0.0321171
0.0320951
0.0320739
0.0320525
0.0320302
0.0320091
0.0319871
0.0319657
0.0319442
0.0319229
0.0319014
0.0318797
0.0318584
0.0318373
0.0318157
0.031794
0.0317729
0.0317513
0.0317303
0.0317086
0.031687
0.031666
0.0316449
0.0316232
0.0316023
0.0315806
0.0315593
0.0315384
0.0315171
0.0314959
0.0314747
0.0314533
0.0314324
0.0314112
0.03139
0.0313689
0.0313478
0.0313267
0.0313056
0.0312844
0.0312631
0.0312421
0.0312212
0.0312003
0.031179
0.0311666
0.0311564
0.0311448
0.0311348
0.0311251
0.0311138
0.0311041
0.0310948
0.0310857
0.0310732
0.0310641
0.0310547
0.0310432
0.0310336
0.0310239
0.0310124
0.0310025
0.030993
0.0310991
0.031078
0.0310577
0.0310367
0.0310158
0.0309951
0.0309741
0.0309536
0.0309328
0.0309117
0.0308911
0.0308717
0.0308633
0.0308512
0.0308423
0.0308331
0.0308211
0.0308123
0.0308033
0.0308872
0.0308413
0.0311097
0.0313781
0.031332
0.0312858
0.0312397
0.0311936
0.0311477
0.0311015
0.0310556
0.0310096
0.0312774
0.0312312
0.0311853
0.0311393
0.0310934
0.0310476
0.0313147
0.0312687
0.0312228
0.0314897
0.0314437
0.0317103
0.0316643
0.0316184
0.0315725
0.0318387
0.0317927
0.0317468
0.0317009
0.031655
0.0316092
0.0315633
0.0315175
0.0314717
0.031426
0.0316914
0.0316457
0.0315999
0.0315542
0.0315084
0.0314628
0.0314172
0.0313715
0.0313261
0.0312805
0.0312349
0.0314996
0.031454
0.0314084
0.031363
0.0313174
0.0312721
0.0315361
0.0314906
0.0314452
0.0313998
0.0313543
0.0313089
0.0312636
0.0315271
0.0314817
0.0314363
0.031391
0.0313458
0.0313004
0.0312552
0.0312101
0.0311648
0.0311196
0.0310745
0.0313373
0.031292
0.0315543
0.0315093
0.0314642
0.031419
0.031681
0.0316359
0.0315906
0.0315456
0.0318073
0.0317619
0.0317169
0.0316718
0.0316266
0.0315816
0.0315366
0.0317976
0.0317526
0.0317075
0.0316625
0.0316176
0.0315747
0.0315323
0.0314899
0.0317531
0.0317108
0.0319737
0.0322366
0.032194
0.0321516
0.0321093
0.0323717
0.0323293
0.0325913
0.0328533
0.0328108
0.0327683
0.0327259
0.0329875
0.032945
0.0329025
0.0331639
0.0331213
0.0330787
0.0330362
0.0329937
0.0332546
0.0332122
0.0331697
0.0331272
0.0330849
0.0330424
0.0330001
0.0329576
0.0329154
0.0328729
0.0328307
0.0327885
0.0327463
0.032704
0.0326618
0.0326197
0.0325776
0.0325355
0.0324934
0.0324513
0.0327109
0.0326688
0.0326266
0.0325846
0.0325426
0.0325006
0.0324587
0.0324168
0.0323749
0.0323329
0.0322911
0.0322491
0.032508
0.0324661
0.032424
0.0323824
0.0323406
0.0325988
0.032557
0.0325151
0.0324733
0.0324315
0.0326893
0.0326476
0.0326059
0.0325639
0.0328215
0.0327798
0.0327379
0.0326962
0.0326545
0.0329115
0.0328698
0.032828
0.0327864
0.0327446
0.0327029
0.0326613
0.0326197
0.0325781
0.0325364
0.0327929
0.0327514
0.0330074
0.0329657
0.0332217
0.0331801
0.0331385
0.0330967
0.0333523
0.0333107
0.033269
0.0332273
0.0331857
0.0331442
0.0331026
0.0330611
0.0330196
0.0332744
0.033233
0.0331914
0.03315
0.0331085
0.0330672
0.0330256
0.0329844
0.0329429
0.0329015
0.0331558
0.0331143
0.0330731
0.0330316
0.0329904
0.032949
0.0329078
0.0331615
0.0331202
0.0330789
0.0330377
0.0329965
0.0329553
0.0329142
0.0328729
0.0328318
0.0327908
0.0327496
0.0327086
0.0329613
0.0329204
0.0328793
0.0328382
0.0327972
0.0330496
0.0330086
0.0329676
0.0329265
0.0328855
0.0328446
0.0328037
0.0327626
0.0330145
0.0329736
0.0329327
0.0328918
0.0328509
0.0328101
0.0327691
0.0327284
0.0326876
0.0326468
0.0326061
0.0325655
0.0325246
0.032484
0.0324434
0.0324027
0.0323622
0.0323216
0.032281
0.0325317
0.0327823
0.0327415
0.0327009
0.0326603
0.0329103
0.0328698
0.0328291
0.0327885
0.032748
0.0327074
0.0328107
0.0327677
0.0327247
0.0326816
0.0326388
0.0325958
0.0328426
0.0327997
0.0327566
0.0327138
0.0326709
0.0326281
0.0325852
0.0328315
0.0327887
0.0330347
0.0329919
0.032949
0.0329061
0.0328634
0.0328205
0.0327777
0.032735
0.0326924
0.0326495
0.032607
0.0325643
0.0325216
0.0327669
0.0327242
0.0326815
0.032639
0.0325964
0.032554
0.0325112
0.0324688
0.0324262
0.0323839
0.0323414
0.0322989
0.0322567
0.0322143
0.0321719
0.0321296
0.0320874
0.0320449
0.0320029
0.0322468
0.0322045
0.0321623
0.03212
0.0320778
0.0320357
0.0319935
0.0319514
0.0319093
0.0318671
0.0318251
0.0320688
0.0320292
0.0319895
0.0319499
0.0319104
0.0318707
0.0318313
0.0317918
0.0317522
0.0317128
0.0316733
0.0316339
0.0315945
0.0318394
0.0318
0.0317606
0.0317211
0.0316818
0.0316424
0.0316032
0.0315639
0.0315246
0.0314853
0.031446
0.0314069
0.0313676
0.0313285
0.0312893
0.0312501
0.0312111
0.031172
0.0311329
0.0310938
0.031055
0.0310159
0.030977
0.030938
0.030899
0.0308599
0.0308211
0.0307824
0.0307436
0.0307047
0.0306659
0.0306272
0.0305884
0.0305526
0.0305178
0.0304829
0.0307295
0.0306948
0.03066
0.0306252
0.0305904
0.0305557
0.0305208
0.0304861
0.0304514
0.0304167
0.030382
0.0303474
0.0303128
0.0302782
0.0302435
0.0302091
0.0301745
0.0301399
0.0301054
0.030071
0.0300364
0.0300021
0.0299675
0.0302128
0.030458
0.0304232
0.0303889
0.0306337
0.0305991
0.0305645
0.03053
0.0304955
0.0304611
0.0304266
0.0303922
0.0303578
0.0303234
0.0302889
0.0302545
0.0302202
0.0301859
0.0301516
0.0303955
0.0303611
0.0303268
0.0302925
0.0302582
0.0302241
0.0301898
0.0301555
0.0301212
0.0300871
0.030053
0.0300188
0.0299846
0.0299506
0.0299165
0.0298823
0.0298483
0.0298141
0.0297801
0.0297461
0.0297122
0.0296782
0.0296444
0.0296104
0.0295765
0.0295426
0.0295087
0.0294748
0.0294411
0.0294073
0.0293734
0.0293396
0.0293058
0.0292721
0.0292383
0.0292046
0.029171
0.0291374
0.0291038
0.0290701
0.0290365
0.0290028
0.0289693
0.0289357
0.0289022
0.0288686
0.0288351
0.0290763
0.0290425
0.0290092
0.0289757
0.0289423
0.0289087
0.0288752
0.0288419
0.0290825
0.0290489
0.0290155
0.0292557
0.0292224
0.0293366
0.0292992
0.0295355
0.0294982
0.0294607
0.0296968
0.0296596
0.0296223
0.0295849
0.0295478
0.0295105
0.0294732
0.0294361
0.029399
0.0293617
0.0293247
0.0292875
0.0292504
0.0292134
0.0291764
0.0291393
0.0291022
0.0290653
0.0290282
0.0289913
0.0289544
0.0289175
0.0288806
0.0288438
0.0288069
0.0287701
0.0287333
0.0286966
0.0286598
0.0286229
0.0285861
0.0285493
0.0285128
0.0284761
0.0284395
0.0284063
0.0283734
0.0283405
0.0283076
0.0282748
0.0282421
0.0282091
0.0281764
0.0281436
0.0283439
0.0283075
0.028271
0.0282344
0.0281982
0.0281617
0.0281253
0.0280889
0.0283219
0.0282855
0.028249
0.0282127
0.0281763
0.02814
0.0283725
0.0283362
0.0283
0.0282635
0.0282272
0.0281909
0.0281546
0.0281183
0.0280821
0.0280458
0.0280097
0.0279734
0.0279374
0.0279012
0.0278651
0.0278289
0.0277929
0.0277569
0.0277209
0.0276847
0.0276487
0.0278803
0.0278441
0.0278082
0.0277721
0.0277361
0.0277003
0.0279312
0.0278953
0.0278593
0.0278234
0.0277873
0.0277515
0.0277156
0.0276797
0.027644
0.0278743
0.0278385
0.0278026
0.0277667
0.0277308
0.0276952
0.0276593
0.0276236
0.0275877
0.0275521
0.0275162
0.0274805
0.0274449
0.0276763
0.0276443
0.0276123
0.0275803
0.0275526
0.0275358
0.0275192
0.027503
0.0274864
0.0274697
0.0274532
0.0277015
0.027685
0.0276685
0.0276523
0.0276357
0.0276191
0.0276027
0.027586
0.0275695
0.0275534
0.027537
0.0275204
0.0275038
0.0274875
0.0274709
0.0277184
0.0277019
0.0276855
0.0276689
0.0276524
0.0276359
0.0276195
0.0276033
0.0275869
0.0275704
0.0275539
0.0275377
0.0277837
0.0277677
0.0277508
0.0277347
0.0277184
0.0277305
0.0276952
0.0279314
0.0281492
0.0283759
0.0283404
0.0283049
0.0282696
0.0282341
0.0281989
0.0281634
0.028128
0.0280926
0.0280574
0.0280221
0.0279868
0.0282129
0.0281775
0.0281423
0.0281071
0.0280719
0.0280365
0.0280012
0.0279661
0.0279309
0.0278957
0.0278606
0.0278255
0.0277905
0.0277554
0.0277349
0.0277182
0.0277022
0.0276857
0.0278584
0.0278268
0.0280554
0.0280238
0.0279925
0.0282208
0.0284095
0.0283743
0.0283393
0.0283041
0.028269
0.028234
0.028199
0.0281639
0.028129
0.0280939
0.0280589
0.0280239
0.027989
0.0279541
0.0279192
0.0278844
0.0278494
0.0280732
0.0280382
0.0280033
0.0279685
0.0279338
0.0278989
0.0278642
0.0280874
0.0280525
0.0280299
0.0280105
0.0279908
0.0279716
0.0279522
0.0279328
0.0279133
0.0278941
0.0278746
0.0278552
0.0278362
0.0278167
0.0277973
0.0277781
0.0277589
0.0277393
0.0277199
0.0277008
0.0276816
0.0276623
0.0276431
0.0276238
0.0276047
0.0275851
0.0275661
0.0275472
0.0275278
0.0275088
0.0274894
0.0274704
0.0274512
0.0274323
0.0274131
0.0273938
0.0273747
0.0273554
0.0273365
0.0273177
0.0272983
0.0272794
0.0275156
0.0274965
0.0274773
0.0274583
0.0274393
0.0274202
0.0274013
0.0273822
0.0273632
0.027344
0.0273251
0.0273059
0.0272872
0.0272681
0.0272493
0.0272302
0.0272112
0.0271922
0.0271733
0.0274084
0.0273895
0.0273706
0.0273517
0.0273326
0.0273137
0.0272946
0.027276
0.0272569
0.0272378
0.0272191
0.0274537
0.0274348
0.027416
0.0273967
0.0273778
0.0273591
0.0273404
0.0273212
0.0273024
0.0272836
0.0272644
0.0272459
0.0274797
0.0274608
0.0274419
0.027423
0.0274042
0.0273851
0.0273687
0.0273519
0.0273352
0.0273185
0.0273022
0.0272858
0.0272689
0.0272524
0.0272359
0.0272195
0.027203
0.0271865
0.0271698
0.0271534
0.0271364
0.0271202
0.027104
0.0270874
0.0270709
0.0270544
0.027038
0.0270214
0.0270053
0.0269885
0.0269722
0.0269559
0.0269395
0.0269231
0.0269068
0.0268902
0.0268738
0.0268577
0.0268409
0.0268248
0.0268087
0.0267925
0.026776
0.0267596
0.0267434
0.0267272
0.0267106
0.0266947
0.0266784
0.0266619
0.0266456
0.0266296
0.0266133
0.026597
0.0265808
0.0265647
0.0265484
0.0265324
0.026516
0.0264999
0.0264837
0.0264677
0.0267001
0.026684
0.0266677
0.0266516
0.0266353
0.026619
0.026603
0.0265869
0.0265707
0.0265544
0.0265385
0.0265225
0.0265063
0.0264898
0.0264736
0.0264576
0.0264419
0.0264255
0.0264099
0.0263936
0.0263774
0.0263616
0.0263454
0.0263294
0.0263134
0.0262977
0.0262826
0.0262675
0.0262524
0.0262377
0.0262222
0.0262074
0.0261924
0.0264238
0.0264088
0.0263939
0.0263788
0.0263636
0.0263487
0.0263335
0.0263183
0.0263032
0.0262883
0.0262732
0.0262581
0.0262434
0.0262283
0.0262134
0.0261983
0.0261834
0.0261686
0.0261534
0.0261385
0.0261235
0.0261085
0.0260935
0.0260786
0.0260636
0.0260489
0.0260342
0.0260192
0.0260044
0.0259895
0.0259746
0.0259596
0.0259447
0.0259298
0.0259151
0.0259003
0.0258855
0.0258706
0.0258558
0.0258409
0.025826
0.0258113
0.0257964
0.0257816
0.0257668
0.0257521
0.0257373
0.0257227
0.0257079
0.0256932
0.0256785
0.0256638
0.025649
0.0256342
0.0256196
0.0256048
0.0255903
0.0255756
0.0255609
0.0255464
0.0255315
0.0255167
0.0255018
0.0254874
0.0254726
0.0254582
0.0254435
0.0254289
0.0254142
0.0253999
0.0256276
0.0256129
0.0255983
0.0255837
0.0258114
0.0257969
0.0257819
0.0257673
0.0257527
0.0257379
0.0257233
0.025709
0.0256941
0.0256797
0.025665
0.0256503
0.0256357
0.0256212
0.0256069
0.0255917
0.0255775
0.0258043
0.0257896
0.025775
0.0257605
0.0257455
0.0257314
0.0257167
0.0257023
0.0256873
0.025673
0.0256584
0.0256438
0.0256292
0.025615
0.0256001
0.0255854
0.0255709
0.025557
0.0255426
0.0255278
0.0255132
0.0254989
0.0254844
0.02547
0.0254555
0.0254408
0.0254264
0.0254123
0.0253977
0.0253831
0.0253686
0.0253547
0.0253401
0.0253257
0.0253111
0.0252968
0.0252824
0.0252684
0.0252538
0.0252396
0.0252251
0.0252109
0.0251963
0.025182
0.025168
0.0251538
0.0251392
0.025125
0.0251107
0.0253349
0.0253205
0.0253063
0.025292
0.0252776
0.0252634
0.0252489
0.0252347
0.0252204
0.0252062
0.0251921
0.0251774
0.0251634
0.0251491
0.0251347
0.0251205
0.0251065
0.0253295
0.0253154
0.0253011
0.0252872
0.0252726
0.0252582
0.0254816
0.0254672
0.0254526
0.0254382
0.0254242
0.0254099
0.0253956
0.0253814
0.0253674
0.0253525
0.0253387
0.0253249
0.0253102
0.0252964
0.0252821
0.0252678
0.0252535
0.0252395
0.0252256
0.0252113
0.025197
0.0251828
0.0251685
0.0251545
0.0251405
0.0251259
0.025348
0.0253336
0.0253197
0.0253054
0.0252913
0.025277
0.0252628
0.0252486
0.0252347
0.0252205
0.0252067
0.0251924
0.0251784
0.0253989
0.0253853
0.0253709
0.025357
0.0253428
0.0253285
0.0253146
0.0253003
0.0252864
0.0252721
0.0252582
0.0252439
0.0252301
0.0252158
0.0252021
0.0251878
0.0251739
0.0251593
0.0251456
0.0251319
0.025118
0.0251037
0.0250896
0.025076
0.0250617
0.0250478
0.0250337
0.0250199
0.0250061
0.0249915
0.0249781
0.024964
0.0249498
0.0249361
0.0249224
0.0249082
0.0248944
0.0248803
0.0248669
0.0248528
0.0248389
0.024825
0.0248113
0.0247976
0.0247833
0.0247699
0.0247557
0.0247418
0.0247278
0.0247145
0.0247005
0.0246866
0.0246729
0.024659
0.0246451
0.0246315
0.0246177
0.0246038
0.02459
0.0245766
0.0245625
0.0245491
0.0245349
0.0245216
0.0245076
0.0244939
0.0244803
0.0244664
0.0246841
0.0246705
0.0246566
0.0246431
0.0246291
0.0246156
0.0246019
0.024588
0.0245742
0.0245605
0.0245467
0.0245335
0.0245196
0.0245058
0.0244924
0.0244781
0.0244648
0.0244514
0.0244376
0.0244237
0.0244107
0.0244781
0.0244638
0.02445
0.0244361
0.0246516
0.0246379
0.0246238
0.0246094
0.0245959
0.0245816
0.0245675
0.0245537
0.0245392
0.0245255
0.0245115
0.0244974
0.0244833
0.0244693
0.0244555
0.0244415
0.0244275
0.0244136
0.0243996
0.0243856
0.0243713
0.0243581
0.0243438
0.0243299
0.024316
0.0243022
0.0242883
0.0242741
0.0242606
0.0242468
0.0242328
0.0242187
0.024205
0.024191
0.0241772
0.0241631
0.0241494
0.0241358
0.0241217
0.0241079
0.0240942
0.0243083
0.0242943
0.0242805
0.0242664
0.0242529
0.0242391
0.0242252
0.0242113
0.0241973
0.0241837
0.0241698
0.0241563
0.0243695
0.0243556
0.024342
0.024328
0.0243143
0.0243006
0.0242864
0.0242727
0.024259
0.0242451
0.0242317
0.0242177
0.0242039
0.0241903
0.0241765
0.0241625
0.0241489
0.0241354
0.0241213
0.0241076
0.0240942
0.0240804
0.0240666
0.0240528
0.0240393
0.0240254
0.0240121
0.0239983
0.0239847
0.023971
0.0239571
0.0239438
0.0239299
0.0239164
0.0239028
0.0238894
0.0238755
0.0238619
0.0238482
0.0238346
0.023821
0.0238074
0.0237938
0.0237799
0.0237669
0.0237532
0.0237397
0.0237259
0.0237128
0.0236991
0.0236854
0.023672
0.0238827
0.0238693
0.0238557
0.0238422
0.0238287
0.0238153
0.0238018
0.0237882
0.0237746
0.0237613
0.0237477
0.0237342
0.0237209
0.0237071
0.0236934
0.0236801
0.0238905
0.0238769
0.0238634
0.0238498
0.0238364
0.0238228
0.0238093
0.0237957
0.0237824
0.0237689
0.0239786
0.0239655
0.0239518
0.0239384
0.023925
0.0239115
0.0238981
0.0238847
0.023871
0.0238575
0.0238443
0.0238307
0.0238173
0.0238039
0.0237904
0.0237771
0.0237634
0.0237499
0.0237367
0.0237758
0.0237619
0.023748
0.0237343
0.0237203
0.0237067
0.0236927
0.0236792
0.0236654
0.0236517
0.0236378
0.0236239
0.0236104
0.0235965
0.0235828
0.0235689
0.0235553
0.0235415
0.023528
0.0235139
0.0235006
0.0234864
0.023473
0.0234591
0.0234455
0.023432
0.0234184
0.0234045
0.0233908
0.0233772
0.0233633
0.0233497
0.0233362
0.0233226
0.0233085
0.0232952
0.0232818
0.0232684
0.0232544
0.0232407
0.0232273
0.0232134
0.0231999
0.0231864
0.0231728
0.0231591
0.0231456
0.0231324
0.0231186
0.0231052
0.0230916
0.0230779
0.0230644
0.0230511
0.0232571
0.0232435
0.0232302
0.0234359
0.0234222
0.0234089
0.0233952
0.0233818
0.0233682
0.0233547
0.0233411
0.0233274
0.0233137
0.0233005
0.0232868
0.0232732
0.02326
0.0232462
0.0232331
0.0232192
0.0232058
0.0231923
0.0231787
0.0231651
0.0231519
0.0231385
0.0231249
0.0231112
0.023098
0.0230848
0.0230712
0.0230578
0.0230442
0.0230318
0.0230193
0.0230068
0.0229941
0.0229812
0.0229687
0.0229563
0.0229437
0.0229312
0.0229184
0.022906
0.0228935
0.022881
0.0228684
0.0228561
0.0228434
0.0230483
0.0230356
0.0230231
0.0230108
0.0229978
0.0232027
0.0231901
0.0231776
0.0231648
0.0231524
0.0231395
0.0231273
0.0231143
0.023102
0.0230895
0.0230771
0.0230644
0.0232686
0.0232558
0.0232434
0.0232307
0.0232183
0.0232058
0.023193
0.0231802
0.0231682
0.0231553
0.0231431
0.0231305
0.023118
0.0231055
0.0230931
0.0230805
0.023284
0.0232715
0.023259
0.0232462
0.023234
0.0232216
0.0232089
0.0234118
0.0233992
0.0233866
0.0233741
0.0233617
0.0233491
0.0233367
0.0233244
0.0233119
0.0232994
0.0232865
0.0232742
0.0232617
0.0232494
0.0234517
0.0234394
0.0234268
0.0234143
0.0234019
0.0233892
0.023377
0.0233644
0.0233515
0.0233394
0.0233269
0.0235289
0.0235162
0.0235037
0.0234913
0.0234789
0.0234665
0.0234541
0.0234416
0.0234292
0.0234166
0.0234037
0.0233917
0.0233791
0.023367
0.0233543
0.0233418
0.0233295
0.0233172
0.0233046
0.0232926
0.0232798
0.0232673
0.0232552
0.0232427
0.0232302
0.0232181
0.0232057
0.0231931
0.0231812
0.0231687
0.0231563
0.0231441
0.0231317
0.0231194
0.0231071
0.0233074
0.023295
0.0232828
0.0232704
0.0232581
0.023246
0.0232336
0.0232212
0.0232087
0.0231968
0.0231841
0.0231718
0.0231597
0.0231476
0.0231351
0.0231225
0.0231104
0.0230983
0.0230862
0.023074
0.0230616
0.0230489
0.0230369
0.0230249
0.0230126
0.023
0.0229878
0.0229761
0.0229636
0.0229512
0.022939
0.0229272
0.0229149
0.0229025
0.0228904
0.0228783
0.0228662
0.0228538
0.0230529
0.0230409
0.0230281
0.0230163
0.0230037
0.0229918
0.0229797
0.0229676
0.0229554
0.0229431
0.022931
0.022919
0.0229068
0.022895
0.0228823
0.0228702
0.0228582
0.0228462
0.0228341
0.0228218
0.0228098
0.0227976
0.0227857
0.0227737
0.0227614
0.0227493
0.0227374
0.0227252
0.0227131
0.0227011
0.0226889
0.0226771
0.0226654
0.022653
0.0226411
0.022629
0.022617
0.0226047
0.022593
0.0225809
0.0225689
0.0225568
0.022545
0.0225329
0.0225212
0.0225087
0.0224971
0.0224852
0.0224733
0.0224613
0.022449
0.0224373
0.0224252
0.0224131
0.0224013
0.0223894
0.0223777
0.0223657
0.0223536
0.0223418
0.0223296
0.0223178
0.022306
0.0222942
0.0222825
0.0222705
0.0222586
0.0222468
0.022235
0.0222232
0.0222111
0.0221992
0.0221873
0.0221757
0.0221639
0.0221518
0.0221403
0.0221283
0.0221165
0.0221047
0.022093
0.0220809
0.0220696
0.0220578
0.0220457
0.0220341
0.0220222
0.0220105
0.0219985
0.0219867
0.0221822
0.0221705
0.0221587
0.0221468
0.022135
0.0221234
0.0221114
0.0220998
0.0220879
0.0220763
0.0220644
0.0220529
0.0220411
0.0220293
0.0220175
0.0220057
0.0219942
0.0219825
0.0219707
0.0219591
0.0219474
0.0219356
0.0219239
0.0219123
0.0219007
0.021889
0.0218773
0.0218652
0.021854
0.0218422
0.0218307
0.0218189
0.0218073
0.0217957
0.0217839
0.0217724
0.0219666
0.0219548
0.0219431
0.0219316
0.0219198
0.0219084
0.0218968
0.0218849
0.0218735
0.0218617
0.0218502
0.0218386
0.0218269
0.0218154
0.0218037
0.0217919
0.0217807
0.021769
0.0217572
0.0217457
0.0217343
0.0217228
0.0217111
0.0216993
0.0216877
0.0216765
0.0216647
0.0216531
0.0216418
0.0216303
0.0216186
0.0216072
0.0215959
0.0215842
0.0215728
0.0217652
0.0217537
0.0217421
0.0217307
0.0217192
0.0217078
0.0216963
0.0216849
0.0218769
0.0218653
0.0218536
0.0218421
0.0218312
0.0218194
0.0218077
0.0217963
0.0217848
0.0217732
0.0217618
0.0217501
0.0217389
0.0217274
0.0217159
0.0217043
0.0216929
0.0216815
0.0216699
0.0216585
0.021647
0.0216357
0.0216241
0.0216127
0.0216011
0.0215901
0.0215782
0.0215669
0.0215553
0.0215443
0.0215325
0.0215216
0.0215099
0.0214985
0.0214872
0.0214759
0.0214643
0.0214531
0.0214418
0.0214303
0.0214189
0.0214078
0.0213963
0.021385
0.0213735
0.0213624
0.0213508
0.0213397
0.0213282
0.0213171
0.0213057
0.0212945
0.0212829
0.0212717
0.0212605
0.0212491
0.0212381
0.0212265
0.0212156
0.0212039
0.0211932
0.0211816
0.0211703
0.0211592
0.0211477
0.0211367
0.0211251
0.0211141
0.0211027
0.0210913
0.0210803
0.0210692
0.021058
0.0210468
0.0210353
0.0212251
0.0212135
0.0212027
0.0211915
0.02118
0.0211689
0.0211577
0.0211465
0.0211354
0.0211241
0.0211129
0.0211018
0.0210906
0.0210793
0.0210682
0.0210571
0.0210457
0.0210344
0.0210237
0.0210121
0.0210013
0.0209901
0.0209789
0.0209679
0.0209565
0.0209457
0.0209346
0.0209234
0.0209123
0.0209011
0.0208901
0.0208789
0.0208678
0.0208567
0.0208457
0.0208346
0.0208235
0.0208123
0.0208013
0.0207904
0.0207791
0.0207684
0.0207574
0.020945
0.020934
0.0209227
0.0209118
0.0209009
0.0208896
0.0208784
0.0208673
0.0208568
0.0208455
0.0208344
0.0208234
0.0208123
0.0208012
0.0207901
0.0207793
0.0207682
0.0207572
0.0207463
0.0207353
0.0207241
0.0207132
0.0207024
0.0206913
0.02068
0.020669
0.0206583
0.0206475
0.0206364
0.0206255
0.0206146
0.0206036
0.0205923
0.0207794
0.0209659
0.0209549
0.0209439
0.0209329
0.0209222
0.0209109
0.0209
0.0208889
0.0208781
0.0208669
0.020856
0.0208448
0.0208342
0.0208231
0.020812
0.0208012
0.0207902
0.0207795
0.0207686
0.020954
0.0209432
0.0209321
0.0209215
0.0209105
0.0208997
0.0208886
0.0208775
0.020867
0.0208559
0.0208448
0.0208338
0.0208231
0.0210085
0.0209976
0.0211828
0.0211719
0.021161
0.0211497
0.0211387
0.0211282
0.0211171
0.0211063
0.021095
0.0210841
0.0210732
0.0210625
0.0210516
0.0210404
0.0210298
0.0210186
0.0210075
0.0209966
0.020986
0.020975
0.0211595
0.0211489
0.0211376
0.0211268
0.021116
0.0211048
0.0210941
0.0210832
0.0210722
0.0210614
0.0210506
0.0210394
0.0210285
0.0210178
0.0210068
0.0209963
0.0209853
0.0209744
0.0209634
0.0209522
0.0209417
0.0209308
0.02092
0.020909
0.0208982
0.0208879
0.020877
0.0208661
0.0208551
0.0208442
0.0210277
0.021017
0.0210062
0.0209953
0.0209843
0.0209737
0.0209627
0.0209521
0.020941
0.0209303
0.0209196
0.0209089
0.0208979
0.0208874
0.0208764
0.0208657
0.0208549
0.020844
0.0208333
0.0208225
0.0208117
0.0208008
0.0207904
0.0207793
0.0207687
0.0207582
0.0207471
0.0207366
0.0207257
0.0207151
0.0207043
0.0206935
0.020683
0.0206722
0.0206614
0.0206509
0.02064
0.0206292
0.0206186
0.0206078
0.0205975
0.0205866
0.0205759
0.0205652
0.0205546
0.0205439
0.0205334
0.0205225
0.0205119
0.0205015
0.0204908
0.0204802
0.0204696
0.0204586
0.0204481
0.0204378
0.0204271
0.0204164
0.0204059
0.0203953
0.0203847
0.0203741
0.0203634
0.020353
0.0203421
0.0203316
0.0203209
0.0203105
0.0202996
0.0202895
0.0202788
0.020268
0.0202578
0.0202473
0.0202365
0.0202262
0.0202157
0.0202051
0.0201946
0.020184
0.0201734
0.0201626
0.0201525
0.0201418
0.0201312
0.0201211
0.0201103
0.0200998
0.0200893
0.0200791
0.0200686
0.020058
0.0200474
0.020037
0.0200265
0.020016
0.0200058
0.0199953
0.0199846
0.0199744
0.0199639
0.0199533
0.0199431
0.0201232
0.0203032
0.0202928
0.0202823
0.0202721
0.0202613
0.0202508
0.0202402
0.0202301
0.0202197
0.020209
0.0201985
0.0201882
0.0201775
0.0201671
0.0201567
0.0201464
0.0201359
0.0203154
0.0203047
0.0202946
0.0202841
0.0202737
0.020263
0.0202526
0.0202422
0.0202318
0.0202215
0.0202109
0.0202006
0.0201902
0.0201797
0.0201692
0.0201587
0.0201485
0.0201383
0.0201277
0.0201173
0.0201073
0.0200968
0.0200864
0.0200759
0.0200655
0.0200554
0.0200449
0.0200344
0.0200241
0.0200134
0.020003
0.019993
0.0199828
0.0199722
0.019962
0.0199516
0.0199414
0.0199309
0.0199206
0.0199102
0.0198999
0.0198895
0.0198798
0.0198693
0.0198591
0.0198488
0.0198383
0.019828
0.0198178
0.0198075
0.0197972
0.0197869
0.0197766
0.0197664
0.0197562
0.019746
0.0197359
0.0197256
0.0197151
0.0197051
0.0196947
0.0196847
0.0196745
0.0196641
0.019654
0.0196437
0.0196334
0.0196231
0.0196133
0.0196029
0.0195927
0.0195826
0.0195722
0.0195619
0.0195519
0.0195419
0.0195317
0.0195217
0.0195115
0.0195012
0.019491
0.0194808
0.0194708
0.0194603
0.0194502
0.0194405
0.0194303
0.01942
0.0194099
0.0193997
0.0193897
0.0193798
0.0193696
0.0193595
0.0193492
0.019339
0.0193294
0.0193191
0.0193088
0.0192989
0.0192888
0.0192787
0.0192685
0.0192587
0.0192485
0.0192384
0.0192283
0.0192183
0.0192078
0.0191982
0.0191882
0.0191782
0.0191681
0.0191582
0.0191482
0.0191381
0.0193139
0.0193039
0.0192937
0.0192838
0.0192738
0.0192634
0.0192536
0.0192437
0.0192335
0.0192236
0.0192136
0.019203
0.0191936
0.0191835
0.0191734
0.0191634
0.0191535
0.0191436
0.0191337
0.0191237
0.0191135
0.0191038
0.0190938
0.0190836
0.0190739
0.0190638
0.0190539
0.019044
0.0190338
0.0190241
0.019014
0.0190043
0.0189942
0.0189843
0.0191589
0.019149
0.0191391
0.0191291
0.0193036
0.0192938
0.0192837
0.0192738
0.0192638
0.019254
0.0192438
0.0192341
0.0192241
0.0192142
0.0192042
0.0191941
0.0191844
0.0191742
0.0191645
0.0191544
0.0191446
0.0191345
0.0191247
0.0191148
0.0191048
0.0190952
0.0190851
0.0190752
0.0190654
0.0190555
0.0190452
0.0190356
0.0190258
0.0190158
0.0190059
0.0189964
0.0189863
0.0189764
0.0189665
0.0189567
0.0189468
0.0189372
0.0189272
0.0189173
0.0189074
0.0188975
0.0188879
0.018878
0.0188683
0.0188579
0.0188484
0.0188388
0.0188289
0.0188191
0.0188094
0.0187996
0.0187898
0.0187802
0.0187702
0.0187605
0.0187507
0.0187409
0.018731
0.0187215
0.0187116
0.0187019
0.018692
0.0186823
0.0186728
0.018663
0.0186532
0.0186435
0.0186336
0.0186238
0.0186141
0.0186043
0.0185949
0.018585
0.0185754
0.0187476
0.0187379
0.0187282
0.0187185
0.0187086
0.0186988
0.0186893
0.0186795
0.0186699
0.0186602
0.0186505
0.0186408
0.018631
0.0186213
0.0186114
0.0186018
0.0185924
0.0185823
0.018573
0.0185629
0.0185537
0.0185437
0.0185341
0.0185246
0.018696
0.0186866
0.0186765
0.0186672
0.0186573
0.0186477
0.018638
0.0186283
0.0186189
0.0187895
0.0187801
0.0187706
0.0187607
0.0187513
0.0187416
0.0187317
0.0187222
0.0187126
0.0187028
0.0186934
0.0186837
0.018674
0.0186642
0.0186546
0.018645
0.0186354
0.0186257
0.0186161
0.0186063
0.0185969
0.0185874
0.0185778
0.0187483
0.0187383
0.0189092
0.0188996
0.0188898
0.01888
0.0188705
0.0188608
0.018851
0.0188416
0.0188319
0.0188221
0.0188127
0.0188029
0.0187931
0.0187836
0.0187739
0.0187643
0.0187549
0.0187452
0.0187358
0.0187259
0.0187162
0.0187067
0.0186973
0.0186875
0.0186779
0.0186685
0.018659
0.018649
0.0186397
0.0186301
0.0186203
0.0186114
0.0186013
0.0185918
0.0185822
0.0185729
0.0185632
0.0185537
0.0185441
0.0185347
0.0185249
0.0185158
0.0185062
0.0184965
0.0184869
0.0184774
0.0184681
0.0184587
0.0184489
0.0184395
0.0184299
0.0184203
0.0184112
0.0184014
0.0185702
0.0185609
0.0185515
0.0185419
0.0185321
0.018523
0.0185133
0.0185038
0.0184944
0.0184851
0.0184754
0.0184659
0.0184563
0.0184473
0.0184376
0.018428
0.0184185
0.0184092
0.0183997
0.0183904
0.0183808
0.0183715
0.018362
0.0183529
0.0183428
0.0183334
0.0183243
0.0183148
0.0183053
0.0182959
0.0182867
0.0182772
0.0182676
0.0182582
0.0182492
0.0182396
0.0182301
0.0182205
0.0182112
0.0182022
0.0181925
0.0181831
0.0181739
0.0181642
0.0181551
0.0181457
0.0181363
0.0181268
0.0181175
0.0181085
0.0180991
0.0180895
0.0180803
0.0180709
0.0180616
0.0180521
0.0180427
0.0180336
0.0180243
0.0180151
0.0180058
0.0179961
0.0179868
0.0179777
0.0179682
0.0179591
0.0179498
0.0179405
0.0179312
0.0179219
0.0180887
0.0180796
0.0180702
0.0180609
0.0180516
0.0180423
0.0180329
0.0180236
0.0180146
0.0180053
0.017996
0.0179865
0.0179774
0.0179684
0.0179589
0.0179496
0.0179401
0.0179308
0.0179218
0.0179123
0.0179032
0.017894
0.0178849
0.0178755
0.0178663
0.017857
0.0178477
0.0178387
0.0178293
0.0178203
0.0178111
0.0178018
0.0177926
0.0177833
0.0177742
0.0177648
0.0177554
0.0177467
0.0177375
0.0177281
0.0177189
0.0177099
0.0177006
0.0176911
0.0176822
0.0176729
0.0176641
0.0176549
0.0176458
0.0176364
0.0176274
0.0176184
0.0176088
0.0176001
0.0175905
0.0175813
0.0175722
0.0175633
0.0175542
0.0175454
0.0175361
0.017527
0.0175177
0.0175087
0.0174995
0.0174902
0.0174811
0.0174721
0.0174631
0.0174538
0.0174451
0.017436
0.017427
0.0174175
0.0174085
0.0173995
0.0173905
0.0173814
0.0173724
0.0173634
0.0173541
0.0173452
0.017336
0.0173271
0.017318
0.0174825
0.0174733
0.0174642
0.0174552
0.0174464
0.0174373
0.0174282
0.0174195
0.01741
0.0174011
0.0173921
0.0173832
0.0173739
0.0173653
0.0175291
0.0175201
0.0175109
0.0175018
0.0174929
0.0174837
0.0174747
0.0174656
0.0174567
0.0174475
0.0174388
0.0176024
0.0175936
0.0175843
0.0175755
0.0175662
0.0175573
0.0175481
0.0175392
0.0175301
0.0175212
0.017512
0.0175032
0.017494
0.017485
0.0174761
0.0174671
0.017458
0.0174488
0.01744
0.017431
0.0174221
0.0174131
0.017404
0.0173951
0.0173861
0.0173773
0.0173683
0.0173592
0.0173503
0.0173414
0.0173323
0.0173233
0.0173147
0.0173054
0.0174686
0.017459
0.0174502
0.0174412
0.0174323
0.0174235
0.0174146
0.0175262
0.0174679
0.0175812
0.0176946
0.0178078
0.017921
0.0178628
0.0178045
0.0177463
0.0176881
0.0176299
0.0175717
0.0175136
0.0174611
0.0174516
0.0174429
0.0174339
0.0174249
0.0174162
0.0174071
0.0173982
0.0173892
0.0173805
0.0173715
0.0173626
0.0173537
0.0173851
0.0173357
0.0173268
0.0173178
0.0173091
0.0173001
0.0172916
0.0172826
0.0172736
0.017265
0.0172558
0.0172471
0.017238
0.0172292
0.0172204
0.0172115
0.0172025
0.0171937
0.0171965
0.0171762
0.0172512
0.0171935
0.0171494
0.0171407
0.0171905
0.0171328
0.0172452
0.0173576
0.0174699
0.0174123
0.0175246
0.0174668
0.0175791
0.0176914
0.0176337
0.017576
0.0175183
0.0174606
0.0174031
0.0173455
0.017288
0.0172304
0.0171729
0.0171344
0.0171257
0.0171168
0.0171078
0.0170991
0.0170903
0.0170816
0.0170726
0.017064
0.0170549
0.0170493
0.0170378
0.0171038
0.0170464
0.0170113
0.0170028
0.0169939
0.016985
0.0169763
0.0169678
0.0169589
0.0169501
0.0169413
0.0169325
0.0169236
0.016915
0.0169066
0.0168979
0.016889
0.0168803
0.0168716
0.0168628
0.0168541
0.0168456
0.0168367
0.0168282
0.0168194
0.0168105
0.016802
0.0167933
0.0167845
0.016776
0.0167671
0.0169269
0.0169181
0.0169092
0.0169011
0.0168923
0.0168836
0.0168746
0.0168661
0.0168573
0.0168487
0.01684
0.0168313
0.0168228
0.0168139
0.0168052
0.0167969
0.016788
0.0167794
0.0167708
0.0167621
0.0167533
0.0167445
0.0167365
0.0167277
0.0167189
0.0167103
0.0167017
0.016693
0.0166844
0.0166756
0.0166671
0.0166585
0.0166497
0.0166411
0.0166327
0.0166243
0.0167829
0.0167742
0.0167654
0.0167572
0.0167485
0.0167397
0.0167309
0.0167224
0.0167139
0.0167053
0.0166966
0.0166882
0.0166796
0.0166711
0.0166624
0.0166537
0.0166451
0.0166366
0.0166279
0.0166195
0.0166109
0.0166022
0.0165939
0.0165853
0.0165766
0.016568
0.0165595
0.016551
0.0165425
0.0165339
0.0165268
0.0165259
0.0165209
0.0165208
0.016516
0.0165108
0.0165104
0.0165055
0.016505
0.0165004
0.0164996
0.0165028
0.0164928
0.0164881
0.0165723
0.0165637
0.016555
0.0167124
0.016704
0.0166955
0.016687
0.0166785
0.0167147
0.0166614
0.0166527
0.0166442
0.0166359
0.0166274
0.0166189
0.0166533
0.0166016
0.0167068
0.0166507
0.0165946
0.0165677
0.0165592
0.0165508
0.0165422
0.0165337
0.0165895
0.0166989
0.0166429
0.0165868
0.0165309
0.0166402
0.0165843
0.0165284
0.0166377
0.016747
0.016691
0.0168003
0.0167443
0.0168535
0.0167975
0.0167417
0.0166858
0.0167949
0.016739
0.0166832
0.0166273
0.0165715
0.0165157
0.0164599
0.0164042
0.0163484
0.0163376
0.0164017
0.0165107
0.0164549
0.0164365
0.0164282
0.0164524
0.0164113
0.0164028
0.0164499
0.0163943
0.0163773
0.0163688
0.0163919
0.0163524
0.016344
0.0163355
0.0163338
0.0164425
0.0163869
0.0164956
0.01644
0.0165486
0.0164931
0.0164375
0.016382
0.0163265
0.016435
0.0163796
0.016488
0.0164325
0.0163772
0.0163217
0.0164301
0.0163746
0.0163193
0.0164276
0.0163722
0.0164805
0.0164252
0.0163698
0.0163144
0.0162591
0.0162131
0.016312
0.0162567
0.0162075
0.0162038
0.0162543
0.0163625
0.0163072
0.0164154
0.01636
0.0163048
0.0162496
0.0161944
0.016178
0.0161777
0.0163118
0.0163035
0.016295
0.0163528
0.0162976
0.0162701
0.0162618
0.0162537
0.0162452
0.0162368
0.0162286
0.0162377
0.0162119
0.0162037
0.0161955
0.016187
0.0161787
0.0161704
0.0161622
0.0161538
0.0161456
0.0161372
0.0161292
0.0161209
0.0161125
0.0161044
0.0161012
0.0160958
0.0160956
0.0160908
0.0160907
0.0161138
0.0160818
0.0160813
0.0160768
0.0160767
0.0160711
0.0160708
0.0160657
0.0160662
0.0160617
0.0160567
0.0160564
0.0160522
0.0160501
0.0160457
0.0160457
0.0160407
0.0160362
0.0160367
0.0160318
0.0160314
0.016026
0.0160255
0.0160211
0.0160208
0.0160167
0.016012
0.0160118
0.0160074
0.0160053
0.0160018
0.0160013
0.0159965
0.0159972
0.0159923
0.0159874
0.0159869
0.0160742
0.0160657
0.0160574
0.0160492
0.0160413
0.016033
0.0160248
0.0160166
0.0160083
0.0160003
0.0159922
0.0159836
0.016023
0.0159685
0.0161203
0.0161123
0.0161273
0.0160984
0.0160939
0.0162405
0.0162324
0.016224
0.0162155
0.0162075
0.0161993
0.0161911
0.0163437
0.0163355
0.0163273
0.0163192
0.0164714
0.0164632
0.0164549
0.016447
0.0164384
0.0164305
0.016422
0.0164141
0.0164058
0.0163977
0.0163894
0.016381
0.0163727
0.0163645
0.0163563
0.0163483
0.0163401
0.016332
0.0163239
0.016315
0.0163073
0.0162989
0.0162912
0.0162827
0.0162748
0.0162665
0.0162588
0.0162501
0.016242
0.0162339
0.0162257
0.0162177
0.0162094
0.0162016
0.016193
0.016185
0.0161771
0.0161687
0.0161607
0.0161526
0.0161437
0.0161362
0.016128
0.0161201
0.0161118
0.0161039
0.0160956
0.0160874
0.0160792
0.0160798
0.0160633
0.0160553
0.0160472
0.0160387
0.0160308
0.0160226
0.0160149
0.0160065
0.0159987
0.0159906
0.0159822
0.0159744
0.0159662
0.0159584
0.01595
0.0159422
0.015934
0.0159261
0.0160128
0.0159591
0.0160643
0.0161694
0.0161157
0.0160621
0.0160084
0.0161135
0.0160598
0.0160062
0.0159963
0.0161467
0.0161386
0.0161305
0.0161227
0.0161142
0.0161064
0.0160983
0.0160901
0.0160822
0.0160743
0.0160659
0.0161023
0.0160498
0.0160418
0.0160342
0.0160466
0.0160178
0.0160099
0.0160018
0.0159935
0.0159854
0.0159774
0.0159698
0.0159616
0.0159537
0.0159457
0.0159378
0.0159296
0.0159214
0.0159136
0.0159056
0.0158975
0.0158891
0.0158814
0.0160314
0.0160235
0.0160154
0.0160073
0.0159992
0.0159914
0.0159835
0.0159754
0.0159673
0.0159595
0.0159518
0.0159434
0.0159353
0.0159276
0.0159192
0.0159113
0.0159037
0.0158956
0.0158876
0.0158795
0.0158716
0.0158637
0.0158556
0.0158477
0.0158398
0.0158318
0.0158237
0.0158159
0.0158082
0.0158
0.0157919
0.0157842
0.0157764
0.0157681
0.0157605
0.0157524
0.0157446
0.0157366
0.0157288
0.0157208
0.0157424
0.0158463
0.0157933
0.0157404
0.0156875
0.0156736
0.0156654
0.0156854
0.0156496
0.0157363
0.0156834
0.0157871
0.0157343
0.0158379
0.015785
0.0158886
0.0158358
0.015783
0.0157302
0.0157194
0.0157112
0.0157033
0.0156958
0.0158439
0.0158359
0.0158281
0.0158201
0.0158121
0.0158044
0.0157962
0.0157886
0.0157807
0.0157728
0.015765
0.015757
0.0157493
0.0157414
0.0157334
0.0157257
0.0157176
0.0158193
0.0159224
0.0158697
0.0159729
0.0159203
0.0158677
0.0159708
0.0159182
0.0160212
0.0161242
0.0160716
0.016019
0.0159665
0.015914
0.0160169
0.0159644
0.0159119
0.0160147
0.0161176
0.0160651
0.0160126
0.0161154
0.0162182
0.0161657
0.0161132
0.0162159
0.0161635
0.016111
0.0160586
0.0160062
0.0159537
0.0159014
0.015849
0.0157967
0.0157443
0.015692
0.0156397
0.0155873
0.0155676
0.0155598
0.0155523
0.0156991
0.0156912
0.0156837
0.015686
0.015668
0.0156598
0.0156524
0.0156445
0.0156366
0.0156821
0.0157844
0.0157322
0.0158346
0.0157824
0.0157303
0.0156781
0.015626
0.0157282
0.0156761
0.015624
0.0157263
0.0156742
0.015622
0.01557
0.015518
0.0155045
0.0154969
0.0154892
0.0154812
0.0154737
0.0154658
0.015458
0.0154504
0.0154427
0.0154349
0.0154271
0.0154194
0.0154117
0.015404
0.0153962
0.0153885
0.0153809
0.0153731
0.0153654
0.0153577
0.0153499
0.0153423
0.0153347
0.015327
0.0153194
0.0153129
0.0153094
0.0153079
0.0153033
0.0152996
0.0152996
0.0152951
0.0152951
0.0152911
0.0152873
0.0152874
0.0152826
0.015283
0.0152793
0.0152751
0.0152751
0.0152707
0.0152708
0.0152671
0.0152626
0.0152614
0.0152577
0.0152582
0.0152882
0.0152807
0.0152729
0.0152653
0.0154103
0.0154029
0.0153953
0.0153876
0.01538
0.0153724
0.0153645
0.0153568
0.0153495
0.0153414
0.015334
0.0153261
0.0153186
0.0153111
0.0153037
0.0152956
0.0152881
0.0152806
0.0152727
0.015265
0.0152577
0.0152499
0.0152424
0.0152345
0.0152272
0.0152193
0.0152119
0.0152043
0.0151966
0.0151892
0.0151814
0.0151739
0.0151661
0.0151604
0.0151603
0.0151561
0.015156
0.0151523
0.0151482
0.0151473
0.0151435
0.0151392
0.0151404
0.0151364
0.0151356
0.0151311
0.0151275
0.0151279
0.0151231
0.0151891
0.0151817
0.015174
0.0151666
0.0151588
0.0151513
0.0151437
0.0151361
0.0151284
0.015121
0.0151135
0.0151058
0.0150983
0.0150915
0.0150878
0.0150838
0.0150841
0.015079
0.0150796
0.015076
0.015072
0.0150713
0.0150673
0.0150637
0.0150641
0.0150592
0.0150592
0.015056
0.0150521
0.0150523
0.0150474
0.0150481
0.0150441
0.0150403
0.0150395
0.0150355
0.0150319
0.015032
0.0150274
0.0150279
0.0150246
0.0150201
0.0150194
0.0150156
0.015011
0.0150129
0.015009
0.0150085
0.0150039
0.0150005
0.0150009
0.0149966
0.0149966
0.0149932
0.014989
0.0149882
0.0149844
0.0149807
0.0149807
0.0149763
0.0149769
0.0149736
0.0149691
0.0149685
0.0149647
0.0149607
0.0149616
0.0149565
0.0149575
0.0149533
0.01495
0.0149503
0.0149453
0.0149461
0.014942
0.0149385
0.0149381
0.0149337
0.0149304
0.0149308
0.0149258
0.0149265
0.014923
0.0150173
0.0150096
0.0150023
0.0149947
0.0151373
0.01513
0.0151225
0.0151148
0.0151073
0.0150999
0.0150926
0.0150849
0.0150774
0.0150701
0.0150628
0.0150551
0.0150478
0.0150401
0.0150329
0.0150253
0.0150179
0.0150104
0.0150031
0.0149956
0.0149881
0.0149807
0.0149734
0.0149657
0.0149583
0.0149511
0.0149437
0.0150852
0.015078
0.0150706
0.0150633
0.0150557
0.0150482
0.015041
0.0150334
0.0150261
0.0150186
0.0150113
0.0150035
0.0149962
0.014989
0.0149816
0.0149741
0.0149666
0.0149593
0.0149518
0.0149443
0.0149372
0.0149299
0.0149221
0.0149153
0.0149075
0.0148999
0.0148928
0.0148854
0.014878
0.0148705
0.0148634
0.0148559
0.0148485
0.014841
0.0148336
0.0148265
0.014819
0.0148117
0.0148043
0.014797
0.0147896
0.0147825
0.0147748
0.0147675
0.0147603
0.0147529
0.0147454
0.0147381
0.0147319
0.0147287
0.0147246
0.014726
0.0147212
0.0147216
0.0147186
0.0147145
0.014714
0.0147103
0.0147071
0.0147075
0.0147027
0.0147036
0.0146998
0.0146964
0.014696
0.0146924
0.0146885
0.0146877
0.0146843
0.0146808
0.0146812
0.014677
0.0146776
0.0146742
0.0146706
0.0146701
0.0146659
0.0146629
0.0146636
0.0146586
0.0146547
0.0146559
0.0146511
0.0146516
0.0146484
0.0146449
0.0146442
0.0146402
0.0146369
0.0146378
0.0146331
0.0146289
0.0147047
0.0146973
0.01469
0.0146831
0.0146757
0.0146685
0.0146608
0.0146536
0.0146466
0.0146393
0.0146317
0.0147718
0.0147644
0.014757
0.0147498
0.0147424
0.0147354
0.0147278
0.0147207
0.0147132
0.0147061
0.014699
0.0146915
0.0146843
0.0146773
0.0146698
0.0146626
0.0148022
0.014795
0.0147876
0.0147802
0.0149196
0.0149123
0.014905
0.0148978
0.0148906
0.0148831
0.0148757
0.0148689
0.0148616
0.0148541
0.014847
0.0148394
0.0148323
0.0148253
0.0148177
0.0148106
0.0148032
0.014796
0.0147888
0.0147817
0.0147746
0.0147671
0.0147601
0.0147648
0.0147454
0.0148125
0.0147634
0.0147238
0.0148111
0.0149078
0.0150047
0.0151014
0.0150522
0.015003
0.014954
0.0149049
0.0148557
0.0148066
0.0147575
0.0148542
0.0148051
0.0149018
0.0148527
0.0148037
0.0147546
0.0147056
0.0148022
0.0147531
0.0147042
0.0146552
0.0146062
0.0145572
0.014544
0.0145364
0.0145294
0.0145221
0.0145152
0.0145081
0.0146461
0.014639
0.0146318
0.0146246
0.0146174
0.0146101
0.0146031
0.014596
0.0145888
0.0146466
0.0145978
0.0145672
0.0145601
0.0145529
0.014546
0.0145385
0.0145319
0.0145243
0.0145174
0.0145101
0.0145029
0.0144961
0.0144886
0.0144814
0.0144745
0.0146121
0.014605
0.0145977
0.0145907
0.0145832
0.0145764
0.0145691
0.0145622
0.014555
0.0145477
0.0145406
0.0145333
0.0145262
0.0145194
0.014512
0.014505
0.0144977
0.0144909
0.0144836
0.0144766
0.0144694
0.0144625
0.0144551
0.0144483
0.0144409
0.0144341
0.0144268
0.0144199
0.0144128
0.0144055
0.0143986
0.0143911
0.0143844
0.0143771
0.01437
0.0143632
0.014356
0.0143487
0.014342
0.0143348
0.0143276
0.0143208
0.0143135
0.0143064
0.0142993
0.0142923
0.0142851
0.0142782
0.0142713
0.014264
0.0142571
0.014254
0.0142546
0.0142502
0.0142466
0.0142474
0.0142439
0.0142447
0.0142412
0.0142367
0.0142373
0.0142344
0.0142295
0.0142307
0.0142276
0.0142244
0.0142241
0.014221
0.0142173
0.014267
0.0142598
0.0142528
0.0142459
0.0142388
0.0142318
0.0142249
0.0142178
0.0142109
0.0142038
0.0141966
0.0141899
0.0142677
0.0142196
0.0141829
0.0141836
0.0141802
0.014181
0.0141774
0.0141732
0.0141739
0.0141709
0.0141662
0.0141671
0.0141641
0.0142148
0.0141668
0.0142615
0.0143564
0.0143083
0.014403
0.0143551
0.0143071
0.0142591
0.0143539
0.0143058
0.0142578
0.0143526
0.0144472
0.0143992
0.0143512
0.0144459
0.014398
0.01435
0.0143021
0.0142543
0.0143489
0.0143009
0.014253
0.0142052
0.0142996
0.0142518
0.0143463
0.0142984
0.0142506
0.0142028
0.014155
0.0142494
0.0142016
0.014296
0.0142481
0.0142004
0.0142947
0.014247
0.0143413
0.0144355
0.0143877
0.01434
0.0144343
0.0143865
0.0144807
0.014433
0.0143852
0.0143375
0.0144317
0.0145258
0.0144781
0.0144304
0.0143827
0.014335
0.0144292
0.0145231
0.0146172
0.0147112
0.0146635
0.0147575
0.0147098
0.0148037
0.0148976
0.01485
0.0149438
0.0148962
0.01499
0.0149423
0.0148947
0.014847
0.0147994
0.0148932
0.0148456
0.0147979
0.0148917
0.0148441
0.0149378
0.0148902
0.0148426
0.0147951
0.0148887
0.0148412
0.0147936
0.0147461
0.0146986
0.0147922
0.0147447
0.0148383
0.0147908
0.0148844
0.0148368
0.0147894
0.0147419
0.0146944
0.0146469
0.0147405
0.014693
0.0146456
0.014739
0.0146917
0.0146442
0.0145968
0.0146902
0.0146428
0.0147362
0.0146889
0.0146415
0.0145942
0.0145468
0.0144995
0.0144522
0.0144048
0.0143576
0.0143103
0.0142631
0.0142158
0.0141686
0.0141214
0.0142146
0.0141674
0.0141203
0.0140731
0.0140259
0.0141191
0.0140719
0.0141651
0.014118
0.0142111
0.0141639
0.0142571
0.0142099
0.014303
0.0142558
0.0143489
0.0143018
0.0143948
0.0143476
0.0143006
0.0142535
0.0142064
0.0141593
0.0141122
0.0142052
0.0141581
0.0142511
0.0143439
0.0142969
0.0142499
0.0142028
0.0142957
0.0142487
0.0143415
0.0144343
0.0143873
0.0143403
0.0142933
0.0142463
0.014339
0.0142921
0.0143847
0.0143378
0.0142908
0.0142439
0.0141969
0.0141501
0.0141032
0.0140563
0.0140094
0.014102
0.0140552
0.0141478
0.0141009
0.0140541
0.0140072
0.0140998
0.0140529
0.0140061
0.0139593
0.0139126
0.0140051
0.0139583
0.0140507
0.014004
0.0139572
0.0139105
0.0138637
0.013817
0.0139094
0.0138627
0.013816
0.0137693
0.0137514
0.0137527
0.0137498
0.0137456
0.0137469
0.0137437
0.0137396
0.0137412
0.0137371
0.0137333
0.01373
0.0137653
0.0137274
0.0137244
0.0137644
0.0137213
0.01381
0.0139021
0.0138555
0.013809
0.0139011
0.0138546
0.013808
0.0137615
0.0138535
0.013807
0.013899
0.0138525
0.013806
0.0137596
0.013713
0.013805
0.0137585
0.0137121
0.0136818
0.013683
0.0137111
0.013676
0.0136718
0.0136738
0.0136698
0.0136668
0.013668
0.0136639
0.0136613
0.0136606
0.0136577
0.0136551
0.0136552
0.0136609
0.0136491
0.0136495
0.01366
0.0136436
0.0136433
0.0136406
0.013638
0.0136374
0.013635
0.0136305
0.0136319
0.0136572
0.013625
0.0136211
0.0136228
0.0136189
0.013616
0.0136553
0.013613
0.01361
0.0136102
0.0136082
0.0136997
0.0137911
0.0138825
0.0138363
0.0139277
0.0138815
0.0138354
0.0139267
0.0138806
0.0138343
0.0139257
0.0138795
0.0138333
0.0139246
0.0138785
0.0139697
0.0139236
0.0138774
0.0138313
0.0139225
0.0138764
0.0138303
0.0137842
0.0138754
0.0139666
0.0139205
0.0138744
0.0138283
0.0137823
0.0137362
0.0136902
0.0136442
0.0137353
0.0136893
0.0137803
0.0138713
0.0138254
0.0137793
0.0137334
0.0136874
0.0136414
0.0135956
0.0135496
0.0136405
0.0135946
0.0136856
0.0136396
0.0135937
0.0135478
0.0136387
0.0135928
0.0135469
0.0136378
0.0135919
0.0136827
0.0136369
0.0135911
0.0135452
0.0136359
0.0137267
0.0136809
0.013635
0.0135893
0.0135435
0.0134977
0.013476
0.0135426
0.0134968
0.0134704
0.0134661
0.0134633
0.0134634
0.0134605
0.0134951
0.0134583
0.01354
0.0134943
0.0134528
0.0135391
0.0134934
0.0134477
0.0134438
0.0134925
0.0134469
0.0134389
0.0134345
0.0134318
0.013432
0.013429
0.0134264
0.0134268
0.0134241
0.0134196
0.0134212
0.0134184
0.0134144
0.0134109
0.0134128
0.0134087
0.0134058
0.0134059
0.0134419
0.0134003
0.0134009
0.0133985
0.0133955
0.0133952
0.0133927
0.0133888
0.0133907
0.013387
0.0133829
0.0133803
0.0133802
0.0133773
0.0133748
0.0133752
0.0133728
0.0133698
0.0133699
0.0133671
0.013363
0.013365
0.0133613
0.0133576
0.0133546
0.0133548
0.0133519
0.0133494
0.0133498
0.0133472
0.0133443
0.0133441
0.0133417
0.0133377
0.0133399
0.0133362
0.0133318
0.0133294
0.0133293
0.0133265
0.013324
0.0133243
0.0133221
0.0133191
0.0133192
0.0133162
0.0133126
0.0133089
0.0133108
0.0133069
0.0133042
0.0133048
0.0133015
0.0132989
0.0132992
0.0132969
0.0132924
0.0132943
0.0132915
0.0132871
0.0132844
0.0132843
0.0132818
0.0132792
0.0132798
0.0132773
0.0132742
0.0132743
0.0132714
0.0132678
0.0132644
0.0132661
0.0132623
0.0132597
0.0132597
0.0132574
0.0132545
0.0132546
0.0132521
0.0132481
0.0132502
0.0132465
0.0132427
0.0132402
0.0132402
0.0132372
0.013235
0.0132354
0.0132329
0.0132286
0.0132303
0.0132275
0.0132233
0.0132205
0.0132209
0.0132179
0.0132153
0.013216
0.0132135
0.013209
0.0132108
0.0132082
0.0132042
0.0132013
0.0132031
0.0131989
0.0131962
0.0131969
0.0131945
0.0131916
0.0131916
0.0131891
0.0131848
0.0131822
0.013184
0.0131796
0.0131771
0.0131776
0.0131754
0.0131724
0.0131726
0.0131699
0.0131658
0.013163
0.0131649
0.0131605
0.0131581
0.0131586
0.0131562
0.0131517
0.0131534
0.0131509
0.0131467
0.0131441
0.0131443
0.0131414
0.0131389
0.0131396
0.0131372
0.0131329
0.0131349
0.0131317
0.0131276
0.0131253
0.0131255
0.0131227
0.0131203
0.0131208
0.0131181
0.0131142
0.0131164
0.013113
0.013109
0.0131064
0.0131069
0.0131045
0.0131018
0.0131019
0.0130996
0.0130957
0.0130923
0.0130944
0.01309
0.0130879
0.0130886
0.0130859
0.0130817
0.0130835
0.0130807
0.0130768
0.0130741
0.0130744
0.0130715
0.0130693
0.0130697
0.0130673
0.0130633
0.0130598
0.0130621
0.0130581
0.0130559
0.0130559
0.013054
0.013051
0.0130515
0.0130487
0.0130446
0.0130419
0.0130424
0.0130395
0.0130372
0.0130377
0.0130352
0.0130314
0.0130278
0.0130301
0.0130262
0.0130239
0.0130242
0.0130221
0.0130193
0.0130199
0.013017
0.013013
0.0130104
0.0130106
0.0130078
0.0130056
0.0130059
0.0130035
0.0129997
0.0129965
0.0129986
0.0129943
0.0129921
0.0129929
0.0129906
0.0129862
0.0129884
0.0129853
0.0129815
0.0129789
0.0129793
0.0129772
0.0129744
0.0129749
0.0129723
0.012968
0.0129653
0.0129658
0.0129632
0.0129609
0.0129614
0.0129589
0.0129552
0.012952
0.0129542
0.0129501
0.0129476
0.0129484
0.012946
0.0129419
0.0129445
0.0129409
0.0129366
0.0129344
0.0129352
0.012933
0.0129287
0.0129308
0.0129276
0.012924
0.0129216
0.0129218
0.0129198
0.012917
0.0129178
0.0129149
0.012911
0.0129083
0.0129091
0.0129066
0.0129039
0.0129045
0.0129018
0.012898
0.0128951
0.0128956
0.012893
0.012891
0.0128918
0.0128889
0.0128852
0.0128823
0.0128828
0.0128801
0.0128778
0.0128785
0.012876
0.0128724
0.0128695
0.0128717
0.0128673
0.0128652
0.0128657
0.0128631
0.0128593
0.0128565
0.0128586
0.0128544
0.0128523
0.0128528
0.0128504
0.0128465
0.0128435
0.0128458
0.0128415
0.0128393
0.01284
0.0128377
0.0128339
0.0128307
0.012833
0.0128288
0.0128267
0.0128272
0.012825
0.0128211
0.012818
0.0128204
0.0128161
0.012814
0.0128148
0.0128121
0.0128086
0.0128057
0.0128078
0.0128033
0.0128012
0.0128018
0.0127995
0.0127962
0.0127929
0.0127937
0.0127907
0.0127888
0.0127897
0.0127867
0.0127831
0.0127804
0.0127811
0.0127784
0.0127762
0.0127768
0.0127744
0.0127704
0.0127681
0.0127687
0.0127664
0.012764
0.0127646
0.0127621
0.012758
0.0127555
0.0127564
0.0127542
0.0127499
0.0127521
0.0127493
0.0127455
0.0127432
0.012744
0.0127418
0.0127378
0.0127404
0.0127366
0.0127329
0.0127305
0.0127317
0.012729
0.0127255
0.0127226
0.0127248
0.0127203
0.0127184
0.0127192
0.0127168
0.0127129
0.0127102
0.012711
0.0127087
0.0127063
0.0127072
0.0127046
0.0127006
0.0126982
0.012699
0.0126967
0.0126926
0.012695
0.012692
0.0126879
0.0126859
0.0126867
0.0126848
0.0126807
0.0126777
0.0126802
0.0126756
0.0126739
0.0126747
0.0126719
0.0126684
0.0126659
0.0126667
0.0126644
0.012662
0.0126625
0.0126597
0.0126562
0.0126538
0.0126548
0.0126524
0.0126485
0.0126454
0.0126477
0.0126438
0.012642
0.0126426
0.0126403
0.0126362
0.0126336
0.0126346
0.0126326
0.0126302
0.0126306
0.0126279
0.0126241
0.0126222
0.0126228
0.0126207
0.0126168
0.0126138
0.0126163
0.0126121
0.0126101
0.012611
0.0126085
0.0126045
0.0126023
0.012603
0.0126011
0.0125967
0.0125993
0.0125964
0.0125926
0.0125902
0.0125915
0.0125892
0.0125853
0.0125828
0.0125831
0.0125809
0.0125788
0.0125795
0.0125767
0.0125732
0.0125709
0.0125719
0.0125696
0.0125659
0.0125629
0.0125654
0.0125612
0.0125593
0.0125601
0.0125578
0.0125536
0.0125515
0.0125523
0.0125502
0.0125465
0.0125433
0.0125456
0.0125419
0.0125399
0.0125409
0.0125383
0.0125346
0.012532
0.012533
0.0125311
0.0125272
0.0125299
0.0125267
0.0125226
0.012521
0.0125216
0.0125192
0.0125152
0.0125128
0.0125136
0.0125119
0.0125081
0.0125108
0.0125977
0.0125938
0.0125918
0.0125929
0.0125903
0.0125864
0.0125839
0.0125848
0.0125831
0.0125791
0.0125758
0.0125786
0.0125746
0.0125725
0.0125734
0.0125713
0.0125672
0.0125651
0.0125658
0.0125637
0.01256
0.0125571
0.0125578
0.0125556
0.0125535
0.0125545
0.0125515
0.0125483
0.0125458
0.0125469
0.0125446
0.0125412
0.0125384
0.012539
0.0125373
0.012535
0.0125356
0.0125327
0.0125291
0.012527
0.0125281
0.0125259
0.0125217
0.0125199
0.0125204
0.0125186
0.0125145
0.0125117
0.0125144
0.0125102
0.0125085
0.0125093
0.0125072
0.0125034
0.012501
0.0125018
0.0124995
0.0124962
0.0124936
0.0124941
0.0124924
0.0124903
0.0124908
0.012488
0.0124841
0.0124825
0.0124831
0.0124809
0.0124772
0.0124749
0.0124757
0.0124737
0.01247
0.0124677
0.012468
0.012466
0.0124642
0.0124645
0.012462
0.0124584
0.0124564
0.0124572
0.012455
0.0124512
0.0124491
0.0124496
0.0124479
0.0124443
0.0124418
0.0124422
0.0124402
0.0124384
0.0124388
0.0124363
0.0124328
0.0124309
0.0124316
0.0124294
0.012426
0.0124236
0.0124244
0.0124225
0.0124189
0.0124161
0.0124168
0.0124152
0.0124108
0.0124137
0.0124109
0.0124072
0.0124052
0.0124062
0.0124041
0.0124001
0.0123979
0.0123989
0.0123969
0.0123929
0.0123909
0.0123917
0.01239
0.012386
0.0123834
0.0123839
0.0123821
0.0123804
0.012381
0.0123784
0.0123749
0.0123731
0.0123737
0.0123718
0.0123678
0.0123656
0.0123667
0.0123644
0.0123611
0.0123584
0.0123591
0.0123576
0.0123536
0.012351
0.0123516
0.0123498
0.0123482
0.0123488
0.0123463
0.0123425
0.0123409
0.0123418
0.0123393
0.0123357
0.0123336
0.0123345
0.0123324
0.0123286
0.0123267
0.0123271
0.0123256
0.0123216
0.0123193
0.01232
0.0123184
0.0123167
0.0123173
0.0123147
0.0123106
0.012309
0.0123097
0.0123073
0.0123037
0.0123018
0.0123027
0.0123007
0.012297
0.0122948
0.0122958
0.0122939
0.0122898
0.012288
0.0122885
0.012287
0.0122831
0.0122807
0.0122817
0.0122799
0.0122759
0.0122791
0.0122762
0.0122722
0.0122707
0.0122715
0.0122689
0.0122653
0.012264
0.0122644
0.0122626
0.0122585
0.0122563
0.0122574
0.0122553
0.0122518
0.0122498
0.0122509
0.0122486
0.0122455
0.0122427
0.0122434
0.0122419
0.0122383
0.0122359
0.0122366
0.0122351
0.0122312
0.0122286
0.0122309
0.0122275
0.0122259
0.0122269
0.0122244
0.0122206
0.0122187
0.0122198
0.0122171
0.0122138
0.0122122
0.0122132
0.0122108
0.0122069
0.012205
0.012206
0.012204
0.0122005
0.0121983
0.0121993
0.0121973
0.0121937
0.0121915
0.0121924
0.0121908
0.0121871
0.0121847
0.0121855
0.0121838
0.01218
0.012178
0.0121787
0.0121772
0.0121732
0.012171
0.0121717
0.0121703
0.0121672
0.0121694
0.012167
0.0121629
0.0121616
0.0121623
0.0121599
0.0121562
0.0121546
0.0121554
0.0121531
0.0121495
0.0121481
0.0121488
0.0121464
0.0121427
0.0121412
0.0121423
0.0121401
0.0121362
0.012134
0.0121354
0.0121336
0.0121297
0.0121278
0.0121285
0.0121265
0.0121232
0.0121212
0.012122
0.0121199
0.0121162
0.0121145
0.0121159
0.0121136
0.0121098
0.0121077
0.0121087
0.0121074
0.0121037
0.0121012
0.0121017
0.0121005
0.012097
0.0120944
0.0120954
0.0120938
0.0120904
0.0120878
0.0120886
0.0120875
0.0120836
0.0120814
0.0120824
0.012081
0.012077
0.012075
0.0120757
0.0120743
0.0120704
0.0120683
0.0120692
0.0120678
0.0120639
0.0120617
0.0120624
0.0120611
0.0120573
0.012055
0.0120558
0.0120545
0.0120506
0.0120482
0.0120493
0.0120481
0.0120438
0.0120419
0.0120427
0.0120415
0.0120375
0.0120353
0.0120361
0.012035
0.0120308
0.0120286
0.0120295
0.0120285
0.0120244
0.012022
0.0120249
0.0120219
0.0120189
0.0120155
0.0120166
0.0120156
0.0120116
0.0120093
0.0120103
0.0120093
0.0120053
0.0120029
0.012004
0.0120029
0.0119988
0.0119967
0.0119978
0.0119966
0.0119926
0.0119903
0.0119914
0.0119901
0.0119866
0.0119841
0.0119851
0.0119838
0.0119801
0.0119779
0.011979
0.0119777
0.0119738
0.0119717
0.0119726
0.0119714
0.0119674
0.0119655
0.0119665
0.011965
0.0119612
0.0119589
0.0119601
0.0119587
0.011955
0.0119527
0.0119535
0.0119523
0.0119488
0.0119466
0.0119473
0.011946
0.0119424
0.0119404
0.0119411
0.0119398
0.0119357
0.0119337
0.0119351
0.0119333
0.0119296
0.0119277
0.011929
0.0119269
0.0119234
0.0119216
0.0119227
0.011921
0.0119171
0.0119151
0.0119162
0.0119144
0.0119109
0.011909
0.0119103
0.0119084
0.0119047
0.0119028
0.0119038
0.0119016
0.011898
0.0118968
0.0118979
0.0118955
0.0118923
0.0118905
0.0118919
0.0118896
0.0118858
0.0118845
0.0118858
0.0118834
0.0118798
0.0118787
0.0118757
0.0118755
0.0118742
0.0118708
0.0118685
0.0118697
0.0118684
0.0118645
0.0118625
0.0118632
0.0118623
0.0118586
0.0118564
0.0118573
0.0118563
0.0118521
0.01185
0.0118517
0.0118496
0.011846
0.0118442
0.0118455
0.0118436
0.01184
0.0118383
0.0118398
0.0118376
0.0118334
0.0118324
0.0118333
0.0118311
0.0118276
0.011826
0.0118275
0.0118254
0.0118216
0.0118204
0.0118218
0.011819
0.0118163
0.0118127
0.0118105
0.0118119
0.0118105
0.0118067
0.0118045
0.0118057
0.0118045
0.011801
0.0117984
0.0118001
0.0117981
0.0117947
0.0117927
0.0117939
0.0117922
0.0117887
0.0117868
0.0117884
0.0117859
0.0117825
0.011781
0.0117822
0.0117801
0.0117763
0.0117751
0.0117767
0.0117746
0.0117712
0.0117677
0.0117654
0.0117669
0.0117654
0.0117619
0.0117597
0.011761
0.0117592
0.0117557
0.0117539
0.0117553
0.0117537
0.0117497
0.011748
0.0117495
0.0117477
0.0117435
0.0117423
0.0117437
0.0117414
0.0117377
0.0117364
0.0117382
0.0117361
0.0117326
0.0117292
0.011727
0.0117285
0.011727
0.0117236
0.0117214
0.0117227
0.0117213
0.0117172
0.0117155
0.0117167
0.0117151
0.0117114
0.0117097
0.0117112
0.0117088
0.0117055
0.011704
0.0117055
0.0117034
0.0117002
0.0116966
0.0116946
0.0116963
0.0116947
0.0116915
0.0116891
0.0116905
0.0116891
0.0116851
0.0116835
0.0116847
0.011683
0.0116793
0.0116778
0.0116791
0.011677
0.0116733
0.0116721
0.0116739
0.0116695
0.0116684
0.0116648
0.0116626
0.0116642
0.011663
0.0116587
0.0116572
0.0116585
0.0116571
0.0116534
0.0116515
0.0116532
0.0116506
0.0116472
0.0116459
0.0116475
0.0116455
0.0116421
0.0116388
0.0116367
0.0116383
0.0116369
0.0116336
0.0116311
0.0116326
0.011631
0.0116273
0.0116256
0.0116272
0.011625
0.0116217
0.0116201
0.0116217
0.0116196
0.0116162
0.011613
0.0116109
0.0116128
0.011611
0.0116078
0.0116054
0.0116072
0.0116054
0.0116018
0.0115998
0.0116014
0.0115992
0.011596
0.0115946
0.0115964
0.0115944
0.0115911
0.0115877
0.0115855
0.0115872
0.0115858
0.0115819
0.01158
0.0115817
0.01158
0.0115763
0.0115749
0.0115763
0.0115741
0.0115705
0.0115696
0.0115654
0.0115673
0.0115658
0.0115626
0.0115604
0.011562
0.0115602
0.0115566
0.0115549
0.0115563
0.0115542
0.0115508
0.0115495
0.0115514
0.0115473
0.0115464
0.0115428
0.0115407
0.0115421
0.0115407
0.0115371
0.011535
0.0115367
0.0115354
0.0115315
0.01153
0.0115317
0.0115297
0.0115266
0.011523
0.0115212
0.0115226
0.0115213
0.0115173
0.0115159
0.0115175
0.0115157
0.0115119
0.0115107
0.0115124
0.0115103
0.0115072
0.0115037
0.0115016
0.0115033
0.011502
0.0114985
0.0114965
0.011498
0.0114964
0.0114926
0.0114915
0.0114931
0.011491
0.011488
0.0114846
0.0114825
0.0114838
0.0114825
0.0114788
0.0114772
0.0114789
0.0114775
0.0114736
0.0114721
0.0114738
0.011472
0.011469
0.0114653
0.0114633
0.011465
0.0114632
0.0114601
0.0115194
0.0115142
0.0115088
0.011504
0.0114987
0.0114939
0.0114884
0.0114835
0.0114784
0.0114731
0.0114679
0.0114627
0.0114577
0.0114528
0.0114475
0.0114425
0.0114371
0.0114325
0.0114303
0.0114324
0.0114313
0.0114272
0.0114256
0.0114272
0.0114257
0.0114217
0.0114204
0.0114225
0.0114206
0.0114174
0.0114139
0.011412
0.0114137
0.0114118
0.0114086
0.0114069
0.0114087
0.0114066
0.0114033
0.0114024
0.0113981
0.0114002
0.0113989
0.0113949
0.0113934
0.011395
0.0113936
0.0113896
0.0113883
0.0113903
0.0113861
0.0113853
0.011382
0.0113799
0.0113817
0.0113801
0.0113766
0.0113751
0.0114557
0.0114504
0.0114453
0.0114403
0.0115511
0.0115463
0.0116572
0.0116521
0.0116468
0.0116417
0.0116366
0.0116314
0.0116262
0.0116212
0.0116161
0.0116111
0.011606
0.0116009
0.0115957
0.0115908
0.0115855
0.0115803
0.0115753
0.0115702
0.0115654
0.0115601
0.0115551
0.0115499
0.0115447
0.0115396
0.0115349
0.0115297
0.0115247
0.0115197
0.0115145
0.0115094
0.0115041
0.011499
0.0114942
0.011489
0.0115995
0.0115944
0.011589
0.0115842
0.011579
0.0115739
0.0115691
0.0115637
0.0115589
0.011554
0.0115487
0.0115433
0.0115383
0.0115333
0.0115284
0.0115234
0.0115184
0.0115132
0.0115082
0.011503
0.0116131
0.0116079
0.0116031
0.0115981
0.0115928
0.0115879
0.0115827
0.0115778
0.0115727
0.0115674
0.0115628
0.0115574
0.0115523
0.0115474
0.0115421
0.0115371
0.0115322
0.0115271
0.0115217
0.0115172
0.0115119
0.0115069
0.0115018
0.0114968
0.0114917
0.0114867
0.0114817
0.0114764
0.0114715
0.0114666
0.0114614
0.0114564
0.0114515
0.0114464
0.0114415
0.0114362
0.011431
0.011426
0.011421
0.0114161
0.0114112
0.011406
0.0114012
0.0113961
0.0113909
0.0115004
0.0114957
0.0114905
0.0114853
0.0114803
0.0114757
0.0114706
0.0114655
0.0114604
0.0114555
0.0114504
0.0114452
0.0114401
0.011435
0.0114301
0.0114252
0.0114202
0.0114154
0.0114105
0.0114052
0.0114002
0.0113953
0.0113902
0.011385
0.0113799
0.0113751
0.0113701
0.0113652
0.01136
0.0113552
0.0113501
0.0113451
0.0113401
0.0113351
0.01133
0.011325
0.0113201
0.0113153
0.0113101
0.0113049
0.0113003
0.011295
0.0112903
0.0112849
0.0112799
0.0112752
0.0112718
0.0112704
0.0112725
0.0113693
0.0113645
0.0113594
0.0113543
0.0113495
0.0114582
0.0114532
0.0114483
0.0114436
0.0114383
0.0114333
0.0114282
0.0114231
0.0114183
0.0114134
0.0114083
0.0114033
0.0113981
0.0113932
0.0113886
0.0113835
0.0113785
0.0113735
0.0113685
0.0113636
0.0113586
0.0113534
0.011399
0.0113938
0.0113888
0.0113838
0.0113783
0.0113736
0.0113687
0.0113636
0.0113584
0.0113536
0.0113484
0.0114566
0.0114518
0.0114467
0.0114416
0.0114365
0.0114314
0.0114264
0.0114213
0.0114164
0.0114113
0.0114061
0.0114012
0.0113961
0.0113908
0.011386
0.0113811
0.011376
0.0113707
0.0113657
0.0113608
0.0113559
0.0113509
0.0113455
0.0113408
0.0113355
0.0113304
0.0113253
0.0113204
0.0113155
0.0113103
0.0113053
0.0113003
0.0112955
0.0112901
0.0112851
0.0112802
0.0112751
0.0112703
0.0112652
0.01126
0.0113682
0.0113631
0.0113581
0.0113529
0.011348
0.0113429
0.011338
0.0113332
0.0113278
0.0113229
0.0113177
0.0114259
0.0114207
0.0114156
0.0114104
0.0114056
0.0114005
0.0113955
0.0113904
0.0113854
0.0114933
0.0114883
0.0114832
0.0114782
0.0114731
0.0114683
0.011463
0.011458
0.011453
0.0114478
0.0114429
0.0114378
0.0114326
0.0114275
0.0114228
0.0114177
0.0114127
0.0114076
0.0115152
0.0115103
0.0115054
0.0115001
0.0114951
0.0114903
0.011485
0.0114801
0.011475
0.0114699
0.0114651
0.0114599
0.011455
0.0114498
0.0114451
0.0114399
0.0114351
0.01143
0.011425
0.0114198
0.0114153
0.0114099
0.0114049
0.0114
0.0113948
0.0113899
0.0113849
0.0113798
0.0113748
0.01137
0.0113648
0.01136
0.0113549
0.01135
0.011345
0.01134
0.011335
0.01133
0.0114371
0.0114323
0.011427
0.011422
0.011417
0.011412
0.0114071
0.0114021
0.0113969
0.0113919
0.0113871
0.011382
0.0113773
0.0113721
0.0113673
0.0113623
0.0113572
0.0113523
0.0113473
0.0113423
0.0113375
0.0113325
0.0113272
0.0113225
0.0113174
0.0113122
0.0113074
0.0113025
0.0112976
0.0112925
0.0112878
0.0112825
0.0112775
0.0112728
0.0112677
0.0112627
0.0112579
0.011253
0.011248
0.011243
0.0112379
0.0112331
0.0112281
0.0112232
0.0112181
0.0112133
0.0112081
0.0112034
0.0113099
0.011305
0.0112999
0.0112949
0.0113278
0.0113155
0.0113031
0.0112908
0.0112785
0.0112661
0.0112602
0.0112556
0.0112505
0.0112456
0.0113156
0.0113035
0.0112911
0.0112788
0.0112665
0.0113653
0.0113531
0.0113407
0.0113284
0.0113161
0.0113037
0.0112913
0.0112791
0.011378
0.0113656
