0.943417
0.736966
0.736966
0.486966
0.536966
0.403632
0.308394
0.361966
0.292521
0.236966
0.28242
0.236966
0.275427
0.236966
0.203632
0.236966
0.207554
0.18141
0.21065
0.186966
0.213156
0.191511
0.215226
0.195299
0.216966
0.198504
0.18141
0.165537
0.150759
0.136966
0.156321
0.143216
0.130905
0.119318
0.108394
0.0980766
0.115344
0.105387
0.0959399
0.0869656
0.102819
0.0941084
0.109059
0.123329
0.114743
0.106531
0.0986677
0.0911323
0.0839044
0.0769656
0.0702989
0.0688837
0.0765882
0.0888174
0.0824202
0.0941085
0.0878428
0.0817932
0.0760545
0.0869656
0.0812279
0.0763278
0.0817042
0.0869125
0.0787662
0.0904212
0.086803
0.0979968
0.0943738
0.090854
0.0874335
0.0841879
0.0808737
0.0777267
0.0746637
0.0716811
0.0687761
0.078766
0.0758451
0.072997
0.0825649
0.0797043
0.0769126
0.0741874
0.0715263
0.0689272
0.0663877
0.0639061
0.0614802
0.059108
0.0567881
0.0545188
0.0522981
0.0501246
0.0479969
0.0459136
0.0541825
0.0520786
0.0500172
0.047997
0.0460168
0.0538793
0.0518804
0.0499201
0.0479969
0.0555441
0.0536044
0.0517007
0.0498318
0.0479969
0.0461951
0.0444255
0.0426872
0.0409794
0.0393013
0.0376521
0.0360311
0.0344375
0.0328709
0.0313302
0.0298151
0.0283248
0.0281335
0.0334809
0.031997
0.0305365
0.0290993
0.035497
0.0340434
0.0326123
0.0312031
0.0298152
0.0284481
0.0271015
0.025827
0.0318204
0.037778
0.0364028
0.0422415
0.040854
0.0394863
0.0381377
0.0368081
0.035497
0.0411004
0.0397778
0.0384731
0.0371861
0.0359164
0.0413303
0.0466723
0.0453653
0.0440754
0.0428021
0.0415453
0.0403047
0.0390797
0.0378703
0.0366762
0.0354969
0.0361555
0.0384943
0.0408044
0.0369887
0.0392799
0.0415435
0.037792
0.0400375
0.0422564
0.0385669
0.0407685
0.0429445
0.039315
0.0414743
0.0380719
0.0417083
0.0396539
0.0432405
0.0412005
0.039183
0.0371879
0.0352147
0.0332631
0.0313328
0.0348287
0.0329106
0.0310832
0.0348379
0.0385529
0.0374706
0.0417142
0.0407053
0.0448881
0.049028
0.0479969
0.0469766
0.0459664
0.0500172
0.0540271
0.0529969
0.051977
0.0509672
0.0499674
0.0489773
0.0479969
0.047026
0.0460646
0.04992
0.0537386
0.0527588
0.0517884
0.0508271
0.0498749
0.0489316
0.0479969
0.047071
0.0461537
0.0452446
0.0443441
0.0434515
0.0446579
0.0432718
0.0418983
0.0405371
0.0391878
0.0426872
0.0453356
0.0439832
0.0426424
0.0413134
0.0399959
0.0386897
0.0373948
0.0403844
0.0394863
0.038675
0.0378704
0.0370726
0.0362815
0.035497
0.0357208
0.0386185
0.0373771
0.0365215
0.0357521
0.0377786
0.0367169
0.0356721
0.0386517
0.0416076
0.0405558
0.0395123
0.0384772
0.0374501
0.0364311
0.035497
0.0347674
0.0340434
0.0362948
0.0352998
0.0343126
0.0371495
0.0361627
0.0351833
0.0342113
0.0332467
0.0322893
0.0313389
0.0303957
0.0294594
0.0322201
0.031284
0.0303548
0.0330821
0.032153
0.0312308
0.0339252
0.0330032
0.0320878
0.031179
0.0302765
0.0293806
0.028491
0.0276075
0.0267304
0.0293558
0.0284786
0.0310798
0.0302027
0.0293316
0.0284666
0.0310323
0.0301673
0.0293083
0.028455
0.0276076
0.0301329
0.0292854
0.0284438
0.0276076
0.026777
0.0292632
0.0284327
0.0276076
0.0267879
0.0292415
0.0284219
0.0276076
0.0267985
0.0259947
0.0284114
0.0276075
0.0269107
0.0263408
0.0257747
0.0252122
0.0246531
0.0260353
0.0252565
0.0244825
0.0268287
0.0260547
0.0252855
0.0245212
0.0268383
0.0260738
0.025367
0.0248262
0.0268477
0.0260924
0.0283628
0.0276076
0.0268568
0.0261106
0.0253688
0.0246314
0.0268657
0.0261282
0.0253952
0.0246664
0.0239501
0.0234356
0.022924
0.0247006
0.0268829
0.0261625
0.0254462
0.024734
0.0240259
0.0233218
0.0254708
0.0247666
0.0240665
0.0233703
0.0254949
0.0247986
0.0269073
0.0274684
0.0266592
0.0286323
0.0278243
0.0270208
0.0262218
0.025427
0.0246368
0.0265831
0.0285187
0.0277265
0.0296485
0.0288575
0.0280707
0.0272882
0.0265098
0.0257357
0.0276323
0.0268592
0.0260903
0.0253254
0.0245646
0.0238077
0.0230548
0.0223059
0.0241718
0.0260281
0.0278746
0.027121
0.0289552
0.0282027
0.027454
0.0292732
0.0285257
0.030333
0.0295865
0.0288766
0.0282405
0.0276076
0.0294967
0.0288638
0.0282341
0.0301075
0.0319716
0.0313389
0.0331907
0.0325581
0.0343977
0.0362282
0.0355928
0.0349604
0.0343313
0.0337051
0.033082
0.032462
0.0318449
0.0312307
0.0306196
0.0324152
0.0319296
0.031224
0.0305908
0.0299885
0.0317643
0.0311621
0.0329267
0.034683
0.0364311
0.0358235
0.0352188
0.0346169
0.0340178
0.0334216
0.032828
0.0322372
0.0316491
0.0333679
0.0327799
0.0321947
0.0316121
0.0310322
0.0304549
0.0298802
0.0293083
0.0287387
0.0281719
0.0276076
0.0270458
0.0264865
0.0259297
0.0253755
0.0248236
0.0242742
0.0237272
0.0231827
0.0226406
0.022101
0.0215636
0.0210287
0.0204959
0.0199656
0.0216163
0.0210857
0.0227269
0.0221964
0.0238279
0.0232972
0.0227688
0.0222428
0.0217189
0.023334
0.0249424
0.0244161
0.023892
0.0233703
0.0228507
0.0223333
0.0218181
0.021305
0.0207942
0.0223774
0.0218664
0.023441
0.0250087
0.0244955
0.0239844
0.0234753
0.0229684
0.0224636
0.0219608
0.0235093
0.0230064
0.0225055
0.0220068
0.02151
0.0210152
0.0205225
0.0200318
0.019543
0.0190562
0.0185714
0.0200925
0.0196075
0.0211205
0.0206354
0.0201523
0.0196711
0.0191917
0.0206906
0.0202111
0.0197335
0.0192578
0.0207448
0.020269
0.0217482
0.0232216
0.0227438
0.0222678
0.0237316
0.0232555
0.0227813
0.0242357
0.0256844
0.0252082
0.024734
0.0242615
0.0256991
0.0271314
0.026657
0.0280819
0.0295015
0.0290254
0.028551
0.0299616
0.0294873
0.0290146
0.0285439
0.0280747
0.0276076
0.027142
0.0266782
0.0262161
0.0257557
0.025297
0.02484
0.0262263
0.0276076
0.0289837
0.0285232
0.0280646
0.0294324
0.0307952
0.0303348
0.0298762
0.0294191
0.0289637
0.0285102
0.028058
0.0276075
0.0271587
0.0267115
0.0262659
0.0258219
0.0253794
0.0249385
0.0244992
0.0258345
0.0253952
0.0249574
0.0245212
0.0240865
0.0236532
0.0232216
0.0245427
0.024111
0.0236808
0.0232521
0.0228249
0.0241354
0.023708
0.0232823
0.022858
0.0224351
0.0237349
0.023312
0.0228906
0.0224706
0.022052
0.0216349
0.0229228
0.0225056
0.0220897
0.0233703
0.0246465
0.0242292
0.0238133
0.0233988
0.0229857
0.0225741
0.0221637
0.0234271
0.0230165
0.0226076
0.0221999
0.0217937
0.0213887
0.0209851
0.0205827
0.0201818
0.0197821
0.0210286
0.0206289
0.0202305
0.0198334
0.0194376
0.0190431
0.0186498
0.018258
0.0194907
0.0190986
0.0187079
0.0183184
0.0179302
0.0175431
0.0171574
0.0167729
0.0163896
0.0160075
0.0156267
0.0152472
0.0148687
0.0144915
0.0141154
0.0137407
0.013367
0.0145744
0.0142006
0.0154029
0.015029
0.0146562
0.0158521
0.0154792
0.0151076
0.014737
0.0143677
0.0139995
0.0151852
0.0163673
0.0159977
0.0171748
0.0168051
0.0164366
0.0160691
0.0172389
0.0168714
0.0180364
0.0191978
0.018829
0.0184611
0.0196167
0.0192489
0.0188822
0.0200317
0.019665
0.0192994
0.0189348
0.0185714
0.018209
0.0178478
0.0189868
0.0201225
0.01976
0.0193986
0.0190383
0.018679
0.0183208
0.0179636
0.019089
0.0187318
0.0198527
0.0194955
0.0191392
0.018784
0.0198984
0.019543
0.0191889
0.0188357
0.0184835
0.0181324
0.0177822
0.0174332
0.0170851
0.0181872
0.0192863
0.018937
0.0185888
0.0196825
0.0193343
0.0189868
0.0200753
0.0197279
0.0193815
0.0190362
0.0186917
0.0183483
0.0180058
0.0190848
0.0187423
0.0184008
0.0194747
0.019133
0.0202028
0.019861
0.0195203
0.0191805
0.0202442
0.0199044
0.0195656
0.0206243
0.0216801
0.0213402
0.022392
0.0220519
0.021713
0.0213749
0.0210377
0.0207015
0.0203661
0.0200318
0.0196983
0.0193658
0.0190341
0.0187034
0.0183736
0.0194109
0.019081
0.018752
0.0197844
0.0208141
0.0204841
0.020155
0.0198268
0.0194994
0.0191731
0.0188474
0.0185227
0.0181988
0.017876
0.017554
0.0172327
0.0169124
0.0165929
0.0176076
0.017288
0.0169693
0.0179793
0.0176606
0.0173426
0.0170256
0.0167093
0.0177131
0.0173967
0.0170812
0.0167666
0.0164527
0.0174503
0.0184452
0.0194376
0.0191219
0.0188071
0.018493
0.0181797
0.0178673
0.0175557
0.0172449
0.0169349
0.0166256
0.0163172
0.0160096
0.0157028
0.0153968
0.0150915
0.0147871
0.0144834
0.0141805
0.0138783
0.0135769
0.0145502
0.0142488
0.0139481
0.0136482
0.013349
0.0132915
0.013312
0.013333
0.0133538
0.0133744
0.0133947
0.0134158
0.0134357
0.0134562
0.013477
0.0134975
0.0135174
0.0135373
0.0135579
0.0135778
0.0135981
0.013618
0.0136381
0.0136584
0.0136777
0.0136979
0.0137174
0.0137374
0.0137569
0.0137767
0.0137966
0.0138158
0.013835
0.012632
0.0126531
0.0126739
0.0126944
0.0127153
0.0127361
0.0127566
0.0127773
0.012798
0.0128189
0.0128389
0.0128596
0.0129393
0.0130523
0.0131651
0.0132778
0.0133899
0.013502
0.0136138
0.0137251
0.0138364
0.0139472
0.0130808
0.0131001
0.0131199
0.0132022
0.0133132
0.013424
0.0135345
0.0136446
0.0137547
0.0138644
0.013974
0.0140831
0.0141922
0.013334
0.0133535
0.0133725
0.0134572
0.0135662
0.013675
0.0137836
0.0138919
0.0139999
0.0141077
0.0142153
0.0143226
0.0144296
0.0145364
0.0135999
0.0136182
0.0137045
0.0138116
0.0127704
0.0128784
0.0129948
0.0131744
0.0133536
0.0135323
0.0137106
0.0138885
0.0129284
0.0131068
0.0132849
0.0134624
0.0136396
0.0138164
0.0139928
0.0141687
0.0143443
0.0145196
0.0135695
0.0137451
0.0139204
0.0129744
0.0128502
0.0129554
0.0130603
0.0120491
0.0121548
0.0122603
0.0123656
0.0124707
0.0125755
0.0126802
0.0127844
0.0128886
0.0129924
0.0130962
0.0131994
0.0133028
0.0134057
0.0124098
0.0125133
0.0126169
0.0127202
0.0128232
0.0129261
0.0130287
0.013131
0.0132333
0.0133352
0.0134369
0.0135731
0.0136397
0.0137407
0.0138415
0.0139421
0.0140425
0.0141428
0.0142427
0.013266
0.0133668
0.0134673
0.0135675
0.0136675
0.0137674
0.013867
0.0139664
0.0141085
0.0132086
0.0133754
0.0124782
0.0126455
0.0124353
0.0125356
0.0126355
0.0127352
0.0117777
0.0118782
0.0119783
0.0120785
0.0121783
0.0122778
0.0123773
0.0125273
0.0126923
0.0128569
0.0130212
0.0128713
0.0129695
0.0130674
0.0131651
0.0132627
0.01336
0.0134572
0.0135543
0.0136508
0.0137473
0.0128097
0.0129068
0.0130038
0.0131007
0.0131974
0.0122649
0.0123621
0.0124593
0.0115734
0.0116282
0.0117258
0.0118232
0.0119202
0.0120173
0.0121139
0.0122104
0.0123067
0.0124047
0.0125645
0.0127242
0.0128835
0.0130424
0.013201
0.0133593
0.0125083
0.0126669
0.0128254
0.0129834
0.0131412
0.0132985
0.0134556
0.0126103
0.0117668
0.0119249
0.0120828
0.0122404
0.0123976
0.0125545
0.012711
0.0128673
0.0120302
0.0121869
0.0123432
0.0124992
0.012655
0.0128103
0.0129655
0.0131203
0.0132747
0.0124446
0.0125995
0.012754
0.0129083
0.0130623
0.0132159
0.0133692
0.0125448
0.0126984
0.0128518
0.0130049
0.0131577
0.0133103
0.0124906
0.0126434
0.012796
0.0129483
0.0122685
0.012378
0.0124873
0.0125965
0.0127053
0.012814
0.0129226
0.0130308
0.0131389
0.0122871
0.0123956
0.012504
0.0116552
0.0117642
0.0118728
0.0119813
0.0120894
0.0121976
0.0123053
0.012413
0.0115708
0.0107301
0.010839
0.0109476
0.0110558
0.0111641
0.0112722
0.0113798
0.0114875
0.0106532
0.0107612
0.00992936
0.0100379
0.0101462
0.0102544
0.00942588
0.0095346
0.0096429
0.0097512
0.0098592
0.00924385
0.00926274
0.00928199
0.00935984
0.00946772
0.00933909
0.00935811
0.0093767
0.00939512
0.00960881
0.00943303
0.0100283
0.0106983
0.0104463
0.0111146
0.0108626
0.0106111
0.0103601
0.0101095
0.00985932
0.00962704
0.0102745
0.010025
0.0106882
0.0104387
0.0101897
0.0108509
0.010602
0.0103534
0.0101054
0.00994265
0.00997365
0.0102687
0.0100358
0.0100669
0.0104312
0.0101847
0.0101596
0.010593
0.0103469
0.0102519
0.0102826
0.0105081
0.0103437
0.0103744
0.0104045
0.0104348
0.0104654
0.0104957
0.010526
0.010556
0.0100973
0.0098545
0.00975811
0.00978869
0.00981951
0.00984997
0.00988054
0.00991124
0.00994164
0.00997198
0.0100024
0.0100327
0.0100629
0.010093
0.0101233
0.0101532
0.0101835
0.0102135
0.0102431
0.0102733
0.0103029
0.0103327
0.0103624
0.010392
0.010422
0.0104514
0.0104809
0.0105103
0.0105399
0.0105693
0.0107098
0.0113738
0.0111716
0.0118341
0.0124953
0.0122926
0.0120903
0.0118883
0.0116867
0.0114855
0.0112846
0.011084
0.0108837
0.0115407
0.0113404
0.0111405
0.0109408
0.0115955
0.011396
0.0120491
0.0118495
0.0116501
0.0114511
0.0112524
0.0110541
0.0117043
0.0115058
0.0113078
0.0111101
0.011758
0.0115603
0.0113629
0.0120089
0.0118114
0.0116143
0.0114176
0.011221
0.0110248
0.010829
0.0106335
0.0104384
0.0110803
0.0108851
0.0106902
0.0113304
0.0111355
0.0109408
0.0115793
0.0122166
0.0120215
0.0118269
0.0116324
0.0114384
0.0112447
0.0110513
0.0116853
0.0121722
0.0127707
0.0125431
0.0123159
0.0129129
0.0126858
0.012459
0.0122327
0.0120067
0.0126014
0.0123755
0.0121499
0.0119246
0.0125175
0.0131094
0.0137003
0.0134746
0.0132492
0.0130242
0.0127996
0.0125754
0.0131639
0.0137513
0.0135269
0.0141131
0.0138887
0.0136646
0.013441
0.0132176
0.0129946
0.0127721
0.0125498
0.0123279
0.0129108
0.0126891
0.0124676
0.0122465
0.0128276
0.0126067
0.012386
0.0121656
0.0119456
0.0125247
0.0123048
0.0120852
0.011866
0.0116472
0.0122241
0.0120054
0.0117869
0.0123624
0.012144
0.011926
0.0117083
0.012282
0.0128549
0.0134269
0.0139979
0.0145681
0.0151374
0.0149183
0.0146997
0.0152675
0.0150488
0.0156155
0.015397
0.0159624
0.015744
0.0163083
0.0160899
0.0166531
0.0164348
0.0162167
0.0167785
0.0173395
0.0171212
0.0169034
0.0174628
0.0172451
0.0170277
0.0168106
0.0173683
0.0171514
0.0169346
0.0167183
0.0165023
0.0162866
0.0160712
0.0158561
0.0156415
0.0161963
0.0159818
0.0165355
0.0163209
0.0161067
0.0166591
0.0164449
0.0162311
0.0160176
0.0158044
0.0163549
0.0161418
0.0166913
0.0164781
0.0162654
0.0168135
0.0166008
0.0163885
0.0169352
0.016723
0.0165111
0.0162994
0.0160881
0.016633
0.0164218
0.0162109
0.0160003
0.01579
0.0155801
0.0153704
0.015913
0.0164547
0.0162449
0.0167855
0.0173254
0.0171154
0.0176543
0.0174443
0.0172346
0.0170253
0.0175626
0.0173534
0.0171444
0.0169358
0.0174715
0.017263
0.0177977
0.0175892
0.0181229
0.0179145
0.0177063
0.0174985
0.0172911
0.017823
0.0176155
0.0174084
0.017939
0.017732
0.0182617
0.0180547
0.0185832
0.0183764
0.0181698
0.0179635
0.0177574
0.0175517
0.0173463
0.0171412
0.0169364
0.0167319
0.0172575
0.0170531
0.016849
0.0166451
0.0164415
0.0162383
0.0160354
0.0165589
0.0163561
0.0161534
0.0159511
0.0157492
0.0155474
0.0153459
0.0158674
0.015666
0.0154649
0.015985
0.0157841
0.0163032
0.0168217
0.0166205
0.0164196
0.0169368
0.0167361
0.0165355
0.0170516
0.0168511
0.0166509
0.0171657
0.0169656
0.0167657
0.0172794
0.0170797
0.0175924
0.0173927
0.0171933
0.0177048
0.0175054
0.018016
0.0178166
0.0183263
0.018127
0.0186357
0.0184366
0.0189444
0.0187452
0.0185463
0.0183478
0.0181495
0.0186557
0.0184575
0.0182595
0.0187646
0.0192689
0.0197726
0.0195743
0.020077
0.0198787
0.0203806
0.0201824
0.0199844
0.0197868
0.0202873
0.0200897
0.0198925
0.0196953
0.0194986
0.0199975
0.0198008
0.0196045
0.0194083
0.0192124
0.0190169
0.0188215
0.0186265
0.0191233
0.0189283
0.0194241
0.0199194
0.0197242
0.0195293
0.0193347
0.0191404
0.0196341
0.0194398
0.0199326
0.0204247
0.0209162
0.0207216
0.0212122
0.0210176
0.0208234
0.0206293
0.0204355
0.020242
0.0200488
0.0205375
0.0210255
0.0208322
0.0206391
0.0204462
0.0202537
0.0200614
0.0205477
0.0203555
0.0201634
0.0199717
0.0197802
0.019589
0.0200737
0.0198826
0.0203664
0.0201753
0.0199845
0.0197939
0.0196036
0.0194135
0.0192237
0.0190341
0.0195159
0.0193264
0.0191372
0.0189482
0.0187595
0.018571
0.0183827
0.0188627
0.0186746
0.0184866
0.0182989
0.0181115
0.0179243
0.0177374
0.0182155
0.0180287
0.0185061
0.0189828
0.0187958
0.018609
0.0184225
0.0188981
0.019373
0.0198473
0.0203209
0.020134
0.0199471
0.0204198
0.020233
0.0207049
0.0211762
0.0209892
0.0208026
0.021273
0.0217425
0.0215558
0.0220246
0.0224928
0.0229603
0.0234274
0.0232401
0.0230532
0.0235192
0.0233322
0.0237974
0.0236106
0.0234239
0.0232376
0.0230514
0.0235153
0.0239785
0.0244412
0.0242548
0.0240687
0.0238827
0.023697
0.0235115
0.0233263
0.0237873
0.0236021
0.0234172
0.0232325
0.023048
0.0228639
0.0233234
0.0231392
0.0229554
0.0227715
0.0225882
0.022405
0.022222
0.0220393
0.0218568
0.0216745
0.0214924
0.0213106
0.0211291
0.0209478
0.0207666
0.0212231
0.021042
0.0214977
0.0213168
0.021136
0.0209554
0.0207751
0.0205951
0.0204152
0.0202355
0.0200562
0.019877
0.019698
0.0195193
0.0193408
0.0197939
0.0196155
0.0194372
0.0192592
0.0190814
0.018904
0.0187266
0.0185495
0.0190008
0.0188237
0.0192742
0.0190972
0.0189205
0.0187439
0.0185676
0.0190169
0.0188406
0.0186645
0.0184887
0.0189369
0.0193846
0.0192086
0.0190328
0.0188574
0.0186821
0.0185069
0.0183321
0.0187781
0.0186033
0.0190487
0.0194935
0.0193186
0.0191438
0.0189693
0.018795
0.0192387
0.0196817
0.0195072
0.019333
0.019159
0.0189853
0.0188118
0.0186384
0.0190799
0.0195208
0.0193474
0.0191742
0.0190012
0.0188283
0.0192681
0.0197074
0.0195344
0.0193617
0.0191892
0.0196273
0.019455
0.0192827
0.0191106
0.0189387
0.0187672
0.0185958
0.0190325
0.0194687
0.0192971
0.0191258
0.0195611
0.0193899
0.0192188
0.0196533
0.0194822
0.0199161
0.0197451
0.0201782
0.0200073
0.0204397
0.0202687
0.0200981
0.0205297
0.0209607
0.02079
0.0206195
0.020449
0.0202789
0.020109
0.0199392
0.0197697
0.0196004
0.0194312
0.0192623
0.0190935
0.018925
0.0187567
0.0185885
0.0190169
0.0188488
0.0186809
0.0191085
0.0189406
0.0193675
0.0191997
0.0190321
0.0194582
0.0198838
0.019716
0.0195485
0.0199733
0.0198058
0.0196386
0.0200625
0.020486
0.0203186
0.0201514
0.0199845
0.0198177
0.0196511
0.0194847
0.0193185
0.0191526
0.0195742
0.0194083
0.0192426
0.0190771
0.0189117
0.0187465
0.0191669
0.019587
0.0194217
0.0192567
0.0190918
0.0189271
0.0193461
0.0191813
0.0190169
0.0188526
0.0186886
0.0185247
0.018361
0.0181975
0.0186148
0.0184514
0.0188681
0.0187047
0.0191209
0.0189574
0.0187943
0.0192097
0.0190465
0.0188836
0.0192982
0.0197123
0.0201259
0.0199627
0.0203757
0.0207883
0.020625
0.0204618
0.020299
0.0201362
0.0199736
0.0198113
0.0202225
0.0200601
0.019898
0.0197361
0.0195743
0.0194127
0.0198227
0.0196612
0.0194998
0.0193387
0.0191777
0.0195867
0.0194257
0.0192649
0.0196732
0.0195125
0.019352
0.0191916
0.0190315
0.0194387
0.0192785
0.0196851
0.0200913
0.0199311
0.0203366
0.0201764
0.0205814
0.0204213
0.0208256
0.0206656
0.0205056
0.0203459
0.0201863
0.0200269
0.0198678
0.0197087
0.0201117
0.0199527
0.0197939
0.0196353
0.0194768
0.0193185
0.0191604
0.0195622
0.0194041
0.0198051
0.0196471
0.0194893
0.0193318
0.0191742
0.0190169
0.0188597
0.0187027
0.0191025
0.0189456
0.0187888
0.0191878
0.0190311
0.0194295
0.0192729
0.0191164
0.0195141
0.0193576
0.0192013
0.0195984
0.0194421
0.0198385
0.0196823
0.0195263
0.0193704
0.0192147
0.0190592
0.0194546
0.0192991
0.0196939
0.0195384
0.0193832
0.0192281
0.019622
0.0194669
0.0198603
0.0197054
0.0195505
0.0193958
0.0192413
0.019087
0.0189328
0.0187789
0.018625
0.0184713
0.0183178
0.0181645
0.0180113
0.0178584
0.0182496
0.0186404
0.0184873
0.0183344
0.0181817
0.0180291
0.0178766
0.0177243
0.0175723
0.0174204
0.0178098
0.0176579
0.0175061
0.0173545
0.0177432
0.0175917
0.0174403
0.017289
0.017138
0.0169871
0.0168364
0.0166859
0.0165355
0.0163853
0.0162352
0.0160853
0.016472
0.0168583
0.0172443
0.0170941
0.0169442
0.0173294
0.0171795
0.0175642
0.0174143
0.0177985
0.0176486
0.0174989
0.0173494
0.0177328
0.0175833
0.017434
0.0172847
0.0171357
0.0169868
0.0168381
0.0166896
0.0165411
0.016393
0.0162448
0.0160969
0.0159492
0.0158015
0.016183
0.0160353
0.0164163
0.0162686
0.0161212
0.0159741
0.0163541
0.0162069
0.0165864
0.0164393
0.0162923
0.0161454
0.0165242
0.0169026
0.0167556
0.0171335
0.0169866
0.0168398
0.0166932
0.0165468
0.0169237
0.0167773
0.016631
0.0164849
0.0163389
0.0161931
0.0160475
0.015902
0.0157566
0.0161322
0.015987
0.0158418
0.0156967
0.0155519
0.0154072
0.0152626
0.0156371
0.0160112
0.0163849
0.0162402
0.0160956
0.0159511
0.0158067
0.0156626
0.0160354
0.0158912
0.0157472
0.0156034
0.0159754
0.0158315
0.0156879
0.0155444
0.0159158
0.0157722
0.0156288
0.0154856
0.0153426
0.0151997
0.01557
0.0154272
0.0152844
0.0151418
0.0149994
0.0148571
0.0152265
0.0155954
0.0154531
0.0153109
0.0156792
0.0160472
0.0159049
0.0157627
0.0156208
0.0154788
0.0153372
0.0151955
0.0150541
0.0154209
0.0152795
0.0151382
0.0149971
0.0148561
0.0147152
0.0145745
0.0144436
0.0147997
0.014659
0.0150242
0.0148838
0.0147434
0.015108
0.0149676
0.0148274
0.0151914
0.0150512
0.0154147
0.0152746
0.0156376
0.0154997
0.0153951
0.0157929
0.0156882
0.0155838
0.0154793
0.015375
0.0152708
0.0151666
0.0150627
0.0149587
0.0148549
0.0152509
0.0151471
0.0150434
0.0149398
0.0148363
0.0152313
0.0151277
0.0155222
0.0157112
0.0155725
0.015434
0.0157926
0.0156541
0.0160123
0.0158738
0.0157354
0.0155972
0.0154592
0.0158165
0.0156785
0.0155405
0.0158973
0.0157595
0.0156217
0.0154841
0.0153466
0.0152094
0.0150721
0.014935
0.0147981
0.0146613
0.0145246
0.0143881
0.0142518
0.0146069
0.0149617
0.0148252
0.0151795
0.0150431
0.015397
0.0152606
0.015614
0.0154776
0.0153413
0.0152052
0.015558
0.0154219
0.0157742
0.0156382
0.0155022
0.0153664
0.0152307
0.0150952
0.0149598
0.0148245
0.0146894
0.0150405
0.0149053
0.0147703
0.0151209
0.014986
0.0148511
0.0147164
0.0145819
0.0144475
0.0147972
0.0146627
0.0145285
0.0148776
0.0147433
0.0150921
0.0154405
0.0153062
0.0151719
0.0150379
0.0153856
0.0152516
0.0151177
0.0149839
0.0148502
0.0147167
0.0150636
0.0149301
0.0152765
0.0156227
0.015489
0.0153556
0.0152223
0.0155678
0.0154344
0.0153013
0.0156463
0.0155132
0.0158576
0.0157245
0.0155916
0.0154586
0.0153259
0.0151933
0.015537
0.0158804
0.0162235
0.0160906
0.015958
0.0158255
0.0156931
0.0155607
0.0154286
0.0152966
0.0151647
0.0150328
0.0149012
0.0147696
0.0146382
0.014507
0.0148484
0.0151895
0.0150582
0.0149269
0.0147958
0.0151362
0.0150052
0.0153452
0.015685
0.0155538
0.0154228
0.0152919
0.0151611
0.0150304
0.0148998
0.0147694
0.0146391
0.0149778
0.0148475
0.0147173
0.0150555
0.0149254
0.0147954
0.015133
0.015003
0.0148731
0.0147433
0.0146137
0.0144842
0.0143548
0.0142256
0.0140965
0.014433
0.0143039
0.0141749
0.014046
0.0139172
0.0142531
0.0141243
0.0139957
0.0138673
0.0137389
0.0136107
0.0134825
0.0138174
0.0141521
0.0140239
0.0138958
0.0137678
0.01364
0.013974
0.013846
0.0137184
0.0135908
0.0134633
0.0133359
0.0132087
0.0135417
0.0134146
0.0137472
0.0136201
0.0139523
0.0142843
0.0146159
0.0144885
0.0143613
0.0142342
0.0141072
0.0139802
0.0138535
0.0141842
0.0140575
0.0139309
0.0142612
0.0141345
0.014008
0.0138817
0.0137554
0.0140851
0.0144144
0.0142881
0.0141618
0.0140357
0.0139097
0.0137838
0.013658
0.0135324
0.0138608
0.0137351
0.0136096
0.0134842
0.0133589
0.0132337
0.0131086
0.0134361
0.0133111
0.0131862
0.0130613
0.0129367
0.0128121
0.0126876
0.0130143
0.0133408
0.0132161
0.0130917
0.0129674
0.0128432
0.012719
0.0125951
0.0124713
0.0123475
0.0126728
0.012549
0.0124254
0.0127503
0.0126267
0.0125032
0.0128277
0.0127042
0.0130282
0.0129048
0.0127814
0.0126582
0.012535
0.012412
0.0122892
0.0121663
0.0120436
0.0119211
0.0117986
0.0116762
0.0115539
0.0118766
0.0121991
0.0120767
0.0123987
0.0122765
0.012598
0.0124757
0.0123537
0.0122315
0.0121095
0.0119877
0.0123087
0.0121868
0.0120652
0.0119435
0.011822
0.0121423
0.0124623
0.0123407
0.0122193
0.0120979
0.0119767
0.0118555
0.0117344
0.0116135
0.0114926
0.0113719
0.0112513
0.0111308
0.0110104
0.0108901
0.0112087
0.0110884
0.0109683
0.0108482
0.0107282
0.0106083
0.0104886
0.0103689
0.0102494
0.0101299
0.0100105
0.00989133
0.00977224
0.00965321
0.0095343
0.0098514
0.00973254
0.0100492
0.00993037
0.00981152
0.00969285
0.00957429
0.00989038
0.00977188
0.00965339
0.00953507
0.00941676
0.00929868
0.00961411
0.00949597
0.0093779
0.00925994
0.00914216
0.00902444
0.00890678
0.00878924
0.00867188
0.00898635
0.00886893
0.00875163
0.00863445
0.00851732
0.00840032
0.00828338
0.00859708
0.00848025
0.00879359
0.00910658
0.00898969
0.00887287
0.00918549
0.00906861
0.00895184
0.00883526
0.00871867
0.00860226
0.00891423
0.00879782
0.00868148
0.00856525
0.00844914
0.00833315
0.00821722
0.00810134
0.00841248
0.00829673
0.00818098
0.0080654
0.00794983
0.00826031
0.0081448
0.00845492
0.00833946
0.00822407
0.00853378
0.00841838
0.00830317
0.00818795
0.00849724
0.00838202
0.00826699
0.00815201
0.00846076
0.00876909
0.00865418
0.00853926
0.00884724
0.00873232
0.00861746
0.00850272
0.00881022
0.00869554
0.00858092
0.00846642
0.00835198
0.00823766
0.00812346
0.00800937
0.00831598
0.00862241
0.00850827
0.00881433
0.00912017
0.0090059
0.00889176
0.00877774
0.00866377
0.00854981
0.00843602
0.00832236
0.00820881
0.00809532
0.00840008
0.00870472
0.00859118
0.00847775
0.00836432
0.00866842
0.00855505
0.00844181
0.00832862
0.00821561
0.0081026
0.00798976
0.00787693
0.00776428
0.00765163
0.00795472
0.00784218
0.00814497
0.00844759
0.00833488
0.0082224
0.00852454
0.00841194
0.00829947
0.00818712
0.00807482
0.0079627
0.00826424
0.00856543
0.00886649
0.00916713
0.00946766
0.00976789
0.0096553
0.00954288
0.00984275
0.00973034
0.0100299
0.0103291
0.0102166
0.0105155
0.0104031
0.0107017
0.0105893
0.0104769
0.0107751
0.0110731
0.0109606
0.0108484
0.0107361
0.0106239
0.0105119
0.0103999
0.010288
0.0101762
0.0100645
0.0103617
0.0102499
0.0101383
0.0100268
0.00991547
0.00980413
0.0101005
0.0099892
0.0102854
0.0101741
0.0100629
0.00995177
0.0102474
0.0101364
0.0100253
0.0099144
0.00980359
0.00969291
0.00958222
0.00947171
0.00936127
0.00925082
0.00914061
0.00943524
0.00932503
0.00921476
0.00910467
0.0089947
0.00888473
0.008775
0.00866526
0.00855559
0.00884938
0.00873977
0.00863028
0.00852078
0.00841147
0.00830215
0.00819296
0.00848609
0.00837696
0.00826788
0.00815886
0.00845158
0.00834256
0.00823361
0.00812489
0.00801617
0.00790745
0.00819951
0.00809097
0.00798243
0.00787395
0.00776553
0.00765735
0.00754911
0.00784051
0.00813174
0.0080235
0.00831437
0.00860506
0.00889546
0.00878704
0.00907719
0.00896883
0.00925857
0.00915027
0.00943977
0.00933141
0.0092231
0.00951231
0.009404
0.00969285
0.00958461
0.00947654
0.00936842
0.00926048
0.00954884
0.00944084
0.00933295
0.00922519
0.00911754
0.0090099
0.00890231
0.00918996
0.0090825
0.00936985
0.00926238
0.00915498
0.00904763
0.00933456
0.00922722
0.00911999
0.00901282
0.00890577
0.00879884
0.00908512
0.00897819
0.00887132
0.00876451
0.00905037
0.00894356
0.00883693
0.00873035
0.00901574
0.00930107
0.00919431
0.0090878
0.00898123
0.00926602
0.00915956
0.00905317
0.00894684
0.00923121
0.00912488
0.00940901
0.00930268
0.00919646
0.00909036
0.00937402
0.00965744
0.00955129
0.00944513
0.00933915
0.00923324
0.00951612
0.0094102
0.00969285
0.00958687
0.00986934
0.00976342
0.00965762
0.00955194
0.00983381
0.00972807
0.0100098
0.0102912
0.0105724
0.0104666
0.0103608
0.010255
0.0101495
0.010044
0.0103247
0.0102192
0.0101137
0.0100084
0.00990319
0.00979799
0.00969285
0.00958788
0.00948298
0.00937802
0.00965786
0.00955307
0.00944829
0.00934362
0.00923902
0.00913447
0.00941384
0.00969285
0.0095883
0.00948381
0.00937933
0.00927502
0.00955367
0.0094493
0.00934511
0.00924093
0.00913686
0.00903279
0.00931084
0.00920689
0.00948471
0.0093807
0.00927681
0.00917298
0.0090692
0.00934654
0.00924283
0.00951988
0.00941616
0.00931251
0.00920898
0.00910544
0.00938201
0.00965834
0.00993448
0.00983089
0.00972742
0.0100031
0.00989962
0.0097962
0.0100716
0.00996828
0.00986493
0.00976169
0.00965852
0.00993347
0.00983036
0.00972724
0.00962418
0.00952125
0.00941843
0.00969291
0.00959003
0.00948727
0.00976139
0.00965863
0.00955588
0.00945342
0.00935084
0.00924838
0.00914603
0.00904375
0.00894159
0.00883943
0.00873739
0.0086354
0.00890863
0.00918156
0.00907952
0.00935221
0.00962478
0.00952274
0.00942075
0.00969291
0.0095908
0.00948894
0.00938714
0.00928533
0.00918365
0.00908208
0.00898051
0.00887907
0.00877774
0.00867641
0.00857514
0.00847399
0.0083729
0.00827193
0.0081709
0.00844198
0.00871277
0.00861186
0.00851089
0.00878143
0.00868052
0.00857967
0.00847894
0.00837827
0.00827765
0.00817716
0.00807667
0.00834656
0.00824612
0.00851578
0.00841528
0.00868469
0.00858426
0.00848383
0.00875288
0.00865257
0.00892133
0.00882101
0.00872076
0.00862062
0.00888896
0.00878876
0.00905687
0.00895673
0.00885665
0.0087567
0.0086568
0.0085569
0.00845718
0.00835747
0.00825781
0.00815821
0.00805879
0.00832611
0.00822663
0.00849366
0.00876045
0.00866097
0.00856155
0.00882798
0.00872862
0.00899488
0.00926089
0.00916141
0.00906199
0.00896263
0.00886339
0.00876421
0.00866508
0.00856602
0.00846702
0.0087325
0.00863349
0.00853449
0.00843579
0.00833702
0.00823832
0.0085032
0.00842413
0.0086692
0.00857055
0.00847191
0.00837344
0.00827497
0.0085392
0.00880319
0.00870466
0.00896841
0.00887001
0.0087716
0.00867331
0.00893664
0.0088383
0.00910145
0.00900316
0.00890493
0.00880671
0.0090695
0.00897133
0.00887328
0.00913572
0.00939804
0.00929993
0.00920182
0.00910383
0.00936574
0.00926781
0.00916988
0.00907201
0.00897425
0.00887656
0.00877887
0.0086813
0.00858378
0.00848639
0.00838906
0.00829178
0.00819457
0.00809741
0.00835842
0.0082612
0.00852197
0.00842488
0.00832778
0.00858819
0.00884837
0.00910848
0.00901127
0.00927109
0.00917393
0.00907689
0.00897986
0.00923926
0.00914234
0.00940156
0.00966054
0.00991935
0.010178
0.0100808
0.00998372
0.00988668
0.0101449
0.010048
0.00995106
0.0098542
0.00975734
0.0100152
0.00991845
0.00982171
0.00972503
0.00962842
0.00988597
0.0101433
0.0100467
0.00995004
0.00985354
0.0097571
0.0100139
0.00991756
0.00982118
0.00972497
0.00998145
0.00988519
0.0101415
0.0100452
0.00994903
0.010205
0.0101088
0.0100127
0.00991672
0.00982076
0.0100763
0.00998038
0.0102357
0.0104908
0.0103949
0.0106499
0.0105538
0.0104579
0.010362
0.0106167
0.0105208
0.010425
0.0103293
0.0105835
0.0104878
0.0103922
0.0102966
0.0105505
0.0108042
0.0107086
0.0106131
0.0105176
0.0104222
0.0103268
0.0105801
0.0104848
0.0107378
0.0106425
0.0105472
0.010452
0.0107047
0.0109572
0.010862
0.0111142
0.0113664
0.0116184
0.0115231
0.0114278
0.0113326
0.0112374
0.0111424
0.0110474
0.0112988
0.0115501
0.0114551
0.0113601
0.011611
0.0118619
0.0121125
0.0120174
0.0119224
0.0118274
0.0117326
0.0119828
0.011888
0.0117932
0.0116985
0.0116038
0.0115092
0.0114146
0.0113202
0.0112258
0.0111315
0.0110371
0.0109429
0.0111924
0.0110982
0.0110041
0.0109099
0.010816
0.0110651
0.0109711
0.0108771
0.011126
0.011032
0.0112807
0.0115291
0.0117774
0.0116833
0.0119314
0.0118374
0.0117435
0.0116495
0.0115558
0.011462
0.0113683
0.0116159
0.0115223
0.0114285
0.0113351
0.0115823
0.0114888
0.0113953
0.0113019
0.0112086
0.0111153
0.011362
0.0116087
0.0115154
0.0117618
0.012008
0.0119147
0.0118214
0.0117282
0.011635
0.0115418
0.0114488
0.0113558
0.0116016
0.0115086
0.0117541
0.0116612
0.0119064
0.0118135
0.0120586
0.0119656
0.0118727
0.0117799
0.0120247
0.0119318
0.0118392
0.0117464
0.0116538
0.0115613
0.0118056
0.0117131
0.0116206
0.0115282
0.0117722
0.0116798
0.0115874
0.0114952
0.011403
0.0113108
0.0112187
0.0114622
0.0113701
0.0116135
0.0118567
0.0117645
0.0120075
0.0119153
0.0121581
0.0124007
0.0123085
0.0122164
0.0121244
0.0123666
0.0122746
0.0121827
0.0120908
0.011999
0.0122408
0.012149
0.0120572
0.0122989
0.0125405
0.0127817
0.0126899
0.0129309
0.0128391
0.0127474
0.0126556
0.0128965
0.0128047
0.0127131
0.0126215
0.012862
0.0127705
0.0130107
0.0129192
0.0128277
0.0130677
0.0129762
0.0128848
0.0127934
0.0127021
0.0129418
0.0131813
0.0130899
0.0129987
0.0129074
0.0128163
0.0127251
0.0126342
0.0128732
0.0127822
0.0126912
0.0126002
0.0125095
0.0124186
0.0126573
0.0125666
0.0124758
0.0123851
0.0122945
0.012204
0.0121135
0.0123518
0.0122613
0.0121709
0.0120806
0.0123184
0.0122281
0.0121378
0.0120476
0.0119573
0.0118673
0.0117772
0.0116873
0.0115973
0.0118347
0.0117449
0.0116549
0.0115651
0.0118021
0.0117124
0.0119492
0.012186
0.0120962
0.0120063
0.0122428
0.0121531
0.0120634
0.0119737
0.0122099
0.0121202
0.0120307
0.0119413
0.0118517
0.0117624
0.011673
0.0119088
0.0121443
0.0120549
0.0122903
0.012201
0.012436
0.0123467
0.0122574
0.0121682
0.012079
0.0119899
0.0119008
0.0118119
0.0120465
0.0119575
0.0118686
0.012103
0.0123373
0.0125714
0.0124824
0.0123934
0.0123045
0.0122157
0.0121269
0.0123606
0.0122719
0.0121831
0.0124167
0.012328
0.0122393
0.0121506
0.0120621
0.0119737
0.0122067
0.0124397
0.0126725
0.012584
0.0128166
0.012728
0.0129604
0.0128719
0.0127834
0.012695
0.0126066
0.0125183
0.0124301
0.0126621
0.0125738
0.0124856
0.0127173
0.0126292
0.0125411
0.012453
0.0123649
0.012277
0.0121891
0.0121012
0.0120135
0.0119256
0.0118381
0.0117504
0.0116628
0.0115753
0.0114879
0.0117189
0.0119497
0.0118622
0.0120928
0.0120054
0.0119179
0.0121483
0.0120609
0.0119736
0.0118862
0.0117989
0.0117118
0.0116246
0.0115376
0.0114505
0.0113636
0.0112767
0.0111898
0.0114195
0.0113327
0.0115623
0.0114754
0.0113886
0.0113018
0.0112152
0.0114444
0.0113578
0.0112711
0.0111846
0.0114136
0.011327
0.0112405
0.0111541
0.0110677
0.0109814
0.0108951
0.0108088
0.0107226
0.0109512
0.0108649
0.0107788
0.0106928
0.0106068
0.0105209
0.0104349
0.010663
0.0105772
0.010805
0.0107191
0.0106333
0.0105476
0.0104618
0.0103762
0.0102906
0.010205
0.0101196
0.010034
0.0102614
0.010176
0.0100906
0.0103177
0.0102323
0.010147
0.0100617
0.00997645
0.00989139
0.00980628
0.00972116
0.00963622
0.00955129
0.00977784
0.0100042
0.0102305
0.0101455
0.0100604
0.00997549
0.00989068
0.00980592
0.0097211
0.0096364
0.00986218
0.00977749
0.00969285
0.00960827
0.00952375
0.00974923
0.00966471
0.00958019
0.00949585
0.00972098
0.00963658
0.00955224
0.0094679
0.00938368
0.0092994
0.0092153
0.00913119
0.00904715
0.00896311
0.00887918
0.00879526
0.00871146
0.00893599
0.00885218
0.00876838
0.00868469
0.00860095
0.00882518
0.0087415
0.00865793
0.00888187
0.0087983
0.00902218
0.00924587
0.00916225
0.00907868
0.00899506
0.00891155
0.00913495
0.0090515
0.00927472
0.00919122
0.00910777
0.00902444
0.00894111
0.00916404
0.00938678
0.00930345
0.00952601
0.00944269
0.00935936
0.00927609
0.00949842
0.00941527
0.00963736
0.00955409
0.00947094
0.00938779
0.0096097
0.00983149
0.010053
0.00996989
0.0101913
0.0101081
0.0103294
0.0102462
0.0104672
0.0103841
0.0103011
0.0105218
0.0104387
0.0103556
0.0102726
0.0104932
0.0107137
0.0106307
0.0105477
0.0104647
0.0103818
0.010602
0.010519
0.0104362
0.0103534
0.0105733
0.0104906
0.0104079
0.0103251
0.0102425
0.0104621
0.0103794
0.0102969
0.0102144
0.0104337
0.010653
0.0105704
0.0104879
0.0104054
0.010323
0.0102407
0.0104595
0.0103772
0.0102949
0.0102127
0.0104313
0.0106499
0.0108682
0.0107859
0.0110041
0.0109217
0.0108395
0.0107572
0.0109752
0.010893
0.0108109
0.0107288
0.0106466
0.0105647
0.0104827
0.0104008
0.0103189
0.010237
0.0101553
0.0100736
0.00999194
0.00991029
0.00982869
0.00974721
0.00966573
0.00958425
0.00980145
0.0100184
0.00993699
0.00985557
0.00977421
0.00969291
0.00990957
0.00982821
0.0100448
0.00996357
0.0101799
0.0103961
0.0106122
0.0105309
0.0104495
0.0103683
0.010287
0.0102059
0.0101247
0.0103405
0.0102594
0.0101783
0.0103938
0.0103128
0.0102317
0.0101508
0.0100698
0.00998902
0.00990814
0.00982744
0.00974667
0.00996178
0.00988108
0.00980031
0.00971973
0.00963914
0.00955862
0.00947809
0.00969291
0.00961238
0.00953192
0.00974649
0.00966609
0.00958574
0.00980002
0.00971961
0.00963932
0.00985342
0.00977314
0.00969285
0.00990683
0.00982654
0.0100402
0.00996
0.00987983
0.0100933
0.0100132
0.00993299
0.00985289
0.00977284
0.00969291
0.00961292
0.00953299
0.00945312
0.00937337
0.00929362
0.00921381
0.00913417
0.00905454
0.00897497
0.00889534
0.00881594
0.00873649
0.0086571
0.00857776
0.00849843
0.00841916
0.00834
0.00826085
0.00818169
0.0081026
0.00802362
0.00823599
0.00844824
0.00836915
0.00829023
0.0085023
0.00842333
0.00834429
0.00826538
0.00818646
0.00810772
0.00802892
0.00795025
0.00787157
0.00779289
0.00771427
0.00763571
0.00755721
0.00776869
0.00769019
0.00761181
0.00753343
0.00745499
0.00766623
0.00787735
0.00779897
0.00772059
0.00764227
0.00756401
0.00777483
0.00769657
0.00761843
0.00754023
0.00775075
0.00767267
0.00759459
0.0075165
0.00743848
0.00736052
0.00728256
0.00720471
0.00712693
0.00733703
0.00725919
0.00718147
0.00710368
0.00702596
0.00723588
0.00715816
0.00736791
0.00729018
0.00721258
0.00713503
0.00734442
0.00726694
0.00718939
0.00739861
0.00760788
0.00753027
0.00745273
0.00737524
0.00758415
0.00779289
0.00800169
0.00792408
0.00784659
0.00776923
0.00769168
0.00761431
0.00782269
0.00774544
0.00766802
0.00759077
0.00751346
0.00772166
0.00764441
0.00785232
0.00777519
0.007698
0.00790572
0.00782859
0.00775146
0.0076744
0.00759733
0.00752032
0.00744343
0.00765085
0.0075739
0.00749701
0.00742018
0.00734335
0.00726652
0.00718987
0.007397
0.00732023
0.00724357
0.00716686
0.00709033
0.00701374
0.00722057
0.00742722
0.00735062
0.00727409
0.00719768
0.00712115
0.00704485
0.00725114
0.00745738
0.00738096
0.00758708
0.00751066
0.00743431
0.00735795
0.0072816
0.00720537
0.00712919
0.00705302
0.00697684
0.00690079
0.00682479
0.00703043
0.00723588
0.00715983
0.00708377
0.00700778
0.00693184
0.00713706
0.00706118
0.00698531
0.00690937
0.00683361
0.00675786
0.0066821
0.0066064
0.00653082
0.00673562
0.00665998
0.00658441
0.00678903
0.00671345
0.00691801
0.00684237
0.00676692
0.0066914
0.00661594
0.0068202
0.0067448
0.00694877
0.00687337
0.00679803
0.00700188
0.00692648
0.00685114
0.00677592
0.00670058
0.00662541
0.00682902
0.00703245
0.00695723
0.00688201
0.00680679
0.00701016
0.006935
0.00685984
0.00678474
0.00698793
0.00691283
0.00683779
0.00676274
0.00668782
0.00689059
0.00709337
0.00701833
0.00694346
0.00686854
0.00707096
0.00727332
0.00719845
0.00712347
0.00732571
0.00752777
0.00745285
0.00737798
0.00730324
0.00722837
0.00715363
0.00707901
0.00700432
0.00692964
0.00685507
0.00678056
0.00670612
0.00690764
0.00710911
0.0070346
0.00696009
0.00688571
0.00681126
0.00673687
0.00666255
0.00658828
0.00651407
0.00643986
0.00636572
0.00629163
0.00621748
0.00641847
0.00634444
0.00654519
0.0064711
0.00667173
0.0065977
0.00652361
0.00644964
0.00637573
0.00657618
0.00677645
0.00697654
0.00717658
0.00710255
0.00702858
0.00695461
0.00688076
0.00680685
0.006733
0.00665927
0.00658554
0.00651181
0.00643814
0.00636452
0.00629091
0.00621742
0.00614387
0.00607044
0.00626981
0.00619632
0.00612295
0.00604957
0.0059762
0.00617534
0.00610209
0.00602883
0.00595552
0.00615448
0.00608128
0.00600803
0.00593483
0.00586176
0.00578862
0.00571555
0.00564259
0.00561154
0.00563896
0.00566655
0.00569397
0.00572133
0.00574887
0.00577641
0.00560206
0.00580031
0.00599837
0.00619632
0.00612342
0.00605065
0.00597781
0.00590497
0.00583225
0.00575954
0.00595725
0.00588453
0.00581187
0.00600934
0.00593674
0.00586408
0.00579149
0.00572789
0.00575513
0.00578254
0.00580966
0.00583696
0.00586426
0.0058915
0.00564927
0.00567859
0.00570381
0.00573105
0.00575829
0.00578541
0.00581259
0.00583971
0.005867
0.00589418
0.0059213
0.00594842
0.00597543
0.00600266
0.00602973
0.00605673
0.00608385
0.00611073
0.00613779
0.00589693
0.00592393
0.00595099
0.00597811
0.00600511
0.00576448
0.00579149
0.00581872
0.00584561
0.00587261
0.0056324
0.00565946
0.00568652
0.00571352
0.00551873
0.00550061
0.00552773
0.0055548
0.0055818
0.00560868
0.00563574
0.0056628
0.00568974
0.0057168
0.00574362
0.00577056
0.00579751
0.00582445
0.00585127
0.00587809
0.00590515
0.00593185
0.00595868
0.0059855
0.00601226
0.00603896
0.00606579
0.00609255
0.00611943
0.00614607
0.00590777
0.00593442
0.00596118
0.00598806
0.0060147
0.00604147
0.00606805
0.00609469
0.00612152
0.00614816
0.0061748
0.00620139
0.00622803
0.00599056
0.00601709
0.00604367
0.00607038
0.00609696
0.00612354
0.00615019
0.00617665
0.00620323
0.00622982
0.00599289
0.00601935
0.00604606
0.00607252
0.00609899
0.00612557
0.00588906
0.00591564
0.00594217
0.00596881
0.00599527
0.0060218
0.00604832
0.00607485
0.00610137
0.00612772
0.00615406
0.00591838
0.00594461
0.00597125
0.0059976
0.00602418
0.00605059
0.00581497
0.00584155
0.00586808
0.00589442
0.00592101
0.00594729
0.0059737
0.00600004
0.00602651
0.00605285
0.0060792
0.00610548
0.00613177
0.0058971
0.00592357
0.00594985
0.00597626
0.00600249
0.00602871
0.00605506
0.00608128
0.00584716
0.00587338
0.00589967
0.00592601
0.00595236
0.00571847
0.00574481
0.0057711
0.00579733
0.00582349
0.00584996
0.00561649
0.00564265
0.00566894
0.0056954
0.00572145
0.0057478
0.0057739
0.00580031
0.00582647
0.00585264
0.00587887
0.00590509
0.00593114
0.00595737
0.00598341
0.00600958
0.00603563
0.00606179
0.00608772
0.00611389
0.00613999
0.00616592
0.00619197
0.00621802
0.006244
0.00627005
0.00603801
0.006064
0.00608999
0.00611591
0.0061419
0.00616783
0.0061937
0.0062198
0.00624561
0.0062716
0.00629753
0.00632334
0.00634927
0.00637513
0.00640106
0.00616974
0.00619578
0.00622159
0.00624746
0.00601661
0.00604242
0.00606829
0.0060941
0.00612003
0.00614589
0.00617164
0.00619757
0.00622332
0.00624913
0.006275
0.00630057
0.00632644
0.00635231
0.00637794
0.00640357
0.00642931
0.006455
0.00648069
0.00625086
0.0060212
0.00604689
0.0060727
0.00609833
0.00612414
0.00589472
0.00592053
0.00594628
0.00597203
0.00599766
0.00602335
0.00604916
0.00582016
0.0058459
0.00561708
0.00564283
0.0056687
0.00569451
0.00572002
0.00574589
0.00577146
0.00579721
0.00582296
0.00584865
0.00587422
0.00589997
0.00592554
0.00595129
0.00597674
0.00600237
0.00602788
0.00580007
0.00582558
0.00585127
0.00587678
0.00590247
0.00592804
0.00595367
0.00597918
0.00575167
0.0057773
0.00580287
0.00557572
0.00560141
0.00562698
0.00565255
0.005678
0.00570351
0.00572908
0.00575465
0.0057801
0.00580573
0.00583118
0.00585669
0.00588214
0.00590765
0.00593293
0.00595832
0.00573224
0.00575763
0.00578296
0.00580853
0.00558245
0.00560808
0.00563341
0.00540751
0.00543308
0.00545853
0.0054841
0.00550961
0.00553489
0.00530952
0.00533503
0.0053606
0.00538594
0.00516081
0.00518626
0.00521183
0.00523722
0.00526267
0.00528818
0.00531358
0.00533897
0.0053643
0.00538975
0.00541514
0.00544041
0.00546575
0.00549114
0.00544709
0.00538009
0.00531757
0.00534284
0.00542867
0.00536168
0.0052948
0.00522792
0.00522023
0.00534338
0.0052765
0.00529623
0.0053919
0.00557399
0.00550717
0.00544029
0.00562233
0.00555545
0.00548875
0.005422
0.00535524
0.00530022
0.00547034
0.00540364
0.00558525
0.00551856
0.00545198
0.00563335
0.00556678
0.00550026
0.00543362
0.0053671
0.00530058
0.00548184
0.00541532
0.00534886
0.00528246
0.00546354
0.00539708
0.00557798
0.00551164
0.00544518
0.00562596
0.00580674
0.00574028
0.00567394
0.0056076
0.00554127
0.00572175
0.00565547
0.00558925
0.00552291
0.00545669
0.00539047
0.00532442
0.00525826
0.00519216
0.00521612
0.00530636
0.00526613
0.0052911
0.00535429
0.00528818
0.00546819
0.00540215
0.00533623
0.0052703
0.00520438
0.00513852
0.00507259
0.00504959
0.00518638
0.00536591
0.00530016
0.00523436
0.00541371
0.00534791
0.0055272
0.00546145
0.00564057
0.00557482
0.00550902
0.00544333
0.00537759
0.00555652
0.00573546
0.00566977
0.00584853
0.00578284
0.0057171
0.00565153
0.00583005
0.00576442
0.00594288
0.00587732
0.00581163
0.00574613
0.00568056
0.00561506
0.00554955
0.0054841
0.00566232
0.00584042
0.0060184
0.00595295
0.00613081
0.00630867
0.00624311
0.00617772
0.00611216
0.00604677
0.00598139
0.00615901
0.00633651
0.00627112
0.00644851
0.00638306
0.00631773
0.00625235
0.00618702
0.0061217
0.00605649
0.00599122
0.00592607
0.00610316
0.00603801
0.00597286
0.00590777
0.00584269
0.00601959
0.0059545
0.00613129
0.0060662
0.00600111
0.00593609
0.00587112
0.00604767
0.00598276
0.00591785
0.00585282
0.00578803
0.00572318
0.00589949
0.0060758
0.00601089
0.0059461
0.00612223
0.00605738
0.00623339
0.00616854
0.00610375
0.00627971
0.00621486
0.00615007
0.0063259
0.00626111
0.00619638
0.00637197
0.00630724
0.00648278
0.00641805
0.00635338
0.00628865
0.006464
0.00639939
0.00633472
0.00627017
0.00620556
0.00614107
0.00607657
0.00601208
0.00594771
0.00588322
0.00581884
0.00575447
0.00569016
0.0056259
0.00580078
0.00573653
0.00567222
0.00560808
0.00554383
0.00571853
0.00565439
0.0055902
0.00552613
0.00546205
0.00539798
0.0053339
0.00526994
0.00520593
0.00514203
0.00531644
0.00525242
0.00542676
0.00536281
0.00553703
0.00547308
0.00564718
0.00558323
0.00551933
0.00545549
0.00539166
0.00556558
0.00550169
0.00567555
0.00561166
0.00554788
0.0054841
0.00542039
0.00535667
0.00529301
0.00546652
0.00540286
0.00533926
0.00551265
0.005449
0.00538546
0.0053218
0.00549507
0.00543147
0.00536793
0.0053044
0.00547761
0.00541407
0.00535059
0.00528711
0.00522369
0.00516027
0.00509691
0.00503361
0.00520647
0.00537914
0.00531584
0.00525254
0.0051893
0.005126
0.00506276
0.00499952
0.0049364
0.00487328
0.00504571
0.00521809
0.00539041
0.00532722
0.00526398
0.00520092
0.00513786
0.0050748
0.00524676
0.00541878
0.00535572
0.00529265
0.00522965
0.00540149
0.00557321
0.00551021
0.00568187
0.00561887
0.00579029
0.00572729
0.00566429
0.00560129
0.00577271
0.00570971
0.00564677
0.00558382
0.005521
0.00545806
0.00539523
0.00533253
0.00526971
0.00544083
0.00537807
0.0053153
0.00525254
0.00542355
0.00536084
0.00529814
0.00523549
0.00517285
0.00511026
0.0050478
0.00521845
0.00515592
0.0050934
0.00503081
0.00496835
0.00513899
0.00507647
0.005014
0.0049516
0.00488925
0.00482696
0.00477457
0.00479835
0.00482208
0.00484586
0.00486958
0.00489324
0.00491703
0.00494063
0.00496435
0.00498801
0.00501168
0.00503534
0.00482696
0.00485063
0.00487435
0.00489801
0.00492162
0.00494528
0.00473714
0.00476092
0.00478446
0.00468034
0.0046823
0.00472766
0.00468773
0.00469112
0.00469494
0.0047186
0.00474226
0.00476581
0.00478947
0.00481296
0.00483656
0.00486016
0.00474036
0.00467849
0.00470006
0.00472373
0.00474721
0.00477076
0.00479454
0.0048179
0.00484145
0.00486487
0.00488836
0.00491196
0.00493538
0.00495893
0.00498229
0.00500578
0.0050292
0.00505263
0.00484622
0.0048697
0.00466335
0.00468671
0.00471032
0.00473374
0.00475723
0.00478065
0.00480407
0.0045982
0.00462139
0.00456476
0.00473267
0.00467134
0.00461
0.00457519
0.00457788
0.00465512
0.00459379
0.00453252
0.0044713
0.00463891
0.00457764
0.00451648
0.00449175
0.00451505
0.00456154
0.00472891
0.00466776
0.00460666
0.00454551
0.0047127
0.00465161
0.00459051
0.00475758
0.00469649
0.00463545
0.00457448
0.00451344
0.00445247
0.00461936
0.00478613
0.00472516
0.00466418
0.0048309
0.00476992
0.00470901
0.00487554
0.00481462
0.00475371
0.00469285
0.00463206
0.0045712
0.0045104
0.00467676
0.00461602
0.00455523
0.00449455
0.00446379
0.00459999
0.00453925
0.00470537
0.00487131
0.00503719
0.00520301
0.00514227
0.00508153
0.00524718
0.0051865
0.00512576
0.00506514
0.00500453
0.00494391
0.00488323
0.00504869
0.00498819
0.0051536
0.00509298
0.00525826
0.0051977
0.00513715
0.00507665
0.00501615
0.00495565
0.00489527
0.00483483
0.00477439
0.00471407
0.00465369
0.00459343
0.00475842
0.00469816
0.00463778
0.00457764
0.00474232
0.00490719
0.00484687
0.00478661
0.00495118
0.00511569
0.00505549
0.00521994
0.00515968
0.00532401
0.00526375
0.00520355
0.00536776
0.00530756
0.00524735
0.00518721
0.00535125
0.00551528
0.00545508
0.00539488
0.00533473
0.00527471
0.00521463
0.00515455
0.00531834
0.00525826
0.005422
0.00536191
0.00552553
0.00546545
0.005629
0.00556892
0.00550896
0.005449
0.00538898
0.00555235
0.00571555
0.00565559
0.00559568
0.00553578
0.00569886
0.00586188
0.00580198
0.00596493
0.00590497
0.00584513
0.00600791
0.00594801
0.00588816
0.00582826
0.00576848
0.00570869
0.00564891
0.00581151
0.00597399
0.00591421
0.00585449
0.00579482
0.00595713
0.00589746
0.00583768
0.00577807
0.00571835
0.00588065
0.00604278
0.0062049
0.00614524
0.00608552
0.00602591
0.00618786
0.00612825
0.00606859
0.00600898
0.00594944
0.00611126
0.00605166
0.00599217
0.00593263
0.00609434
0.00603479
0.00597537
0.00591594
0.00585645
0.00579703
0.00595856
0.00589913
0.00606054
0.00600117
0.00594175
0.00588244
0.00582314
0.00576389
0.00592506
0.00608617
0.00624716
0.00618786
0.00612855
0.00606936
0.00623024
0.00617105
0.00611174
0.00605249
0.00621325
0.00615412
0.00631481
0.00625557
0.00641614
0.00635695
0.00629777
0.00623864
0.00617945
0.00612038
0.00628078
0.00622171
0.00616258
0.00610358
0.00604457
0.0059855
0.00592661
0.00608677
0.00602782
0.00596887
0.00612897
0.00607008
0.00601113
0.00595218
0.00589347
0.00583458
0.00577569
0.00571698
0.00565821
0.00559944
0.00554079
0.00548214
0.00542349
0.00558323
0.00574285
0.00568426
0.00562561
0.00556695
0.00550836
0.00544983
0.00539118
0.00533271
0.00527424
0.00521576
0.00515735
0.00531673
0.00525826
0.00519985
0.0051415
0.00508314
0.00524241
0.00540149
0.0053432
0.00528479
0.00522649
0.00516814
0.00532717
0.00526893
0.00521058
0.00515229
0.00509411
0.00503588
0.00519478
0.00513655
0.00529534
0.005454
0.00539577
0.00555438
0.00549614
0.00543791
0.00559646
0.00553828
0.00548011
0.005422
0.00536394
0.00530577
0.00524777
0.00518966
0.00513172
0.00528991
0.00523192
0.00517392
0.00511593
0.00505805
0.00500017
0.00500369
0.00501525
0.00503725
0.00505924
0.00492674
0.0048874
0.00490957
0.004969
0.00495356
0.00497538
0.00499743
0.00501949
0.0050413
0.00506324
0.00508523
0.00510705
0.0051291
0.00515097
0.00517279
0.00497949
0.00500149
0.00502348
0.00504529
0.00506723
0.00508904
0.00489628
0.0049181
0.00494015
0.00496197
0.00498372
0.0050056
0.00502753
0.00504935
0.00507116
0.00509304
0.00511479
0.00514674
0.00515836
0.00518095
0.00520211
0.00521511
0.00533921
0.00546324
0.00537324
0.00549722
0.00562119
0.00553125
0.00544131
0.00556517
0.00547528
0.00559914
0.00550926
0.00541943
0.00554317
0.00545341
0.00557709
0.00570071
0.00582427
0.00594777
0.00607121
0.00619465
0.00610489
0.00601512
0.00592542
0.00583577
0.00574613
0.00565654
0.00577986
0.00590312
0.00602633
0.00593674
0.00584722
0.00575775
0.00566828
0.00557888
0.00555521
0.00557667
0.00559819
0.00561976
0.00564116
0.00546765
0.00559068
0.00571358
0.00583649
0.00595927
0.00587004
0.00599283
0.0061155
0.00602627
0.0059371
0.00605971
0.00597054
0.00588137
0.00600398
0.00591487
0.00603735
0.00594831
0.00585926
0.00577027
0.00568128
0.00566804
0.00568938
0.00571084
0.00573224
0.00575352
0.00577492
0.00579619
0.00581765
0.00583899
0.00586027
0.00588155
0.00590289
0.00592422
0.00594556
0.00596672
0.005988
0.00600934
0.00603056
0.0058412
0.00586253
0.00571603
0.00583792
0.00574934
0.00573719
0.00578266
0.00569421
0.00581598
0.00572753
0.00584924
0.00576079
0.00567245
0.00558406
0.00570571
0.00582731
0.00573897
0.00586051
0.00577223
0.00589371
0.00580543
0.00571716
0.00583863
0.00595999
0.00587177
0.00599307
0.00590491
0.00581676
0.00572866
0.00564063
0.00555253
0.00567377
0.00558579
0.00549781
0.00561899
0.00553554
0.00565213
0.00557786
0.00559902
0.00559741
0.00550956
0.00563055
0.00554276
0.00549614
0.0055759
0.00553834
0.00560898
0.0055213
0.00543362
0.00541443
0.00543565
0.00545669
0.00547791
0.00529087
0.00531191
0.00533319
0.00517523
0.00518221
0.00518912
0.00520957
0.00523084
0.00525182
0.00527304
0.00529414
0.0053153
0.0053364
0.00535744
0.00537848
0.00525826
0.00526524
0.00527221
0.00529444
0.00528568
0.00529265
0.00529969
0.0053066
0.00531328
0.00532007
0.00532722
0.0053342
0.00534087
0.00534749
0.0053544
0.00536138
0.00536823
0.00537503
0.00543821
0.00555801
0.00567782
0.00559086
0.00550395
0.00541705
0.0053302
0.00524336
0.00515658
0.00506985
0.00518954
0.00510281
0.00522244
0.00513577
0.00525534
0.00516868
0.00508201
0.00508553
0.00509256
0.00509953
0.00510633
0.00511324
0.00511992
0.00512683
0.00513363
0.00514072
0.00514746
0.00515419
0.00495571
0.00498718
0.00496924
0.00502002
0.00498307
0.00498998
0.00499684
0.00500357
0.00499946
0.00491321
0.00482702
0.00494605
0.00485992
0.00483996
0.00489277
0.00501168
0.00492561
0.00486761
0.00495839
0.00488102
0.00499117
0.00490516
0.0050239
0.00493789
0.00505662
0.00497067
0.00508928
0.00500339
0.00512195
0.00503612
0.00515461
0.00506872
0.00498295
0.00489712
0.00501561
0.00492984
0.00504822
0.00496244
0.00487679
0.00499511
0.00511342
0.00523162
0.00514597
0.00526416
0.00517851
0.00509286
0.00500727
0.00492179
0.00487602
0.00488263
0.00488961
0.0048967
0.00490338
0.00491017
0.00491697
0.0049237
0.00496656
0.00493717
0.00494409
0.00495088
0.00503153
0.00496435
0.00497127
0.00497818
0.00498509
0.00499189
0.00499868
0.00500542
0.00480938
0.00481629
0.00482273
0.00483
0.00483656
0.00484347
0.00485033
0.00485712
0.00486386
0.00487083
0.00487763
0.00488424
0.0048911
0.00489795
0.00490475
0.00491148
0.00491828
0.00492507
0.00493157
0.0049386
0.00494552
0.00495219
0.00495899
0.00496578
0.00497246
0.00497919
0.00498593
0.00499278
0.00499946
0.00500655
0.00501293
0.00501978
0.00502646
0.0050332
0.00503999
0.00504667
0.00505346
0.0050602
0.00506675
0.00507367
0.00508004
0.00508696
0.00509375
0.00510067
0.0051071
0.0051139
0.00512052
0.00512719
0.00513411
0.00514066
0.00514728
0.00515401
0.00516057
0.00516725
0.00517404
0.00518095
0.00518751
0.00519401
0.00520074
0.00520772
0.00521398
0.00522053
0.00522733
0.005234
0.00524062
0.00524724
0.00525409
0.00526077
0.00526738
0.00527418
0.00528067
0.00528729
0.00529385
0.0053004
0.00530714
0.00531387
0.00532061
0.00532681
0.0053336
0.00534016
0.00534678
0.00535345
0.00536001
0.00536668
0.00537324
0.0053798
0.00538653
0.00539303
0.00539964
0.0054062
0.00541276
0.00541931
0.00542605
0.00543249
0.00543898
0.00544584
0.00545233
0.00545889
0.00546545
0.00547189
0.00547856
0.00548518
0.00549179
0.00549823
0.00550473
0.00551134
0.0055179
0.00552416
0.00553095
0.00553745
0.00554395
0.00555032
0.0055567
0.00556374
0.00557011
0.00557673
0.00558317
0.00558966
0.00559616
0.00560266
0.00541115
0.00541759
0.00522625
0.00523299
0.00523943
0.00524628
0.00525272
0.00525928
0.00526589
0.00527233
0.00527894
0.0052855
0.00529194
0.00510114
0.00510776
0.00511432
0.00512081
0.00512749
0.00513399
0.00514066
0.00514722
0.00515366
0.00516051
0.00516701
0.0051735
0.00518
0.0051865
0.00519317
0.00519967
0.00520611
0.0052129
0.00521952
0.00522602
0.00523221
0.00523889
0.00524551
0.00525206
0.0052585
0.00526512
0.00527155
0.00527817
0.00528461
0.00529134
0.00529754
0.00530416
0.00531083
0.00531721
0.00532371
0.00533032
0.00533676
0.00534296
0.00534958
0.00535619
0.00536269
0.00536907
0.00537562
0.00538206
0.00538832
0.00539517
0.00540167
0.00540817
0.00541443
0.00542098
0.00542742
0.00543368
0.00544024
0.00544673
0.00545305
0.00545985
0.0054661
0.00527734
0.00528377
0.00529027
0.00529665
0.00530308
0.00530964
0.00531626
0.00532258
0.00533581
0.00535572
0.0053755
0.00539529
0.0054152
0.00543481
0.00545454
0.00537437
0.00538081
0.00538713
0.00539351
0.00539988
0.00540638
0.005413
0.00541925
0.00543767
0.00545734
0.00547701
0.00549686
0.00551653
0.0055362
0.00555593
0.00557554
0.00559521
0.00561494
0.00563455
0.00565416
0.00567389
0.00569344
0.00551921
0.00553894
0.00555855
0.00557798
0.00559777
0.00561732
0.00563693
0.00565666
0.00567615
0.00569594
0.00571537
0.00573504
0.00575459
0.00558066
0.00560039
0.00561982
0.00563949
0.00546587
0.00548542
0.00550503
0.00552458
0.00554419
0.0055638
0.00558335
0.00560284
0.00562239
0.00564188
0.00549418
0.0055005
0.00550783
0.00552738
0.00554675
0.0055663
0.00558585
0.0056054
0.00562495
0.00555134
0.00555748
0.00556403
0.00557023
0.00557685
0.00558281
0.00558937
0.00559562
0.00560206
0.00560826
0.00561446
0.00562096
0.00562721
0.00563353
0.00563979
0.00564617
0.00565237
0.00565875
0.00566518
0.00567132
0.0056777
0.00568402
0.00568998
0.00569654
0.00570267
0.00570905
0.00571513
0.00572181
0.00553662
0.0055427
0.00554925
0.00555539
0.00556159
0.00556779
0.00557429
0.00558019
0.00558668
0.005593
0.00559938
0.00560546
0.00561178
0.00561827
0.00562429
0.00563067
0.00563729
0.00564313
0.00564957
0.00565588
0.0056619
0.00566834
0.00567478
0.00568086
0.00568706
0.00550276
0.00550908
0.00551522
0.00552166
0.00552779
0.00553417
0.00554055
0.00554669
0.00555289
0.00555903
0.00556558
0.00557184
0.00557816
0.0055843
0.00559062
0.00559676
0.00541294
0.00541937
0.00542545
0.00543189
0.00543797
0.00544447
0.00545055
0.00545675
0.00546318
0.0054695
0.0054757
0.00548196
0.00548822
0.00549448
0.00550061
0.00550693
0.00551337
0.00551963
0.00552565
0.00553185
0.00553811
0.00554436
0.00555032
0.0055567
0.00556314
0.00556922
0.00557554
0.0055815
0.00558788
0.00559413
0.00560033
0.00560665
0.00561309
0.00561893
0.00562519
0.00563133
0.00563771
0.00564378
0.00564992
0.00565618
0.00566226
0.00566858
0.00567466
0.00568086
0.00549853
0.00550485
0.00532269
0.00532889
0.00533527
0.00534153
0.00534773
0.00535411
0.00536013
0.00536668
0.00537252
0.0053789
0.00538492
0.00539136
0.00539714
0.00540376
0.00540996
0.0054161
0.00542235
0.00542843
0.00543475
0.00544119
0.00544709
0.00545347
0.00545973
0.00546569
0.00547189
0.00547814
0.00548422
0.00530314
0.00530946
0.00531566
0.00532174
0.00532806
0.00533402
0.00534028
0.0053463
0.00535268
0.00535882
0.00536513
0.00537133
0.00537753
0.00538349
0.00538981
0.00539595
0.00540239
0.00540847
0.00541466
0.00542074
0.00542688
0.00543314
0.0054391
0.00544548
0.00545144
0.0054577
0.00546372
0.0054701
0.00547624
0.00548249
0.00548846
0.00530857
0.00531453
0.00532073
0.00532675
0.00533301
0.00533926
0.00534552
0.00535154
0.0053575
0.00536394
0.00536996
0.00537616
0.00538218
0.0053885
0.00539452
0.00540084
0.00540692
0.00541282
0.00541908
0.00542527
0.00543141
0.00543749
0.00544363
0.00544989
0.00545591
0.00546235
0.00546813
0.00547415
0.00548041
0.00548655
0.00549281
0.00549871
0.00550497
0.00551099
0.00551718
0.0055232
0.00552928
0.00553542
0.00554127
0.00554752
0.00555366
0.00555974
0.00556582
0.00557214
0.00557786
0.00558388
0.00559014
0.00559622
0.0056023
0.00560838
0.00561452
0.00562048
0.00562668
0.00563282
0.00563872
0.0056448
0.0056507
0.00565678
0.0056628
0.00566876
0.0056749
0.00568092
0.00568694
0.00569308
0.00569934
0.00570524
0.00571096
0.00571728
0.00572336
0.00572932
0.00573528
0.00574136
0.00574738
0.0057534
0.0055756
0.00558162
0.00558758
0.00559372
0.00559974
0.0056057
0.0056119
0.00561798
0.00562388
0.00562978
0.00563604
0.00564188
0.00564808
0.00565404
0.00566006
0.0056659
0.00567216
0.0056783
0.00568408
0.00569034
0.00569612
0.0057022
0.0057081
0.00571448
0.00572014
0.00572604
0.00573212
0.00573802
0.00574422
0.00575
0.0057559
0.0057618
0.00576794
0.0057739
0.00577998
0.00578576
0.00579178
0.00579798
0.00580394
0.00580978
0.00581604
0.00582188
0.00582749
0.00583345
0.00583947
0.00584549
0.00585151
0.00585741
0.00586331
0.00586939
0.00587505
0.00569892
0.00570512
0.00571096
0.00571704
0.00572282
0.00572884
0.0057348
0.0057407
0.00574666
0.00575256
0.00575858
0.00576454
0.00577044
0.00577635
0.00578231
0.00578821
0.00579423
0.00580025
0.00580585
0.00581211
0.00581795
0.00582379
0.00582993
0.00583583
0.00584185
0.00584745
0.00585353
0.00585932
0.00586534
0.00587112
0.00569588
0.0057019
0.00570804
0.0057137
0.00571978
0.00572592
0.00573164
0.00573754
0.00574327
0.00574917
0.00575519
0.00576109
0.00576711
0.00577289
0.00577879
0.00578451
0.00579077
0.00579661
0.00580245
0.00580823
0.00563383
0.00545943
0.00546539
0.00547129
0.00547719
0.00548327
0.00548893
0.00549519
0.00550103
0.00550693
0.0055126
0.00551879
0.00552464
0.00553066
0.00553656
0.00554246
0.00554842
0.00555438
0.0055604
0.00556624
0.00557232
0.00557798
0.00558412
0.00559002
0.0055958
0.00560188
0.00560772
0.00561368
0.00543982
0.00544566
0.00545204
0.00545758
0.00546348
0.0054695
0.00547546
0.00548136
0.00530773
0.00531387
0.00531989
0.00532585
0.00533181
0.00533766
0.00534356
0.00534981
0.00535548
0.00536144
0.00536734
0.00537324
0.00520027
0.00520629
0.00521201
0.00521791
0.00522411
0.00523007
0.00523603
0.00524187
0.00524771
0.00525385
0.00525969
0.00526565
0.00527149
0.00527757
0.00528347
0.00528938
0.00529528
0.00530118
0.00530714
0.00531286
0.00531894
0.0051465
0.00497431
0.0049805
0.00498646
0.00499213
0.00499827
0.00500417
0.00501007
0.00501597
0.00502199
0.00502801
0.00503385
0.00503987
0.00504589
0.0049324
0.00493407
0.0049367
0.00493836
0.00493968
0.00494289
0.00494456
0.00494719
0.00494879
0.00495094
0.00495291
0.00495511
0.0049572
0.00478142
0.00478357
0.00487339
0.00482589
0.00477839
0.0049082
0.00486064
0.00481325
0.00494295
0.00489545
0.00484812
0.00480056
0.00475317
0.00488281
0.00483537
0.00496489
0.00491744
0.0050469
0.00499952
0.00512892
0.00508153
0.00503415
0.00498682
0.00493944
0.00506872
0.00502145
0.00497407
0.0049268
0.00487942
0.00483221
0.00478494
0.00473768
0.00486684
0.00481957
0.00494868
0.00507772
0.00503045
0.00515944
0.00511223
0.00524104
0.00519383
0.00514668
0.00509942
0.00505221
0.00500506
0.00513381
0.0050866
0.00521535
0.0051682
0.00512099
0.00507385
0.00520253
0.00515538
0.0051083
0.00523686
0.00518972
0.00514263
0.00509554
0.00504845
0.00500143
0.00495434
0.00490737
0.00503582
0.00516421
0.00511706
0.00507009
0.00502306
0.00515139
0.00510436
0.00505739
0.00501043
0.00513864
0.00526679
0.00521988
0.00517279
0.00512594
0.00507897
0.00503206
0.00498521
0.00493824
0.0048914
0.00484461
0.00479776
0.00492573
0.00505364
0.00518155
0.0053094
0.0054372
0.00539035
0.00551808
0.00547117
0.00542432
0.00555199
0.00550508
0.00563276
0.00558585
0.005539
0.00549221
0.00544536
0.00557292
0.00552607
0.0056535
0.00560665
0.00555986
0.00551313
0.0054664
0.00559378
0.00554699
0.0055002
0.00545353
0.0054068
0.00536013
0.0053134
0.00526673
0.00522012
0.00534731
0.00530064
0.00525397
0.00538111
0.0053345
0.00528795
0.00541496
0.00536835
0.0053218
0.00527525
0.0052287
0.00518209
0.0051356
0.0050891
0.00504261
0.00516951
0.00512308
0.0052498
0.00520337
0.00515682
0.00511044
0.00506401
0.00501758
0.00497121
0.00492477
0.00487834
0.00500506
0.00495863
0.00491232
0.00503886
0.0049926
0.00494617
0.00489986
0.00485361
0.00480735
0.00493377
0.00488746
0.00484121
0.00479501
0.00492144
0.00487518
0.00500149
0.00495523
0.00490904
0.00503528
0.00498909
0.00494283
0.00506908
0.00502282
0.00497663
0.00510275
0.00505662
0.00501043
0.00513643
0.00509024
0.00504416
0.00499797
0.00495183
0.0049057
0.0050317
0.00498551
0.00493944
0.00489336
0.00484735
0.00480127
0.0049271
0.00488102
0.00500685
0.00496078
0.00491476
0.00504047
0.00499445
0.00494838
0.00507402
0.00502801
0.00498205
0.00493604
0.00489008
0.00501567
0.00496972
0.00492382
0.00504923
0.00500327
0.00495738
0.00491142
0.00486559
0.00499094
0.00494504
0.00489914
0.00485331
0.0049786
0.00493276
0.00488693
0.00501215
0.00496632
0.00492042
0.00487459
0.00499982
0.00495398
0.00507909
0.00503325
0.00498748
0.0049417
0.00489593
0.00502092
0.00514585
0.00510007
0.00505435
0.00500858
0.00496286
0.0049172
0.00487149
0.00482577
0.00495058
0.00490493
0.00485921
0.00498396
0.00493836
0.00489271
0.0050174
0.00514197
0.00509638
0.00522089
0.00517523
0.00512969
0.00525415
0.0053786
0.00533295
0.00545734
0.00541168
0.00553608
0.00549042
0.0056147
0.00556904
0.00552344
0.00547785
0.00543225
0.00538671
0.00534105
0.00529557
0.00524998
0.0052045
0.00515896
0.00528312
0.00523764
0.00536168
0.0053162
0.00527072
0.0053947
0.00551867
0.00547314
0.0054276
0.00538218
0.0053367
0.00529134
0.00524592
0.00520045
0.00515509
0.00510979
0.00506437
0.00501907
0.00497371
0.00492841
0.00488311
0.00500685
0.00496155
0.00491625
0.00487107
0.00482571
0.00478053
0.00490415
0.00485891
0.00481367
0.00493723
0.00489205
0.00501555
0.00497031
0.00509369
0.00521713
0.00517195
0.00512671
0.00508153
0.00503635
0.00515968
0.0051145
0.00506932
0.00519252
0.0051474
0.00527066
0.00522548
0.00518036
0.00513518
0.00509012
0.00504494
0.00516802
0.00512302
0.0050779
0.00503284
0.0051558
0.00511074
0.00523371
0.00535661
0.00531149
0.00526649
0.00538933
0.00534421
0.00546706
0.005422
0.00537694
0.00533193
0.0054546
0.0054096
0.0053646
0.00548726
0.00544226
0.0053972
0.00535232
0.00530732
0.00526237
0.00521749
0.00533998
0.00546235
0.00541753
0.00553995
0.00549501
0.00545007
0.00540519
0.0055275
0.00548255
0.00543773
0.00539279
0.00534797
0.00530308
0.00542533
0.00554752
0.00566965
0.00562483
0.00557995
0.00553513
0.0054903
0.00561231
0.00556749
0.00552273
0.00547796
0.00543314
0.00538844
0.00534362
0.00546557
0.00558758
0.00570935
0.00566459
0.00561982
0.00557506
0.00569683
0.00565213
0.00560743
0.00556272
0.00551802
0.00547332
0.00559497
0.00555038
0.00550562
0.00546098
0.00541633
0.00537175
0.00549334
0.00544876
0.00540411
0.00552565
0.00564706
0.00560248
0.00555789
0.00551337
0.00546873
0.00542414
0.00554562
0.00566691
0.00562233
0.0055778
0.00553328
0.00548869
0.00544423
0.00556546
0.005521
0.00547642
0.00543195
0.00555313
0.0055086
0.0054642
0.00541973
0.00537533
0.00533092
0.00528651
0.00524211
0.00519776
0.00531876
0.0054397
0.00539535
0.00535101
0.00547194
0.00542748
0.00538319
0.00550401
0.00545967
0.00541538
0.00537103
0.00532669
0.00528246
0.00523818
0.00519389
0.00514972
0.0052703
0.00522608
0.00518191
0.00530249
0.00525826
0.00537884
0.00533468
0.0054552
0.0055756
0.005696
0.00565183
0.0056076
0.00556338
0.00551915
0.00547498
0.00559533
0.0055511
0.00550699
0.00546283
0.00558305
0.00553888
0.0056591
0.005615
0.00557077
0.00552666
0.00564688
0.00560272
0.00572276
0.00567865
0.00563449
0.00575459
0.00571048
0.00583041
0.00578636
0.00590616
0.00586212
0.00581807
0.00593793
0.00589383
0.00584978
0.00596952
0.00592542
0.00588143
0.00583738
0.00595713
0.00607675
0.00603265
0.00598872
0.00610828
0.00606424
0.00602025
0.00597626
0.00593221
0.00588822
0.00600779
0.0059638
0.00608325
0.0060392
0.00599533
0.0059514
0.00590742
0.00586355
0.00598288
0.00593901
0.00589508
0.00585127
0.00580734
0.00576353
0.00588274
0.00600195
0.00595808
0.00591427
0.0058704
0.00582659
0.00578278
0.00573897
0.00569522
0.00581437
0.0057705
0.00572681
0.00584579
0.00580209
0.00575829
0.00571454
0.00583357
0.00578982
0.00574613
0.00570238
0.00565869
0.00577754
0.00589633
0.0058527
0.00580901
0.00592774
0.00604647
0.00600278
0.00612146
0.00607777
0.00603408
0.00599045
0.0059467
0.00590318
0.00585955
0.00581592
0.00577229
0.00572872
0.00584733
0.0058037
0.00576019
0.00571656
0.00583506
0.00579154
0.00574797
0.0057044
0.00566095
0.00577933
0.00573581
0.00569236
0.00564891
0.00560534
0.00556201
0.00551856
0.00563681
0.00575501
0.0057115
0.0056681
0.00562471
0.00558132
0.0056994
0.00581753
0.00577414
0.00573075
0.00584871
0.00580531
0.00592333
0.00587994
0.00583661
0.00579321
0.00591111
0.00586778
0.00598556
0.0061034
0.00606
0.00617772
0.00613439
0.00625211
0.00620878
0.00632638
0.00628304
0.00623971
0.00619638
0.00615305
0.00610977
0.00622731
0.0063448
0.00630146
0.00625825
0.00621486
0.00633234
0.00628906
0.00624579
0.00620258
0.00631988
0.00627667
0.00639391
0.00651133
0.006468
0.00658518
0.00670236
0.00681961
0.00677627
0.0068934
0.00685012
0.00696719
0.00692397
0.00688064
0.00683743
0.00679415
0.0069111
0.00686795
0.00698483
0.00694162
0.00689834
0.00685519
0.00697201
0.0069288
0.00704557
0.00700241
0.00711912
0.00707597
0.00703275
0.0069896
0.0071063
0.00706309
0.00701994
0.00697678
0.00709337
0.00705028
0.00700712
0.00696397
0.00692093
0.00687784
0.00683469
0.00679165
0.00690818
0.00686508
0.00682205
0.00677907
0.00673604
0.00669301
0.00665003
0.006607
0.00656408
0.00652111
0.00647819
0.00643528
0.00655156
0.00666785
0.00678408
0.00674123
0.00669825
0.00665528
0.00677156
0.00672865
0.00668567
0.00680178
0.00675899
0.00687498
0.00683212
0.00678927
0.00674629
0.00686228
0.00697833
0.00693548
0.00689262
0.00684971
0.00680685
0.00676399
0.00672126
0.0066784
0.00663567
0.00659287
0.00655019
0.00666595
0.0067817
0.0067389
0.00669611
0.00665343
0.00676912
0.00672644
0.00668365
0.00679928
0.0067566
0.00671393
0.00667119
0.00662857
0.00658584
0.00670141
0.00681686
0.00677425
0.00673151
0.00668895
0.00664628
0.0066036
0.00656104
0.00651842
0.00647587
0.00643325
0.00639081
0.00634819
0.00630569
0.00626314
0.00637841
0.00633591
0.00629348
0.00625098
0.00636625
0.00648147
0.00659662
0.00671178
0.00666922
0.00678438
0.00674182
0.00685686
0.0069719
0.00692934
0.0068869
0.00684434
0.00695932
0.00707418
0.0071891
0.0071466
0.0072614
0.0072189
0.00717634
0.0071339
0.00709134
0.0070489
0.00700647
0.00696403
0.00707871
0.00703633
0.00715095
0.00710857
0.00706601
0.00702369
0.00698131
0.00693893
0.00705343
0.00716805
0.00712562
0.00708324
0.00704086
0.00699848
0.00695616
0.0069139
0.00687152
0.00682926
0.00678694
0.00674468
0.00685906
0.0068168
0.00677454
0.00673234
0.00669008
0.00680441
0.00676215
0.00671995
0.00667775
0.00679195
0.00674981
0.00686389
0.00682175
0.00677955
0.00673741
0.00669521
0.00665307
0.00661093
0.00672501
0.00668293
0.00664073
0.00659871
0.00671273
0.00667059
0.00678462
0.00689846
0.00685638
0.00697029
0.00692821
0.00688607
0.00684398
0.00695777
0.00691575
0.00702947
0.00698739
0.00694537
0.00690329
0.00686127
0.00681919
0.00677723
0.00673521
0.00684887
0.00680685
0.00676489
0.00672287
0.00668097
0.00663894
0.00659704
0.00671059
0.00666869
0.00662684
0.00658482
0.00654298
0.00650108
0.00645918
0.00641739
0.00637549
0.00633371
0.00629187
0.00625008
0.00620836
0.00632173
0.00627995
0.0062381
0.00619644
0.00630963
0.00626791
0.00638121
0.00633943
0.00629765
0.00625598
0.00621426
0.00617254
0.00613087
0.00608915
0.00604749
0.00600588
0.00596416
0.00607735
0.00603569
0.00599408
0.00595242
0.00591081
0.00586933
0.00582767
0.00578612
0.00589913
0.00585753
0.00581604
0.0057745
0.00573295
0.00569147
0.00564992
0.0056085
0.00556701
0.00552559
0.00548416
0.00559705
0.00555551
0.00566834
0.00562692
0.00558543
0.00554407
0.00565678
0.00561541
0.00557393
0.0056867
0.00564528
0.00560391
0.00571662
0.0056752
0.00563377
0.00559241
0.0055511
0.00550973
0.00546849
0.00542712
0.00538582
0.00549841
0.00545704
0.00556958
0.00552821
0.00548691
0.00544566
0.00540441
0.00536317
0.00547552
0.00558788
0.00554675
0.00550544
0.00546426
0.00557649
0.0055353
0.00549412
0.00545293
0.00541168
0.00552386
0.00548267
0.00544161
0.00540042
0.00551248
0.00562465
0.00558347
0.00554234
0.00550115
0.00545996
0.00557202
0.00568408
0.00564283
0.00575483
0.0057137
0.00567251
0.00578445
0.00589627
0.0058552
0.00581402
0.00592583
0.00588477
0.00584364
0.00580251
0.00576144
0.00572038
0.00567931
0.00563824
0.00559723
0.00555623
0.00566787
0.0057795
0.0057385
0.00569749
0.00565642
0.00561553
0.00572705
0.00568604
0.00564516
0.00560415
0.00571561
0.00567466
0.00578606
0.00574517
0.00570416
0.00566328
0.00577456
0.00573367
0.00569278
0.00565189
0.00561094
0.00557011
0.00552917
0.00564045
0.00559962
0.00571084
0.00567001
0.00578111
0.00574034
0.00585151
0.00581062
0.00576979
0.00588083
0.00599194
0.00610286
0.00606197
0.0060212
0.00598031
0.00593948
0.00605041
0.00600958
0.00596875
0.00592792
0.00588715
0.00584632
0.00595725
0.00606811
0.00602728
0.00613809
0.00609726
0.00605655
0.00601578
0.00597501
0.00608569
0.00604492
0.00615561
0.00611484
0.00607413
0.00618476
0.00614393
0.00625455
0.00621384
0.00617307
0.00613236
0.00609165
0.006051
0.00601029
0.0059697
0.00592905
0.0058884
0.00584775
0.00580722
0.00576657
0.00572598
0.00568545
0.00564486
0.00575525
0.0057146
0.00567406
0.00578439
0.00574386
0.00570339
0.0056628
0.00562233
0.00558186
0.00569201
0.00565159
0.00576174
0.00572127
0.00568074
0.00564033
0.00559986
0.00555944
0.00566947
0.00577956
0.00573903
0.00569862
0.00580865
0.00576824
0.00587821
0.00583774
0.00594771
0.0059073
0.00601715
0.00612706
0.00608659
0.00619644
0.00630617
0.00626564
0.00622523
0.00633496
0.00629455
0.00625408
0.00621367
0.00617325
0.0061329
0.00624251
0.0062021
0.00616175
0.0061214
0.00608104
0.0061906
0.00615031
0.00610989
0.00606954
0.00602931
0.0061388
0.00609839
0.00605816
0.00601786
0.00597757
0.00593728
0.0058971
0.00585681
0.00596625
0.00592595
0.00603527
0.00614458
0.00610435
0.00606412
0.00602388
0.00598365
0.00609291
0.00605267
0.0060125
0.0061217
0.00608152
0.0061906
0.00615042
0.0062595
0.00621933
0.00632834
0.00643736
0.00639719
0.0065062
0.00661516
0.006724
0.00668377
0.00664359
0.00660336
0.00656319
0.00652307
0.00663185
0.00659168
0.00655156
0.00666028
0.00662017
0.00658
0.00653982
0.0066486
0.00660843
0.00656837
0.00667703
0.00663686
0.00659674
0.0067054
0.00666529
0.00662524
0.00658506
0.00654507
0.00665355
0.00661355
0.00657344
0.00653344
0.00664186
0.00660181
0.00656182
0.00667024
0.0067786
0.00673854
0.00669855
0.00665855
0.0066185
0.00657851
0.00653851
0.00649858
0.00645864
0.0064187
0.00637871
0.00648695
0.00644708
0.0064072
0.00636727
0.00647545
0.00643551
0.0065437
0.00650376
0.00646383
0.00642401
0.00638413
0.00634426
0.0063045
0.00626463
0.00622481
0.006185
0.00614524
0.00610548
0.00606567
0.00602585
0.00598609
0.0060941
0.0060544
0.00601459
0.00612259
0.00608283
0.00604308
0.00615102
0.00611126
0.00621909
0.00617933
0.00613964
0.0062474
0.0062077
0.00631541
0.00642312
0.00638336
0.00634366
0.00630403
0.00641167
0.00637203
0.00647956
0.00643986
0.00640029
0.00636053
0.00632089
0.00642848
0.00653589
0.00649631
0.00645661
0.00641698
0.0063774
0.00633776
0.00629818
0.00640553
0.00651294
0.00647324
0.00643373
0.00639415
0.00635451
0.00631499
0.00627542
0.0062359
0.00634319
0.00630361
0.0064109
0.00637126
0.00647849
0.00643903
0.00639945
0.00650662
0.0064671
0.00657415
0.0066812
0.00664169
0.00660217
0.00656265
0.00652313
0.00648367
0.00644422
0.00640476
0.00636524
0.00632584
0.00643283
0.00639337
0.0065003
0.00646085
0.00642145
0.00638205
0.00634259
0.0064494
0.00641
0.0063706
0.00633126
0.00643808
0.00654477
0.00650543
0.00646603
0.00657272
0.00667936
0.00664008
0.00660062
0.00656134
0.00666791
0.00677449
0.00673509
0.0068416
0.00680226
0.00676286
0.00686938
0.00682998
0.0067907
0.00675136
0.00671202
0.00667274
0.00677913
0.00673985
0.00670052
0.00666124
0.0066219
0.00658274
0.00668901
0.00664979
0.00661057
0.00657129
0.00653207
0.00649285
0.00645363
0.00641447
0.00637531
0.00633615
0.00644231
0.00640321
0.00636399
0.00632489
0.00643104
0.00639194
0.00635278
0.00631362
0.00641972
0.00638062
0.00648665
0.00644749
0.00640839
0.00651443
0.00647533
0.00643623
0.00639713
0.00635809
0.00631899
0.00627995
0.00638592
0.00649172
0.00645274
0.00655854
0.0065195
0.00662524
0.00658619
0.00654715
0.00650817
0.00661391
0.00657487
0.00653589
0.00649685
0.00645792
0.00641888
0.0063799
0.00634098
0.00630206
0.00626308
0.00636864
0.00632977
0.00629085
0.00625193
0.00621301
0.00617415
0.00613528
0.00609636
0.00605756
0.00616306
0.00612426
0.0060854
0.00604653
0.00600773
0.00596887
0.00607431
0.00603551
0.0059967
0.00610214
0.00606334
0.00616866
0.00612986
0.00623512
0.00619638
0.00615758
0.00611877
0.00608009
0.00604129
0.0060026
0.00610781
0.00606906
0.00603038
0.00599164
0.00595295
0.00591427
0.00587559
0.0058369
0.00594205
0.00604713
0.00600845
0.00611347
0.00621849
0.00617975
0.00628471
0.00638968
0.00649458
0.0064559
0.00641721
0.00652212
0.0066269
0.00673169
0.00669307
0.00665432
0.00661564
0.00657701
0.00653827
0.00649965
0.00660437
0.00670904
0.00667036
0.00677496
0.0067364
0.00684094
0.00694555
0.00690687
0.00701141
0.00697273
0.00693411
0.00689548
0.00685686
0.00681823
0.00677961
0.00674099
0.00670248
0.00680685
0.00676829
0.00672972
0.00683409
0.00679547
0.00675696
0.0067184
0.00667983
0.00664139
0.00660288
0.00656432
0.00652587
0.00648737
0.00659168
0.00655317
0.0066573
0.00661892
0.00658041
0.00654197
0.00650352
0.00646502
0.00642669
0.00638825
0.00634986
0.00631148
0.00641561
0.00637716
0.00633878
0.0064429
0.00640452
0.00636613
0.00647014
0.00643182
0.00639349
0.00635505
0.00631678
0.00627846
0.00624013
0.0062018
0.00616354
0.00612527
0.00608695
0.00604874
0.00601053
0.00597227
0.00593406
0.00589591
0.00599968
0.00610352
0.00606525
0.0060271
0.00598884
0.00595069
0.00591254
0.00587428
0.00583625
0.00579804
0.00590181
0.00586361
0.00582552
0.00578743
0.00589103
0.00585288
0.00581479
0.0057767
0.00573862
0.00570053
0.0056625
0.00576609
0.00572795
0.00583154
0.00579339
0.00575542
0.00571734
0.00567937
0.00564128
0.00560331
0.00556529
0.00552732
0.00548935
0.00545138
0.00541347
0.00537544
0.0053376
0.00529963
0.00526172
0.00522381
0.0051859
0.00528926
0.00525141
0.00521344
0.00517565
0.00513786
0.00509989
0.00520319
0.0051654
0.00512755
0.00508976
0.00519288
0.00515515
0.00525826
0.00522041
0.00518268
0.00514489
0.00510705
0.00506932
0.00517237
0.00513464
0.00509679
0.00505912
0.00516212
0.00526512
0.00536817
0.00533038
0.00543332
0.00539553
0.00535774
0.00546068
0.00542289
0.00538516
0.00548798
0.00545025
0.00541252
0.00537485
0.00533706
0.00529939
0.00526172
0.00522405
0.00518632
0.00514871
0.00525147
0.00535417
0.00531644
0.00527883
0.00524122
0.00520355
0.00530618
0.00526851
0.0052309
0.00519329
0.00515574
0.00511807
0.00508052
0.00504297
0.00500542
0.00496787
0.00493032
0.00503278
0.00499529
0.00495774
0.00492018
0.00488275
0.0048452
0.0049476
0.00505012
0.00515246
0.00511497
0.00507754
0.00517982
0.00514233
0.00524461
0.00534695
0.0053094
0.00541162
0.00537419
0.00533664
0.00529921
0.00526172
0.00522423
0.00518674
0.00528896
0.00525147
0.00535357
0.00531614
0.00541818
0.00552034
0.00562227
0.00558484
0.00568688
0.00564933
0.0056119
0.00557446
0.00567639
0.00577831
0.00588012
0.00598204
0.00594455
0.00590712
0.00586969
0.00583214
0.00593406
0.00589657
0.00585914
0.0058217
0.00592339
0.00588602
0.00584859
0.00581121
0.0057739
0.00573653
0.0058381
0.00593972
0.00604135
0.00600398
0.0059666
0.00592923
0.0058918
0.00585449
0.00595599
0.0060575
0.00602013
0.00598282
0.00608426
0.00604689
0.00600958
0.00597233
0.00593495
0.00589764
0.00586033
0.00596172
0.0060631
0.00602573
0.00612712
0.00608981
0.00605243
0.00601518
0.00611639
0.0060792
0.00604182
0.00600469
0.00596738
0.00593019
0.00589293
0.00585574
0.00581855
0.00578135
0.0057441
0.00570697
0.00566977
0.00563264
0.00559545
0.00555837
0.00552118
0.00562233
0.00558519
0.00568628
0.00564909
0.00575012
0.00585109
0.00581402
0.00577688
0.00573975
0.00584072
0.00594157
0.00590444
0.00586736
0.00583023
0.00579315
0.00575614
0.00571907
0.00581986
0.00592065
0.00602138
0.00598431
0.00594729
0.00591016
0.00601095
0.00597382
0.0059368
0.00589985
0.00586277
0.0058257
0.00578874
0.00575173
0.00585228
0.00595295
0.00591594
0.00587898
0.00584191
0.00580496
0.00576806
0.00573111
0.00569415
0.0056572
0.00575769
0.00572073
0.00582123
0.00578427
0.00574738
0.00571048
0.00567353
0.00563663
0.00573707
0.00570011
0.00580049
0.0059008
0.00586396
0.00582707
0.00579017
0.00575328
0.00585353
0.0058167
0.00577986
0.00574303
0.00570619
0.00580639
0.00576955
0.00573272
0.00569588
0.0056591
0.00575924
0.00572246
0.00582254
0.0057857
0.00574899
0.00571221
0.00567544
0.0056386
0.00560188
0.0057019
0.00566512
0.00562841
0.00559175
0.00569165
0.00565493
0.00561821
0.00558156
0.0056814
0.00564474
0.00574458
0.00584447
0.00594431
0.0059076
0.00587082
0.00583416
0.00579745
0.00576079
0.00572413
0.00568748
0.00578713
0.00575054
0.00571388
0.00567728
0.00564069
0.00560397
0.00556743
0.00553083
0.00549418
0.0054577
0.0054211
0.0053845
0.00534791
0.00531143
0.00527489
0.00523841
0.00520188
0.00516534
0.00512886
0.00509232
0.0050559
0.00501943
0.00498307
0.00494653
0.00504607
0.00500965
0.00497323
0.00493681
0.0049004
0.00486398
0.00482762
0.0047912
0.00475484
0.00471848
0.0048179
0.00478154
0.00488091
0.00484455
0.00480813
0.00477183
0.00473553
0.00469929
0.00466293
0.00476217
0.00472593
0.00468957
0.00465339
0.00475258
0.00471622
0.00467992
0.00464368
0.00460744
0.0045712
0.00453496
0.00449878
0.00446254
0.00442636
0.00439018
0.00435394
0.00431782
0.00428164
0.0043807
0.00447983
0.00457883
0.00454265
0.00450647
0.00447029
0.00443417
0.00439805
0.00449705
0.00446087
0.00442475
0.00438863
0.00448751
0.00445145
0.00441533
0.00437921
0.00434309
0.00444192
0.00440592
0.0045048
0.00446862
0.00443256
0.00453138
0.00449526
0.0044592
0.00442314
0.00438708
0.00435102
0.00431508
0.00427902
0.00424296
0.00420702
0.00417101
0.00413507
0.00409901
0.00406301
0.00402713
0.00399119
0.0039553
0.00391924
0.00401795
0.00398201
0.00394607
0.00404465
0.00400877
0.00397283
0.00393695
0.00390106
0.00386524
0.0038293
0.00379348
0.0037576
0.00372183
0.00382024
0.00378448
0.0037486
0.00384706
0.00381124
0.00377542
0.00387377
0.00383794
0.00380218
0.00390053
0.00399882
0.00409716
0.00406134
0.00402546
0.00398976
0.00395399
0.0040521
0.0040164
0.00411457
0.00407875
0.00417691
0.00414115
0.00410533
0.00406963
0.00403386
0.00413197
0.00409621
0.00406051
0.00402468
0.00412279
0.00408703
0.00405133
0.00401562
0.00397986
0.00394422
0.00390851
0.00400645
0.00397086
0.0039351
0.00389946
0.00386381
0.00382817
0.00379252
0.00389034
0.00385475
0.00395262
0.00391698
0.00401479
0.00397921
0.00394356
0.00390792
0.00387233
0.00383675
0.00380123
0.00376564
0.00373
0.00369453
0.00379223
0.00375664
0.00385433
0.00381875
0.00378323
0.0037477
0.00371224
0.00367659
0.00364119
0.00360566
0.00360107
0.00360578
0.00363231
0.00361496
0.00369436
0.00365889
0.00375634
0.00372088
0.00381845
0.00378293
0.0037474
0.00384492
0.00380945
0.00377399
0.00373852
0.00370312
0.00367516
0.00367987
0.00368452
0.0036943
0.00369376
0.00369835
0.00370294
0.00370753
0.00371218
0.00371671
0.00372136
0.00372583
0.0037306
0.0037353
0.00374001
0.00374454
0.00374889
0.00375354
0.00375801
0.0037629
0.00376731
0.00377208
0.00377661
0.0037812
0.00365335
0.00365812
0.00366253
0.00366718
0.00367182
0.00367641
0.00368112
0.00368577
0.0035581
0.00356263
0.00356728
0.00357163
0.00357664
0.00358099
0.00358558
0.00359005
0.00359488
0.00359946
0.00360429
0.0036087
0.00361329
0.00361782
0.00362259
0.003627
0.00369388
0.00365859
0.00362343
0.00372022
0.003685
0.00364989
0.00361466
0.00357956
0.00354433
0.00354117
0.00354582
0.00355041
0.00355494
0.00355953
0.00356418
0.00356883
0.00357342
0.00357819
0.00358272
0.00358719
0.00359166
0.00359631
0.00360096
0.00360548
0.00361013
0.00348312
0.00348777
0.0034923
0.003497
0.00350153
0.00350595
0.00351065
0.00351542
0.00352001
0.00352436
0.00352919
0.00353372
0.00357968
0.00354463
0.00354749
0.00355208
0.00355655
0.00356126
0.00356585
0.00357032
0.00357515
0.00357962
0.00358415
0.00358874
0.00359309
0.00359797
0.00360245
0.00360709
0.00361156
0.00361609
0.00362092
0.00362545
0.00362992
0.00363427
0.00363904
0.00364351
0.0036481
0.00365269
0.00365734
0.00366181
0.00366622
0.00367075
0.00367552
0.00367981
0.00355363
0.0035584
0.00356293
0.00357527
0.00358796
0.00360042
0.003613
0.00362551
0.00363803
0.00365049
0.00366318
0.00367558
0.00368822
0.00370067
0.00371319
0.00372559
0.00373805
0.00362021
0.00363266
0.00364506
0.00352734
0.0035398
0.0035522
0.00356477
0.00357729
0.00358975
0.00360233
0.00361478
0.0036273
0.00363976
0.00352204
0.0035345
0.00354707
0.00355953
0.00357199
0.00358456
0.00346678
0.00347942
0.00349182
0.00350446
0.00351697
0.00352925
0.00354177
0.00355428
0.0035668
0.00357926
0.00359172
0.00360423
0.00361663
0.00362915
0.00364149
0.003654
0.00366652
0.00367898
0.00369138
0.00370395
0.00358641
0.00359899
0.00361133
0.00362384
0.00363618
0.00364876
0.00366116
0.00367361
0.00368613
0.00369841
0.00371093
0.00372338
0.00373584
0.00374806
0.00376052
0.00364333
0.00362027
0.00362462
0.00362951
0.0036338
0.00363839
0.0036431
0.00364745
0.0036521
0.00365645
0.0036608
0.00366563
0.00366998
0.00367439
0.00367892
0.00368345
0.0036881
0.00369245
0.00369698
0.00370151
0.00370574
0.00371057
0.00371492
0.00371951
0.00372374
0.00372845
0.00373298
0.00373745
0.0037418
0.00374651
0.00375092
0.00375539
0.00375968
0.00376427
0.00376868
0.00377321
0.00377792
0.00378221
0.0037865
0.00379115
0.00379568
0.00380009
0.00380456
0.0038088
0.00381351
0.00381786
0.00382239
0.00382692
0.00383133
0.00370693
0.0037117
0.00371593
0.00372052
0.00372505
0.00372934
0.00373399
0.0037384
0.00374281
0.00374711
0.00375181
0.00375623
0.00376046
0.0036366
0.00364101
0.00364554
0.00365007
0.00365442
0.00365895
0.00366348
0.00366795
0.00367469
0.00368148
0.00368828
0.00369507
0.00370198
0.0037086
0.00371546
0.00359386
0.00360078
0.00360757
0.00348616
0.00349289
0.00349963
0.00350642
0.00351328
0.00352019
0.00352699
0.00353366
0.00354064
0.00354725
0.00355417
0.0035609
0.00356776
0.00344628
0.0034532
0.00345999
0.00346678
0.00347358
0.00348032
0.00348711
0.00349391
0.0035007
0.00350749
0.00351441
0.00352108
0.00352788
0.00353652
0.00354892
0.0035612
0.00357342
0.0035857
0.00359797
0.00361025
0.00362247
0.00363481
0.00351924
0.00353146
0.00354373
0.00355595
0.00356835
0.00358051
0.00346512
0.00347733
0.00348973
0.00350195
0.00351423
0.00352639
0.00353867
0.00355083
0.00356311
0.00357533
0.00358748
0.00359982
0.0036121
0.00362414
0.00363636
0.00364876
0.00353348
0.00354564
0.00350291
0.0035097
0.00351638
0.00352323
0.00353003
0.00353682
0.00354344
0.00355017
0.00355691
0.00356364
0.00357038
0.00357723
0.00358522
0.00359827
0.00361133
0.0036245
0.00363767
0.00365067
0.0036639
0.00367707
0.00369006
0.0037033
0.00371647
0.0037294
0.00361568
0.00362873
0.00364172
0.00365496
0.00366819
0.00368118
0.00369424
0.00370735
0.00372034
0.00373352
0.00374651
0.00375962
0.0037728
0.00378573
0.0037989
0.0038119
0.00382495
0.003838
0.003851
0.00386399
0.00387704
0.00389022
0.00390321
0.00387567
0.00388783
0.00389993
0.00391203
0.00392407
0.00393611
0.00394827
0.00396031
0.00397247
0.00398457
0.00399667
0.00400871
0.00402075
0.00403285
0.00404483
0.00405687
0.00406897
0.00408107
0.00409311
0.00410515
0.00411719
0.00412929
0.00414133
0.00415331
0.00416523
0.00417745
0.00418937
0.00420129
0.00421333
0.00422543
0.00423747
0.00424945
0.00426149
0.00427341
0.00428545
0.00429749
0.00430959
0.00432158
0.0043335
0.00434548
0.00423163
0.00424361
0.00412977
0.00414175
0.00415367
0.00403988
0.00405186
0.00406396
0.00407588
0.00408787
0.00409991
0.00411189
0.00412387
0.00401032
0.00402224
0.00403422
0.00392056
0.00393254
0.00394452
0.00395656
0.00384301
0.00385499
0.00386703
0.00387895
0.00389099
0.00390309
0.00391501
0.00392711
0.00393909
0.0038256
0.00383759
0.00384957
0.00386161
0.00387359
0.00388557
0.00389767
0.00390959
0.00379622
0.00380832
0.00382024
0.00370693
0.00371891
0.00373089
0.00374299
0.00375491
0.00364172
0.00365376
0.00366575
0.00367779
0.00356466
0.00345153
0.00346363
0.00347549
0.00345647
0.00346059
0.00346518
0.00346965
0.00347388
0.00347817
0.00348264
0.00348711
0.0034914
0.00337076
0.00337505
0.00337958
0.00338411
0.00338846
0.0033927
0.00339729
0.00340134
0.00340557
0.00341052
0.00341469
0.00341916
0.00342333
0.0034278
0.00343227
0.00331199
0.00331634
0.00332052
0.00332499
0.00332934
0.00333393
0.0033381
0.00334257
0.0033468
0.00335115
0.00335544
0.00336003
0.00336444
0.00336891
0.00337321
0.0033772
0.00338209
0.00338608
0.00339037
0.00339496
0.00339925
0.00340366
0.00340807
0.00341231
0.00341702
0.00342143
0.00342554
0.00342977
0.00343412
0.00343841
0.003443
0.00344729
0.00345194
0.003456
0.00346029
0.00346464
0.00346887
0.0034731
0.00348198
0.00349391
0.00350577
0.00351781
0.00352961
0.00354159
0.00355351
0.00356525
0.00357711
0.00358903
0.00360096
0.00361276
0.00362474
0.0036366
0.00364858
0.00366044
0.0036723
0.00368422
0.00369602
0.00370795
0.00371981
0.00373155
0.00374347
0.00375545
0.00376725
0.00377899
0.00379097
0.00380284
0.00381458
0.00382644
0.0038383
0.00384998
0.0038619
0.00387371
0.00388557
0.00389737
0.00390929
0.00392091
0.00393271
0.00394458
0.00395632
0.00396824
0.00397998
0.00399178
0.00400364
0.00401545
0.00402719
0.00403911
0.00405073
0.00393915
0.00395089
0.00396287
0.00397474
0.0039863
0.00387472
0.00388652
0.00377512
0.00378698
0.00379878
0.00368738
0.00369912
0.0037111
0.00372285
0.00373453
0.00374645
0.00375819
0.00376999
0.00378174
0.0037936
0.00380528
0.00381708
0.00382888
0.00384068
0.00385249
0.00386417
0.00387591
0.00388771
0.00389951
0.0039112
0.00392288
0.00393468
0.00394648
0.00395811
0.00396985
0.00398165
0.00399345
0.00388235
0.00377125
0.00366038
0.00367212
0.00368387
0.00369561
0.00370729
0.00371909
0.00360829
0.00361997
0.00363159
0.00364351
0.0036552
0.00366706
0.00367874
0.0036906
0.0037024
0.00371403
0.00372577
0.00373739
0.00374925
0.00376099
0.00377274
0.00378442
0.00379616
0.00380778
0.00381953
0.00383121
0.00384301
0.00385475
0.00386637
0.003878
0.00388992
0.00390154
0.00391322
0.00392491
0.00393641
0.00394821
0.00396001
0.00397164
0.00398314
0.003995
0.00400668
0.00401825
0.00402987
0.00404161
0.00405341
0.00406492
0.0040766
0.00408828
0.00410002
0.00411159
0.00412309
0.00413477
0.00414658
0.00415802
0.00416958
0.00418133
0.00419301
0.00420463
0.00421613
0.00422782
0.00423944
0.00425106
0.0042628
0.00427431
0.00428593
0.00429744
0.00430912
0.00432068
0.00433224
0.00434387
0.00435549
0.00436693
0.00437856
0.00439024
0.0044018
0.00441343
0.00442499
0.00443655
0.00444818
0.00433785
0.00434971
0.00436115
0.00425106
0.00426275
0.00427437
0.00428581
0.00429749
0.00430906
0.00432068
0.00433224
0.00434387
0.00423396
0.00424558
0.00425708
0.00426853
0.00428015
0.00429171
0.00430322
0.0043149
0.00432634
0.00433791
0.00422817
0.00423974
0.00425136
0.0042628
0.00427437
0.00428593
0.00429749
0.00430912
0.00432044
0.00433207
0.00434351
0.00423408
0.00424564
0.00425714
0.00426859
0.00428021
0.00429165
0.00430334
0.00419384
0.00408435
0.00397485
0.00398648
0.00399798
0.00400954
0.00402117
0.00403267
0.00392336
0.00393492
0.00394654
0.00395787
0.00396943
0.00398117
0.00387186
0.00388342
0.00389498
0.00390655
0.00391805
0.00392962
0.00394112
0.00395262
0.00396419
0.00397581
0.00398731
0.00399894
0.00388968
0.0039013
0.00391281
0.00392431
0.00393581
0.00394738
0.00396132
0.00398135
0.00400138
0.00399327
0.00400496
0.0040164
0.00402796
0.00403947
0.00405085
0.00406241
0.00395358
0.00396496
0.00385606
0.00386828
0.0038861
0.00390399
0.00392169
0.00393993
0.00395989
0.00397515
0.00399297
0.00401074
0.00402862
0.0039261
0.00394392
0.0039618
0.0039795
0.00399727
0.00401509
0.00403273
0.00405067
0.00406837
0.00396603
0.0039838
0.00400162
0.00401944
0.0039171
0.00393492
0.00383264
0.00380629
0.00381768
0.00382912
0.00384051
0.00385213
0.00386357
0.00387502
0.00388652
0.00389796
0.00390941
0.00380099
0.00381255
0.00370431
0.00372183
0.0037396
0.00375724
0.00377506
0.00379276
0.00381052
0.00382835
0.00384599
0.00386375
0.00388145
0.00377959
0.00367773
0.00357586
0.00359356
0.00361127
0.00362909
0.00364691
0.00366449
0.00368226
0.00358045
0.00359821
0.00361592
0.00363362
0.00353193
0.00347653
0.0035257
0.00357482
0.00350457
0.00355369
0.00348344
0.00341731
0.00343502
0.00345272
0.00344124
0.00349033
0.00342014
0.00341123
0.00341552
0.00341952
0.00342387
0.00342798
0.00343215
0.00343639
0.0034405
0.00344479
0.00344896
0.0034532
0.00345737
0.00346136
0.00346571
0.00346965
0.003474
0.0033592
0.00336331
0.00336754
0.0033834
0.00340104
0.00341874
0.00338399
0.00338817
0.0033924
0.00339669
0.00340092
0.00340575
0.00342351
0.00344115
0.0034588
0.00347644
0.00349414
0.00351173
0.00352937
0.00354707
0.0035646
0.00346351
0.00348121
0.00349885
0.00351644
0.00353408
0.00355172
0.00356925
0.00358689
0.00360447
0.00362206
0.0036397
0.00365728
0.00367486
0.00369245
0.00371009
0.00372756
0.0037452
0.00376278
0.00366187
0.00367939
0.00369698
0.0037145
0.00373209
0.00374961
0.00376713
0.00378484
0.00380236
0.00381976
0.00383735
0.00385493
0.00387251
0.0037716
0.00378925
0.00380671
0.00370598
0.00372356
0.00362283
0.00364029
0.00365794
0.0036754
0.00369304
0.00371045
0.00372797
0.0037455
0.00364494
0.00366241
0.00367999
0.00369745
0.00364524
0.00364929
0.00365317
0.00353932
0.0035435
0.00354779
0.00355172
0.00355595
0.00356025
0.00356418
0.00345039
0.00345457
0.00345868
0.00346291
0.00346702
0.00335312
0.00335735
0.00336158
0.00339755
0.00344604
0.00349453
0.00354299
0.0034737
0.00352216
0.00345287
0.00350133
0.00343207
0.00348049
0.00341123
0.003411
0.00341493
0.00341916
0.00342345
0.00330997
0.00334889
0.00339732
0.00344568
0.00349408
0.00342491
0.00347328
0.00340414
0.00345251
0.00350085
0.00343174
0.00348008
0.00352842
0.00357673
0.00362504
0.00355595
0.00360423
0.00365254
0.00358346
0.00351441
0.00356269
0.00349364
0.00342461
0.00335559
0.00340387
0.00333488
0.00338316
0.0033142
0.00330818
0.00331229
0.00334173
0.00338998
0.00332105
0.00325212
0.00321573
0.00323147
0.00322384
0.00322819
0.003232
0.00323617
0.00324053
0.00328657
0.00333476
0.00338295
0.00343111
0.00347924
0.0035274
0.00357553
0.00350669
0.00343788
0.00336909
0.00330031
0.00334844
0.00329399
0.00332779
0.00330228
0.00330716
0.00331026
0.00331444
0.00331837
0.00332296
0.00332701
0.00336209
0.00333506
0.00334147
0.00334328
0.00334722
0.00336891
0.00335538
0.00335968
0.00336385
0.00336784
0.00337195
0.00337589
0.00338006
0.00338417
0.00338817
0.00339252
0.00339645
0.0034005
0.00340468
0.00340861
0.0034126
0.00341672
0.00330436
0.00330859
0.00334814
0.003317
0.00332758
0.00332481
0.0033291
0.00333327
0.00333738
0.00334126
0.00334543
0.00334954
0.00335371
0.00335765
0.00336164
0.00336599
0.00336987
0.00337398
0.00337815
0.00338221
0.00338626
0.00339025
0.00339437
0.00339836
0.00340259
0.00340652
0.00341064
0.00341463
0.00341892
0.0034228
0.00342727
0.00343102
0.00343502
0.00343907
0.00344306
0.00344729
0.00345147
0.00345528
0.00345951
0.00346339
0.00346756
0.00347167
0.00347584
0.00347978
0.00348389
0.00348771
0.00349176
0.00349599
0.00349998
0.00350398
0.00350785
0.00351214
0.00351626
0.00352031
0.0035243
0.00352836
0.00353235
0.00353628
0.00354064
0.00354445
0.00354862
0.00355232
0.00355667
0.0035606
0.00356454
0.00356871
0.00357252
0.00357676
0.00358087
0.0035848
0.00358903
0.00359297
0.00359684
0.00360072
0.00360501
0.00360924
0.003613
0.00361723
0.00362104
0.00362515
0.00362915
0.00363302
0.00363719
0.00364131
0.00364506
0.00364918
0.00365323
0.00365722
0.00366139
0.00366563
0.00366944
0.00367332
0.00367725
0.00368124
0.0036853
0.00368929
0.00369328
0.00369722
0.00370133
0.00370532
0.00370932
0.00371325
0.00371742
0.00372148
0.00372523
0.00372928
0.00373322
0.00373733
0.00374132
0.00374514
0.00374931
0.00375336
0.00375742
0.00376141
0.00376529
0.00376946
0.00377339
0.00377715
0.00378126
0.00378525
0.00378901
0.00379312
0.00379717
0.00380123
0.00380522
0.00380915
0.00381303
0.00381684
0.00382102
0.00382507
0.00382888
0.00383294
0.00383705
0.00384104
0.00384486
0.00384867
0.00385302
0.0038569
0.00386071
0.00386453
0.00386888
0.00387263
0.00387633
0.00388062
0.00388467
0.00388849
0.00389242
0.00389624
0.00390047
0.00390446
0.00390822
0.00391203
0.00391632
0.0039202
0.00392413
0.0039283
0.003932
0.00393605
0.00393993
0.00394374
0.00394791
0.00395179
0.0039556
0.00395954
0.00396347
0.00396752
0.0039717
0.00397551
0.00397921
0.003869
0.00387311
0.00387692
0.0038811
0.00388497
0.00388914
0.0038929
0.00389659
0.00390089
0.00390464
0.00390857
0.00391269
0.0039165
0.00392038
0.00392419
0.00392836
0.00393218
0.00393623
0.00394017
0.00394398
0.00394779
0.00395173
0.00395596
0.00395966
0.00396377
0.00396776
0.00397164
0.00397551
0.00397962
0.00386947
0.00387347
0.00387734
0.00388134
0.00388527
0.00388896
0.00377953
0.00378335
0.00378716
0.00379127
0.00379515
0.00379908
0.00380319
0.00380707
0.00381094
0.00381517
0.00381893
0.00382274
0.00382662
0.00383079
0.00383455
0.00383842
0.00384265
0.00384641
0.0038501
0.00385422
0.00385821
0.00386196
0.00386608
0.0037564
0.00376046
0.00376451
0.00376827
0.00377214
0.00377607
0.00378007
0.003784
0.00378793
0.00379187
0.0037958
0.0037998
0.00380361
0.00369412
0.00369835
0.00370222
0.00370598
0.00371003
0.00371408
0.0037179
0.00372195
0.00372583
0.00372982
0.00373381
0.00373763
0.00374174
0.0037455
0.00374913
0.00375342
0.00375718
0.00376111
0.00376493
0.00376898
0.00377274
0.00377685
0.0037806
0.0037846
0.00378865
0.00379229
0.00379658
0.00380033
0.00380415
0.00380832
0.00381231
0.00381601
0.00381994
0.00382376
0.00382763
0.00383168
0.00383544
0.00383955
0.00384331
0.0038473
0.00385123
0.00374228
0.00374603
0.00375026
0.00376564
0.00378436
0.00380301
0.00382167
0.00384051
0.00385916
0.00377768
0.003784
0.00380272
0.00382137
0.00379336
0.00379711
0.00380117
0.00380498
0.00380874
0.00381273
0.0038166
0.00382072
0.00382453
0.00382823
0.0038324
0.00383604
0.00384003
0.0038439
0.00384772
0.00385177
0.00385541
0.00385952
0.00386345
0.00386709
