0.415038
0.415038
0.415038
0.415038
0.215038
0.192645
0.137504
0.137504
0.137504
0.137504
0.125531
0.110941
0.0852998
0.106643
0.0780719
0.0849625
0.114374
0.0849625
0.0728991
0.0849625
0.108772
0.0849625
0.106702
0.126629
0.104962
0.123424
0.140518
0.156391
0.171169
0.184963
0.165608
0.147462
0.130417
0.114374
0.0992482
0.11274
0.125503
0.137594
0.123424
0.134962
0.145938
0.156391
0.143102
0.153144
0.16274
0.15018
0.138154
0.147462
0.135983
0.124963
0.133982
0.142655
0.151
0.140518
0.130417
0.120677
0.111278
0.102204
0.101589
0.0885947
0.0931592
0.0961216
0.0997059
0.103178
0.0911589
0.0946553
0.0980475
0.10134
0.104537
0.107642
0.11066
0.113595
0.116449
0.119225
0.121928
0.12456
0.127123
0.12962
0.132055
0.121928
0.124397
0.126806
0.129157
0.119547
0.110163
0.112626
0.115031
0.117383
0.119681
0.121928
0.124126
0.115406
0.117627
0.1198
0.121928
0.124011
0.115743
0.117846
0.119908
0.121928
0.123908
0.12585
0.127753
0.120005
0.121928
0.114381
0.106975
0.108965
0.110919
0.112837
0.114721
0.116571
0.109539
0.10263
0.104537
0.106411
0.0997059
0.0931145
0.0950373
0.0969281
0.0987876
0.100617
0.102416
0.0961217
0.0979281
0.0997059
0.0935816
0.0953656
0.08937
0.0911589
0.0929204
0.0946554
0.0963642
0.0905848
0.0922985
0.086634
0.0883514
0.0900441
0.0917122
0.0862138
0.0807933
0.0824915
0.0841659
0.085817
0.0874453
0.0822021
0.0838329
0.0854416
0.0870288
0.0885947
0.09014
0.0916649
0.0931699
0.0946553
0.0961216
0.0975691
0.0926288
0.0877509
0.0892237
0.0906781
0.0921144
0.0873601
0.0826643
0.0841232
0.0795038
0.0809642
0.0764191
0.0778804
0.0793245
0.0807517
0.082162
0.083556
0.0849339
0.0862958
0.0876424
0.0889735
0.0902897
0.0915911
0.0928778
0.0941503
0.0898839
0.0856644
0.0814909
0.0827976
0.0786848
0.0799926
0.0759388
0.0772473
0.0785418
0.0798228
0.0758548
0.0771364
0.0732234
0.0745054
0.070646
0.0719281
0.0731971
0.0744534
0.0756969
0.0719281
0.0731719
0.0694528
0.0657704
0.0670261
0.0682696
0.0695009
0.0658894
0.0671204
0.0683396
0.0695471
0.0707433
0.0672111
0.0684069
0.0695916
0.0707653
0.0719281
0.0730802
0.0742217
0.0753528
0.0764735
0.0775842
0.0741803
0.0752913
0.0763924
0.0774836
0.0741405
0.0708268
0.0719281
0.0730198
0.074102
0.0751749
0.0762385
0.0772929
0.0783384
0.0751196
0.0719281
0.072983
0.074029
0.0750661
0.0760947
0.0771148
0.0781265
0.0750145
0.0719281
0.0729485
0.0739606
0.0749645
0.0719281
0.0689161
0.0699281
0.066948
0.0679598
0.0689636
0.0699596
0.0670261
0.0680218
0.0690098
0.0699901
0.0709628
0.0680819
0.0690545
0.0700197
0.0709775
0.0681402
0.0690979
0.0662889
0.0672464
0.0681967
0.06914
0.0663726
0.0673156
0.0645751
0.0655178
0.0664536
0.0673826
0.0646817
0.0656103
0.0665324
0.0638636
0.0647852
0.0657004
0.0666089
0.0675111
0.0648858
0.0622789
0.0631868
0.0640883
0.0649837
0.0658727
0.0667557
0.0676326
0.0685034
0.0693684
0.066826
0.0676908
0.0685497
0.0660359
0.0668945
0.064403
0.0652614
0.0627918
0.06365
0.0645023
0.0653492
0.0661904
0.0670261
0.0678564
0.0686814
0.0662646
0.0670894
0.0646933
0.0655178
0.0631421
0.0639663
0.0616106
0.0592698
0.0600985
0.0609218
0.0586052
0.0594281
0.0602458
0.0579529
0.0587702
0.0595824
0.0573127
0.0581244
0.0589312
0.059733
0.0605299
0.061322
0.0621094
0.0598799
0.0606668
0.0614491
0.0622266
0.0600233
0.0608005
0.0615731
0.062341
0.0601634
0.0579985
0.0558462
0.056622
0.0573932
0.0581599
0.0560321
0.0539166
0.0546867
0.0525872
0.0533566
0.0541218
0.0520417
0.0528063
0.0507416
0.0486887
0.0494562
0.0474183
0.0481851
0.0489476
0.0497059
0.05046
0.0512099
0.0519556
0.0526973
0.0506952
0.0514362
0.0521733
0.0529063
0.0536354
0.0516579
0.0523863
0.0504227
0.0511506
0.0518746
0.0525947
0.053311
0.0540236
0.0547323
0.0527988
0.053507
0.0515869
0.0522946
0.0529986
0.0536989
0.0543956
0.0550887
0.0531942
0.0538868
0.0545759
0.0526974
0.0533859
0.0515199
0.052208
0.0528926
0.0535737
0.0542513
0.0549256
0.0530838
0.0537576
0.0519281
0.0526014
0.0507838
0.0514566
0.0521261
0.0527923
0.0534552
0.0541148
0.0523203
0.0529794
0.0536354
0.0542881
0.0549378
0.053163
0.0538121
0.0520486
0.0526973
0.0533429
0.0539855
0.0522383
0.0528805
0.0535195
0.0517859
0.0524246
0.0530602
0.0536928
0.051975
0.0526072
0.0532365
0.0538628
0.0544862
0.0551067
0.0534095
0.0540296
0.0523428
0.0506637
0.0512859
0.0519052
0.0502385
0.0485796
0.0492008
0.0498192
0.0504349
0.0487904
0.0494056
0.050018
0.0506276
0.0512345
0.0518388
0.0524403
0.0530392
0.0536354
0.054229
0.0548199
0.0554082
0.055994
0.0565772
0.0549697
0.0555525
0.0561329
0.0567107
0.057286
0.0556943
0.0562693
0.0546867
0.0531109
0.0536878
0.0521209
0.0526974
0.0532714
0.0517153
0.0501659
0.0507416
0.051315
0.0518859
0.0524544
0.0509197
0.0514879
0.0520536
0.0505294
0.0490114
0.0495788
0.0501438
0.0507066
0.0512669
0.051825
0.0523808
0.0529342
0.0514362
0.0519894
0.0504995
0.0490157
0.0475379
0.0480944
0.0466245
0.0471806
0.0457184
0.0462742
0.0468277
0.047379
0.0459281
0.0444829
0.0450357
0.0455861
0.0441504
0.0447003
0.0452482
0.045794
0.0463375
0.046879
0.0474183
0.0479555
0.0484906
0.0490236
0.0495545
0.0500835
0.0486723
0.0492008
0.0497273
0.048325
0.046928
0.0474559
0.046066
0.0465934
0.0471189
0.0457376
0.0462627
0.0448883
0.045413
0.0459356
0.0464564
0.0469751
0.047492
0.0480068
0.0485198
0.0490308
0.04954
0.0500473
0.0505526
0.0492008
0.0497058
0.050209
0.0488654
0.0493683
0.0498692
0.0503685
0.0490344
0.0495332
0.0482055
0.0487041
0.0492008
0.0478809
0.0483774
0.0488721
0.0493649
0.0480542
0.0485468
0.0490376
0.0495266
0.050014
0.0504996
0.0492008
0.0479068
0.0466173
0.0453323
0.0458218
0.044543
0.0432684
0.043759
0.044248
0.0429807
0.0434693
0.0439561
0.0444412
0.0449246
0.0454063
0.0441503
0.0428986
0.0433814
0.0421354
0.0426177
0.0413774
0.0418593
0.0423397
0.0428185
0.0415862
0.0403581
0.0408378
0.0413159
0.0400944
0.0388772
0.0393562
0.0398335
0.0403092
0.0390998
0.0395752
0.038371
0.038846
0.0376471
0.0381218
0.0369281
0.0357384
0.0362138
0.0350293
0.0355042
0.0343248
0.0347994
0.0352724
0.0357439
0.0345718
0.0334035
0.0322391
0.0327124
0.0315529
0.0320258
0.0324972
0.0313436
0.0301939
0.0306659
0.0295209
0.0299926
0.0304627
0.0293236
0.0297933
0.0286588
0.0291281
0.0279984
0.0284672
0.02923
0.0294002
0.0298646
0.0303275
0.0292066
0.0280892
0.0285527
0.0274822
0.0283587
0.0292325
0.0285361
0.027842
0.0287125
0.0280202
0.0273301
0.0266421
0.0275091
0.026823
0.027687
0.0270027
0.0278637
0.0271813
0.0280394
0.0273588
0.028214
0.0275352
0.0268585
0.0277106
0.02856
0.0278849
0.0272117
0.0265406
0.0258716
0.0267174
0.0260501
0.0268931
0.0262275
0.0270678
0.0264039
0.0257421
0.0265793
0.0274139
0.0267535
0.0260951
0.0269268
0.0262701
0.027099
0.026444
0.0272702
0.0266168
0.0269428
0.0259045
0.0263399
0.0269595
0.0263115
0.0271294
0.026483
0.0272982
0.0266534
0.0274661
0.02687
0.027633
0.0284407
0.027799
0.027159
0.0265209
0.026539
0.0255252
0.0260544
0.0268563
0.0276559
0.0284532
0.0278196
0.0271879
0.0279824
0.0274757
0.0281443
0.0289341
0.0287269
0.0277272
0.0270529
0.0278398
0.0275619
0.0279759
0.0283887
0.0288005
0.029211
0.0296203
0.0300286
0.0290411
0.029449
0.0298557
0.0288725
0.029279
0.0296843
0.0287054
0.0291104
0.028135
0.0285397
0.0278786
0.0286438
0.0294069
0.030168
0.0309269
0.0316838
0.0324386
0.0331914
0.0339421
0.0346907
0.0340805
0.034827
0.0342183
0.0349625
0.0357047
0.0350973
0.0344914
0.0338872
0.0332846
0.0326837
0.0320843
0.0314865
0.0322255
0.0329625
0.0336975
0.0344306
0.0338337
0.0332384
0.0339691
0.0346979
0.0341038
0.0348306
0.0355554
0.0349625
0.0343712
0.0337814
0.0331931
0.0339154
0.0333285
0.0327432
0.0334632
0.0341812
0.0335971
0.0343131
0.0350273
0.0344444
0.0338629
0.0332829
0.0327044
0.0334161
0.0341259
0.0335486
0.0342565
0.0349625
0.0343863
0.0350904
0.0357926
0.0364931
0.0359179
0.0353442
0.0360425
0.0354701
0.0348991
0.0355954
0.0350257
0.0344574
0.0351516
0.0345846
0.0352769
0.0347112
0.0341469
0.033584
0.0342741
0.0349625
0.0344007
0.0350872
0.0345266
0.0339675
0.0334097
0.0328533
0.0335374
0.0342199
0.0349007
0.0355798
0.0362572
0.0357014
0.035147
0.0358225
0.0364962
0.0359429
0.0366149
0.0372852
0.0367329
0.036182
0.0356324
0.0350841
0.0345372
0.0339916
0.0334473
0.034115
0.0335719
0.0330301
0.0324896
0.0331553
0.0326159
0.0332798
0.0339421
0.0334037
0.0340643
0.0347233
0.0341859
0.0348431
0.0343069
0.0349625
0.0344274
0.0338936
0.0345473
0.0340146
0.0346666
0.0353171
0.035966
0.0354342
0.0349036
0.0343742
0.0350212
0.0356667
0.0351383
0.0346112
0.0340853
0.0335606
0.0330372
0.0336804
0.0331581
0.0326369
0.0332784
0.0327583
0.0322394
0.0328791
0.0323613
0.0329994
0.0324827
0.0331192
0.0326034
0.0320889
0.0315756
0.0310634
0.0316979
0.0311867
0.0306768
0.0313095
0.0308006
0.0314317
0.0309238
0.0315534
0.0310465
0.0305407
0.0300361
0.0295326
0.0290303
0.0296578
0.0302838
0.0309084
0.0304068
0.0299063
0.0294069
0.0289087
0.0295314
0.0301526
0.0307725
0.030275
0.0308934
0.0315104
0.0310137
0.0316291
0.0311334
0.0317474
0.0312526
0.0318651
0.0313713
0.0308786
0.030387
0.0309977
0.0316072
0.0322152
0.0317243
0.0323309
0.0318409
0.031352
0.0308641
0.0303773
0.0309821
0.0304963
0.0310996
0.0317016
0.0312166
0.0318171
0.031333
0.0319322
0.0325301
0.0320467
0.0326432
0.0321608
0.0316794
0.0322743
0.032868
0.0334603
0.0340514
0.0346413
0.0341603
0.0347488
0.0342688
0.0337898
0.0333118
0.0338987
0.0334216
0.0340071
0.0335309
0.0330557
0.0336397
0.0342225
0.0348041
0.0353844
0.0349098
0.0354888
0.0360666
0.0366431
0.0372185
0.0377927
0.0373185
0.0368453
0.0363731
0.0369458
0.0364745
0.0370458
0.037616
0.0371454
0.0366759
0.0372446
0.0367759
0.0363082
0.0358415
0.0353757
0.0359429
0.0354779
0.035014
0.034551
0.0351166
0.0356812
0.0352189
0.0357822
0.0353207
0.0358827
0.0364436
0.0359829
0.0355231
0.0360827
0.0356237
0.0351657
0.0357239
0.036281
0.0358237
0.0363795
0.0359231
0.0364776
0.036022
0.0355673
0.0361206
0.0356667
0.0362188
0.0357657
0.0353135
0.0348623
0.0344119
0.0339625
0.0335139
0.0330663
0.0336165
0.0331697
0.0337187
0.0332726
0.0328274
0.0323831
0.0319397
0.0324872
0.0330337
0.032591
0.0331362
0.0336804
0.0332384
0.0327971
0.0323568
0.0319173
0.0314787
0.0320213
0.0315835
0.0311464
0.0307103
0.0312515
0.0308161
0.0303816
0.0299479
0.029515
0.029083
0.0286518
0.0291914
0.0287609
0.0283313
0.0279025
0.0284407
0.0280127
0.0275854
0.027159
0.0276959
0.0272702
0.0278059
0.0273809
0.0279155
0.0274912
0.0280247
0.0285571
0.0281335
0.0286648
0.0282418
0.0278196
0.0273983
0.0269777
0.0265579
0.0270877
0.0266686
0.0262504
0.0258329
0.0254162
0.0250002
0.0255285
0.0251133
0.0256405
0.0252259
0.0248121
0.0243991
0.024925
0.0254498
0.0250374
0.0255612
0.026084
0.0256721
0.0261938
0.0267146
0.0263033
0.0258927
0.0254829
0.0250739
0.0246657
0.0242581
0.0238514
0.0234454
0.0230401
0.023559
0.0231544
0.0227505
0.0232682
0.0237849
0.0233816
0.022979
0.0234946
0.0240092
0.0245229
0.0241208
0.0237193
0.0242319
0.0247435
0.0243426
0.0239424
0.0244529
0.0240534
0.0236546
0.0241639
0.0237657
0.0233683
0.0229715
0.0225755
0.0221802
0.0226881
0.0222934
0.0228003
0.0233063
0.0229121
0.0234171
0.0230235
0.0235275
0.0231345
0.0236375
0.0241396
0.0237471
0.0233553
0.0229643
0.0225739
0.0221842
0.0217952
0.0222958
0.0219074
0.022407
0.0229057
0.0225179
0.0230156
0.0226283
0.0222417
0.0218557
0.0214704
0.0219669
0.0224625
0.0220777
0.0216936
0.0221881
0.0226818
0.0222982
0.0219152
0.0224078
0.0220254
0.0225171
0.0221353
0.022626
0.0222447
0.0227345
0.0223538
0.0219738
0.0215944
0.022083
0.0225708
0.0230577
0.0226788
0.0223004
0.0227863
0.0232714
0.0237556
0.024239
0.0247215
0.0252033
0.024825
0.0244475
0.0249282
0.0254081
0.0258871
0.0263654
0.0259881
0.0256115
0.0260888
0.0257127
0.0253373
0.0258135
0.0254387
0.0259141
0.0255397
0.0260142
0.0256405
0.0252673
0.0257408
0.0262136
0.0266854
0.0271566
0.0276269
0.027254
0.0277234
0.0273511
0.0269793
0.0274478
0.0279155
0.0283825
0.0280111
0.0276403
0.0272702
0.0269007
0.0265318
0.0261635
0.0266291
0.0262614
0.0258943
0.0255277
0.0251618
0.0247965
0.025261
0.0248962
0.024532
0.0241684
0.0238055
0.0234431
0.0230813
0.0227201
0.0231833
0.0228226
0.0224625
0.022103
0.0225651
0.0230265
0.0234871
0.0231279
0.0227694
0.0224114
0.022871
0.0233298
0.0237879
0.0242453
0.0238876
0.0235304
0.0231739
0.0236302
0.0240858
0.0237297
0.0233742
0.0230192
0.0226648
0.0223109
0.0219576
0.022412
0.0220593
0.0225129
0.0221606
0.0226133
0.0230654
0.0235167
0.0231647
0.0228133
0.0232638
0.0229129
0.0225625
0.0222127
0.0218635
0.0215148
0.0219641
0.0224127
0.0228606
0.0233077
0.0229593
0.0226114
0.0222641
0.0227103
0.0231558
0.0236006
0.0232536
0.0229071
0.0225612
0.0222158
0.021871
0.0215267
0.0219704
0.0224133
0.0220694
0.021726
0.0213832
0.0210409
0.0206992
0.021141
0.0215822
0.0212408
0.0209
0.0213403
0.02178
0.0222189
0.0218784
0.0215384
0.0211989
0.0208599
0.0205215
0.0209594
0.0213966
0.0218331
0.021495
0.0219308
0.0223659
0.0220281
0.0216909
0.0213542
0.021018
0.0206823
0.0203471
0.0200124
0.0204464
0.0201121
0.0205453
0.0209778
0.0206439
0.0203106
0.0199778
0.0196455
0.0193136
0.0189823
0.0186515
0.0183212
0.0179914
0.0176621
0.0180932
0.0185236
0.0181946
0.0186244
0.0182958
0.0187248
0.0183967
0.0180691
0.0184972
0.01817
0.0185975
0.0182707
0.0179444
0.0176186
0.0180452
0.0184711
0.0181457
0.0178207
0.0174962
0.0171722
0.0172873
0.0167673
0.0169953
0.0173747
0.0177983
0.0182213
0.0179043
0.017576
0.0179982
0.0176762
0.0173548
0.0170338
0.0167132
0.0163932
0.0160736
0.0157545
0.0154359
0.0151177
0.0155385
0.0152208
0.0149035
0.0153236
0.0150067
0.0154261
0.0151095
0.0155283
0.0152121
0.0148965
0.0147434
0.0149991
0.0154164
0.015833
0.015518
0.015934
0.0156194
0.0160347
0.0157205
0.0161351
0.0158213
0.0155079
0.015195
0.0148826
0.0152963
0.0157094
0.0161219
0.0158097
0.0158499
0.0160713
0.0162923
0.0165129
0.0167332
0.0169533
0.0171731
0.0173925
0.0176116
0.0171114
0.0166119
0.0161133
0.0163327
0.0165517
0.0169109
0.0166017
0.016293
0.0166994
0.0163911
0.0160831
0.0159367
0.0161813
0.0158742
0.0155675
0.0152612
0.0149554
0.01465
0.014345
0.0140405
0.0137364
0.0134327
0.0138372
0.0135339
0.0139377
0.014341
0.0147437
0.0151458
0.0148427
0.01454
0.0142376
0.0139358
0.0143371
0.0140355
0.0137344
0.014135
0.014535
0.0149345
0.0146336
0.0143331
0.0147319
0.0144318
0.0141821
0.0143967
0.014611
0.014825
0.0150387
0.0145568
0.0140754
0.0142892
0.0138087
0.0140224
0.0142358
0.0144488
0.0146617
0.0141826
0.0143952
0.0146077
0.0149142
0.0146177
0.0143215
0.0140768
0.0137306
0.0134357
0.013337
0.013549
0.0137606
0.013972
0.014183
0.0144145
0.0146043
0.0148146
0.0150245
0.014551
0.0147609
0.0142882
0.0144979
0.0147074
0.0149165
0.0151254
0.0153339
0.0148629
0.0150713
0.0152795
0.0154874
0.015695
0.0159023
0.0161094
0.0156401
0.015847
0.0153785
0.0155853
0.0151176
0.0153243
0.0155308
0.015737
0.0159428
0.0154765
0.0156823
0.0158878
0.0154224
0.0156278
0.015833
0.0160379
0.0162425
0.0157784
0.0159829
0.0161871
0.0163911
0.0165948
0.0161319
0.0156698
0.0158735
0.016077
0.0162803
0.0158192
0.0153587
0.0155621
0.0151024
0.0146433
0.0148467
0.0150498
0.0145917
0.0147947
0.0149974
0.0145402
0.0140837
0.0142865
0.014489
0.0146912
0.0148932
0.0150949
0.0152965
0.0148415
0.0150428
0.0145887
0.0147899
0.0149909
0.0151916
0.0147386
0.014286
0.0144868
0.014035
0.0135839
0.0137848
0.0139854
0.0141857
0.0143858
0.0145857
0.0141359
0.0143356
0.0145351
0.0147343
0.0149333
0.015132
0.0146835
0.0142358
0.0144345
0.0139875
0.0141862
0.0143846
0.0145827
0.0147806
0.0143347
0.0145326
0.0147302
0.0149274
0.0151245
0.0153213
0.0148768
0.0144328
0.0146297
0.0141866
0.0143833
0.0145798
0.0141375
0.014334
0.0145301
0.014726
0.0149217
0.0151171
0.0153123
0.0148715
0.0144312
0.0146265
0.0148215
0.0150163
0.0152107
0.0154049
0.015599
0.0151602
0.0153542
0.0149161
0.0151099
0.0153034
0.0154968
0.0156899
0.0158828
0.0160754
0.0156388
0.0158313
0.0153954
0.0155878
0.0151527
0.015345
0.0155371
0.015729
0.0159206
0.0161119
0.0156781
0.0158694
0.0160604
0.0156274
0.0158184
0.0160091
0.0161996
0.0163898
0.015958
0.0161481
0.0157169
0.015907
0.0154764
0.0156665
0.0158562
0.0160457
0.0156162
0.0158057
0.0159948
0.0161838
0.0163726
0.016561
0.0167493
0.0169373
0.0171251
0.0173127
0.016885
0.0170725
0.0166455
0.0168329
0.0170201
0.017207
0.0173938
0.0175802
0.0177665
0.0179526
0.0181383
0.0177131
0.0172883
0.0168641
0.0170501
0.0166264
0.0162033
0.0163894
0.0159671
0.016153
0.0157313
0.0159172
0.0161029
0.0162883
0.0158716
0.0162163
0.0159552
0.0162995
0.0160387
0.0163824
0.0163725
0.0159534
0.016205
0.015945
0.0162878
0.0166301
0.0163704
0.016456
0.0166396
0.016823
0.0170061
0.017189
0.0173718
0.0169551
0.0171377
0.0173201
0.0175022
0.0176842
0.0172686
0.0168535
0.0170355
0.0172173
0.0173989
0.0175803
0.0171661
0.0173475
0.0175286
0.0177094
0.0178901
0.0180705
0.0182508
0.017838
0.0180182
0.017606
0.0177861
0.0173746
0.0169635
0.0171437
0.0167333
0.0169134
0.0170931
0.0172728
0.0168633
0.0170429
0.016634
0.0168135
0.0164052
0.0159974
0.01559
0.0157698
0.015363
0.0155426
0.015722
0.0153161
0.0154953
0.0156744
0.0152692
0.0154482
0.015627
0.0152225
0.0154012
0.0155798
0.0157581
0.0159363
0.0161142
0.0157108
0.0158886
0.0160663
0.0156636
0.0158411
0.0160185
0.0161956
0.0163725
0.0165492
0.0167258
0.0163243
0.0165008
0.0166771
0.0168532
0.017029
0.0166285
0.0168043
0.0164044
0.0165802
0.016181
0.0163565
0.0165319
0.0167072
0.0168822
0.016484
0.0166589
0.0168336
0.0170082
0.0166107
0.0167853
0.0169595
0.0171335
0.0173075
0.0174811
0.0176546
0.0178279
0.018001
0.0181739
0.0183465
0.018519
0.0186913
0.0188634
0.0190353
0.019207
0.0193785
0.0195498
0.019721
0.0193263
0.0194973
0.0191032
0.0187095
0.0188807
0.0184875
0.0186587
0.0188295
0.0184371
0.0186079
0.0187785
0.0183868
0.0185573
0.0181662
0.0177754
0.0173852
0.0175559
0.0177264
0.0178967
0.0180668
0.0182368
0.0178476
0.0180175
0.0181872
0.0183567
0.018526
0.0181377
0.0177498
0.0173624
0.0175319
0.0177012
0.0173144
0.0174837
0.0170974
0.0172666
0.0168809
0.0164958
0.0166649
0.016834
0.0170028
0.0166184
0.0167871
0.0169557
0.0171241
0.0172923
0.0174603
0.0176282
0.0177959
0.0179633
0.0181307
0.0182977
0.0184646
0.0180819
0.0182488
0.0184155
0.0185819
0.0187482
0.0189143
0.0185327
0.0186988
0.0188646
0.0190303
0.0191959
0.0193612
0.0195263
0.0196913
0.0198561
0.0194758
0.0196405
0.0192607
0.0194254
0.0195898
0.0197542
0.0199183
0.0200823
0.0197034
0.0198674
0.020031
0.0201946
0.020358
0.0199801
0.0201433
0.0203064
0.0199292
0.0200922
0.0202551
0.0198784
0.0200413
0.0202039
0.0203664
0.0199905
0.020153
0.0197776
0.0199398
0.0201021
0.0197273
0.0198895
0.0200514
0.0202132
0.0203748
0.0200009
0.0201624
0.0197891
0.0199506
0.0195776
0.0192052
0.0193667
0.0189947
0.0191563
0.0193175
0.0194787
0.0196396
0.0198005
0.0199611
0.0201215
0.0202818
0.0199111
0.0195408
0.0197011
0.0198613
0.0194916
0.0196518
0.0192826
0.0194426
0.0196025
0.0197622
0.0199217
0.0195534
0.0191855
0.0193451
0.0195044
0.0196638
0.0192965
0.0194557
0.0196147
0.0192481
0.0194071
0.0190409
0.0191999
0.0193586
0.0189931
0.0191517
0.0187867
0.0189453
0.0191038
0.0187393
0.0188978
0.019056
0.0192141
0.0188504
0.0190083
0.0186451
0.0188031
0.0189608
0.0185983
0.0187559
0.0183938
0.0185515
0.0187089
0.0188663
0.0190235
0.0191805
0.0193374
0.0194941
0.019133
0.0187724
0.0189291
0.0190856
0.0192421
0.0193984
0.0195545
0.0197104
0.0193508
0.0189915
0.0191474
0.0193033
0.0194589
0.0196145
0.0197698
0.019925
0.02008
0.0202349
0.0203897
0.0205442
0.0201862
0.0203407
0.0204952
0.0201378
0.0197808
0.0199353
0.0201004
0.0203887
0.0206768
0.0204546
0.0207423
0.0205203
0.0208077
0.0205859
0.0203643
0.0206513
0.02043
0.0202088
0.0199879
0.0202745
0.0200538
0.0203401
0.0201195
0.0204055
0.0206912
0.0209767
0.0207562
0.020536
0.020316
0.0206011
0.0203812
0.0201617
0.0199423
0.020227
0.0205113
0.0202921
0.0200731
0.0198544
0.0196359
0.0194175
0.0191994
0.0189815
0.0192654
0.0190477
0.0188302
0.0191137
0.0188964
0.0191796
0.0189625
0.0192454
0.0190284
0.0188117
0.0185952
0.0183789
0.0186614
0.0184453
0.0182294
0.0185115
0.0187933
0.0190749
0.0193561
0.0191403
0.0189247
0.0192057
0.0194863
0.0192709
0.0195512
0.0193359
0.0196159
0.0194009
0.019186
0.0194657
0.019251
0.0195304
0.0198095
0.0200883
0.0203668
0.0201522
0.0199378
0.0197237
0.0200019
0.0197879
0.0195741
0.0193605
0.0196383
0.0194249
0.0197024
0.0194892
0.0197664
0.0195534
0.0198303
0.0201069
0.019894
0.0201703
0.0204464
0.0202336
0.0200211
0.0202968
0.0200844
0.0203598
0.020635
0.0204228
0.0202108
0.0204856
0.0202738
0.0200621
0.0203366
0.0201252
0.0203994
0.0206733
0.020462
0.0207356
0.0205245
0.0207978
0.0210709
0.0213437
0.0211327
0.0214052
0.0211944
0.0214666
0.0217386
0.0215279
0.0213174
0.0211071
0.020897
0.0206871
0.0209586
0.0207489
0.0210202
0.0208106
0.0210816
0.0213523
0.0216227
0.0218929
0.0221629
0.0224325
0.022223
0.0220137
0.022283
0.0220739
0.021865
0.0216562
0.0219252
0.0217167
0.0219854
0.021777
0.0220454
0.0223136
0.0221053
0.0223732
0.0221651
0.0219572
0.0217496
0.0215421
0.0218096
0.0216023
0.0218695
0.0216624
0.0214554
0.0212486
0.0215155
0.0217822
0.0215755
0.0218419
0.022108
0.0219015
0.0216953
0.0219611
0.0222266
0.022492
0.022757
0.0230218
0.0228156
0.0230801
0.0228741
0.0226682
0.0229324
0.0227267
0.0225212
0.0227851
0.0225798
0.0223746
0.0226382
0.0224332
0.0222284
0.0224917
0.0222871
0.0220826
0.0218784
0.0221414
0.0224041
0.0226666
0.0229289
0.0231909
0.0234527
0.0232485
0.02351
0.0233059
0.023102
0.0228983
0.0226948
0.022956
0.0232169
0.0234776
0.0232742
0.023071
0.0233313
0.0231283
0.0229254
0.0227228
0.0225203
0.0227803
0.022578
0.0228378
0.0226356
0.0228951
0.0226931
0.0229523
0.0232113
0.0230095
0.0232682
0.0235267
0.023325
0.0231234
0.0233816
0.0231802
0.022979
0.022778
0.0230359
0.022835
0.0226344
0.0228919
0.0231493
0.0234064
0.0236633
0.0234627
0.0232623
0.0230621
0.022862
0.0231186
0.0229187
0.023175
0.023431
0.0236869
0.0239424
0.0237426
0.023543
0.0237983
0.0235988
0.0233996
0.0232005
0.0234554
0.0232565
0.0235112
0.0237657
0.0235669
0.0233683
0.0231698
0.023424
0.0232257
0.0234797
0.0237334
0.0239869
0.0237887
0.0235907
0.0233928
0.0231951
0.0229976
0.0228003
0.0230534
0.0228563
0.0226593
0.0229121
0.0231647
0.0229679
0.0232202
0.0234724
0.0232756
0.0230791
0.0228827
0.0231345
0.0229383
0.0231899
0.0229938
0.0227979
0.0230492
0.0233003
0.0231045
0.0229089
0.0231597
0.0229643
0.022769
0.0230195
0.0228244
0.0226294
0.0224347
0.0226849
0.0224903
0.0227403
0.0225458
0.0223515
0.0226012
0.022407
0.022213
0.0224625
0.0222687
0.022075
0.0223241
0.0225731
0.0228218
0.0230704
0.0233186
0.023125
0.0229316
0.0227383
0.0225452
0.0223522
0.0226002
0.0224074
0.0222148
0.0220223
0.0218301
0.0216379
0.0218856
0.0216936
0.0215018
0.0213102
0.0215575
0.0218046
0.0216131
0.0218599
0.0216686
0.0214774
0.0212863
0.0210955
0.021342
0.0211513
0.0213976
0.021207
0.0214531
0.0212627
0.0215085
0.0213182
0.0215638
0.0218092
0.021619
0.0218641
0.0221091
0.021919
0.0221637
0.0224082
0.0222182
0.0220284
0.0218388
0.0216494
0.0218936
0.0217043
0.0219482
0.0221919
0.0224355
0.0222462
0.0220572
0.0223004
0.0221115
0.0219228
0.0221658
0.0219772
0.0222199
0.0224625
0.0227048
0.022947
0.0231889
0.0230004
0.0228119
0.0226237
0.0228654
0.0231068
0.0233481
0.0235891
0.0234009
0.0232129
0.0234537
0.0232658
0.0235064
0.0233186
0.0231311
0.0229437
0.0231839
0.0229967
0.0232367
0.0234766
0.0237162
0.0239557
0.0237685
0.0235814
0.0233945
0.0232078
0.0234469
0.0232604
0.0234993
0.023738
0.0239765
0.02379
0.0240283
0.0238419
0.02408
0.0243179
0.0241316
0.0239455
0.0241832
0.0239972
0.0242346
0.0240488
0.0238631
0.0236776
0.0239148
0.0237294
0.0235442
0.0233591
0.023596
0.0234111
0.0236477
0.0234629
0.0232783
0.0235147
0.0233302
0.0231458
0.0229616
0.0231978
0.0234337
0.0236695
0.023905
0.0237209
0.0239562
0.0241913
0.0240073
0.0238235
0.0240583
0.024293
0.0241093
0.0243438
0.024578
0.0248121
0.025046
0.0252797
0.025096
0.0249124
0.024729
0.0249625
0.0251957
0.0250124
0.0252455
0.0250623
0.0248793
0.0246965
0.0249293
0.0251618
0.0249791
0.0252115
0.0250289
0.025261
0.0250785
0.0253105
0.0251281
0.0253598
0.0251776
0.0249956
0.0252271
0.0254584
0.0256895
0.0259204
0.0257384
0.0255565
0.0253749
0.0256055
0.025424
0.0256544
0.025473
0.0257032
0.0255219
0.0253408
0.0251598
0.0249789
0.0247982
0.0246177
0.0244372
0.0246672
0.0248969
0.0247166
0.0245364
0.0247659
0.0245859
0.024406
0.0246353
0.0244555
0.0246846
0.024505
0.0243255
0.0241462
0.024375
0.0241958
0.0240167
0.0242453
0.0240664
0.0238876
0.0241159
0.0239373
0.0237587
0.0235804
0.0238085
0.0236302
0.0238581
0.0240858
0.0239077
0.0241352
0.0243626
0.0245897
0.0244116
0.0246386
0.0244607
0.0242829
0.0245096
0.0243319
0.0241544
0.023977
0.0237998
0.0236227
0.0234458
0.0232689
0.0234953
0.0237215
0.0235448
0.0237709
0.0235943
0.0234178
0.0232415
0.0230654
0.0232911
0.0235167
0.0233406
0.023566
0.0233901
0.0232143
0.0230386
0.0228631
0.0230882
0.0229129
0.0227376
0.0225625
0.0223875
0.0226124
0.0224375
0.0226622
0.0228866
0.0227119
0.0225373
0.0223628
0.0221885
0.0220143
0.0218402
0.0220644
0.0218905
0.0217167
0.0219406
0.0217669
0.0215934
0.02142
0.0212467
0.0210736
0.0212973
0.0215208
0.0217441
0.021571
0.0217942
0.0216212
0.0214484
0.0216714
0.0214987
0.0217214
0.0215488
0.0213764
0.0212041
0.0214266
0.0216489
0.021871
0.0216988
0.0219207
0.0217486
0.0219704
0.0217984
0.0220199
0.0218481
0.0220694
0.0222906
0.0221188
0.0219472
0.0221681
0.0223889
0.0226095
0.02283
0.0230502
0.0228787
0.0230987
0.0233186
0.0231471
0.0233669
0.0235864
0.023415
0.0232437
0.0234631
0.0232919
0.0231209
0.02295
0.0227793
0.0226086
0.0228277
0.0226572
0.0224868
0.0223166
0.0225354
0.0227541
0.0225839
0.0228024
0.0226324
0.0228507
0.0226808
0.0228989
0.0227291
0.0225594
0.0223898
0.0222204
0.0220512
0.021882
0.021713
0.0219308
0.0217619
0.0219795
0.0221969
0.0220281
0.0222454
0.0224625
0.0222938
0.0221252
0.0223421
0.0221736
0.0223903
0.0222219
0.0224384
0.0222702
0.0221021
0.0223184
0.0221503
0.0219825
0.0218147
0.0216471
0.0218631
0.0216956
0.0219115
0.0221272
0.0223428
0.0225582
0.0223907
0.022606
0.022821
0.0226536
0.0224864
0.0227012
0.0225341
0.0223671
0.0225817
0.0224148
0.022248
0.0220814
0.0219149
0.0217485
0.0215822
0.0214161
0.0216304
0.0214644
0.0212985
0.0211327
0.020967
0.0208015
0.0210156
0.0208502
0.0206849
0.0205197
0.0203547
0.0205685
0.0207823
0.0209958
0.0212092
0.0214224
0.0212574
0.0214704
0.0213055
0.0211407
0.0209761
0.0211889
0.0210243
0.0208599
0.0210725
0.0209082
0.020744
0.02058
0.0207924
0.0206284
0.0204646
0.0203008
0.0201372
0.0199738
0.0198104
0.0200225
0.0198593
0.0200713
0.0199081
0.0197451
0.0199569
0.019794
0.0196311
0.0198427
0.01968
0.0195175
0.0197288
0.0195664
0.019404
0.0196152
0.0198262
0.0200371
0.0202478
0.0200855
0.0202961
0.0201339
0.0203442
0.0201821
0.0203923
0.0202304
0.0200685
0.0202785
0.0201167
0.0203265
0.0201649
0.0200033
0.0202129
0.0200515
0.020261
0.0200996
0.0199384
0.0197773
0.0196163
0.0194555
0.0196647
0.0198737
0.019713
0.0199218
0.0197611
0.0196006
0.0198093
0.0200178
0.0198573
0.019697
0.0199054
0.0197451
0.019585
0.0194249
0.019265
0.0191052
0.0193134
0.0195213
0.0197291
0.0199368
0.0201443
0.0199845
0.0201918
0.020399
0.020606
0.0208129
0.0206532
0.0208599
0.0210665
0.0212729
0.0211132
0.0213195
0.0211599
0.021366
0.0212066
0.0214125
0.0212531
0.0214588
0.0212996
0.0215051
0.021346
0.0215514
0.0213923
0.0215976
0.0218027
0.0216437
0.0214849
0.0216898
0.0218945
0.0220991
0.0223036
0.0221448
0.0219861
0.0218275
0.0216691
0.0215107
0.0213525
0.0211944
0.0213986
0.0212405
0.0210826
0.0212867
0.0214905
0.0213327
0.021175
0.0213787
0.0212211
0.0214246
0.021628
0.0214704
0.0216736
0.0215162
0.0217192
0.0219221
0.0217648
0.0219675
0.0221701
0.0223726
0.0222153
0.0224175
0.0222604
0.0221033
0.0223054
0.0221484
0.0223504
0.0221935
0.0223953
0.0222385
0.0220818
0.0219252
0.0217688
0.0219704
0.0221718
0.0223731
0.0222167
0.0220604
0.0219043
0.0217482
0.0215923
0.0214364
0.0216375
0.0214818
0.0216826
0.021527
0.0213715
0.021216
0.0214168
0.0212614
0.0211062
0.0213067
0.0211516
0.021352
0.0211969
0.0213971
0.0212422
0.0214423
0.0216421
0.0214873
0.0213326
0.0211779
0.0210234
0.020869
0.0210687
0.0209144
0.0211139
0.0213133
0.021159
0.0213583
0.0212041
0.0214032
0.0216021
0.021448
0.0212941
0.0214928
0.0213389
0.0211852
0.0210315
0.0212301
0.0214285
0.021275
0.0214732
0.0213197
0.0215178
0.0217158
0.0215624
0.0214091
0.0212559
0.0211028
0.0213006
0.0211476
0.0209947
0.020842
0.0206893
0.0205367
0.0207343
0.0209317
0.021129
0.0209765
0.0211736
0.0210212
0.0208689
0.0207167
0.0205646
0.0207615
0.0209583
0.021155
0.0213515
0.0215479
0.0217441
0.021592
0.02144
0.0212882
0.0211364
0.0213324
0.0211808
0.0213767
0.0212251
0.0210736
0.0209222
0.020771
0.0206198
0.0208155
0.021011
0.0212064
0.0214017
0.0215968
0.0217918
0.0216407
0.0218355
0.0220303
0.0218792
0.0220737
0.0219228
0.0221172
0.0219663
0.0221606
0.0220097
0.021859
0.0220532
0.0222471
0.0220965
0.0222903
0.0221398
0.0223334
0.022183
0.0223765
0.0222262
0.0224195
0.0226128
0.0228059
0.0229989
0.0228485
0.0226983
0.0225482
0.0223982
0.0222483
0.0220985
0.0219488
0.0217992
0.0216497
0.0218424
0.022035
0.0222274
0.0224198
0.0226119
0.0224625
0.0223131
0.0225052
0.0226971
0.0228888
0.0227395
0.0229311
0.0227819
0.0226328
0.0224838
0.0223348
0.0225263
0.0223775
0.0222287
0.0220801
0.0222714
0.0224625
0.0223139
0.0225049
0.0226958
0.0225473
0.0223989
0.0225896
0.0224413
0.0222931
0.022145
0.0223355
0.0221875
0.0223779
0.02223
0.0220821
0.0222724
0.0221246
0.0223147
0.0221671
0.022357
0.0222095
0.022062
0.0222518
0.0224414
0.022294
0.0221467
0.0219995
0.022189
0.0220419
0.0222313
0.0220842
0.0222734
0.0224625
0.0226514
0.0225044
0.0223576
0.0222108
0.0223996
0.0225883
0.0227768
0.02263
0.0228184
0.0230067
0.0228601
0.0227135
0.022567
0.0224207
0.0226088
0.0227967
0.0229845
0.0228382
0.022692
0.0225459
0.0227336
0.0229211
0.0231085
0.0232958
0.0231498
0.0233369
0.0235239
0.0237108
0.0235648
0.0234189
0.0232731
0.0234598
0.0233141
0.0231685
0.0230229
0.0228775
0.023064
0.0232505
0.0231051
0.0229598
0.0228147
0.0226696
0.0225246
0.0223797
0.0225659
0.0224211
0.0222764
0.0221318
0.0219873
0.0218429
0.0216985
0.0218846
0.0220704
0.0222562
0.0224419
0.0226274
0.0224831
0.0226685
0.0225243
0.0223801
0.0222361
0.0224213
0.0222774
0.0221335
0.0223186
0.0221748
0.0220312
0.0222161
0.0220725
0.021929
0.0221138
0.0222985
0.022483
0.0226674
0.0228517
0.0227082
0.0228924
0.022749
0.0226057
0.0227897
0.0226465
0.0225034
0.0226872
0.022871
0.0230546
0.0232381
0.0234215
0.0232784
0.0234617
0.0233186
0.0231757
0.0230329
0.0228902
0.0230732
0.0229306
0.022788
0.0229709
0.0228285
0.0230113
0.0228689
0.0230515
0.0229092
0.0230918
0.0232742
0.0234565
0.0236387
0.0238207
0.0240027
0.0238604
0.0237181
0.023576
0.0237578
0.0236158
0.0234738
0.0233319
0.0231902
0.0233718
0.0235533
0.0234116
0.02327
0.0231284
0.022987
0.0231684
0.0233496
0.0232082
0.0230669
0.023248
0.0231068
0.0229657
0.0228247
0.0230056
0.0231864
0.0230455
0.0229046
0.0227638
0.0229445
0.023125
0.0233054
0.0231647
0.023345
0.0232044
0.0230638
0.023244
0.0231035
0.0229631
0.0231431
0.0230028
0.0231827
0.0230425
0.0232222
0.0230821
0.022942
0.0231217
0.0233012
0.0231611
0.0230212
0.0232006
0.0233798
0.02324
0.0234191
0.0232793
0.0231397
0.0230001
0.0228606
0.0227212
0.0229001
0.0230789
0.0232576
0.0234362
0.0232969
0.0231576
0.0233361
0.0231968
0.0230577
0.023236
0.023097
0.0232752
0.0234533
0.0233143
0.0234923
0.0233534
0.0235312
0.0233924
0.0235701
0.0237477
0.0236089
0.0234702
0.0233316
0.0235091
0.0233706
0.0235479
0.0234095
0.0232711
0.0231328
0.0229947
0.0231718
0.0233489
0.0235258
0.0233877
0.0232496
0.0231117
0.0229738
0.0231506
0.0233273
0.0235038
0.023366
0.0235424
0.0234047
0.023267
0.0234433
0.0236195
0.0234819
0.023658
0.0235205
0.0236964
0.0238723
0.0237348
0.0239105
0.0237731
0.0236358
0.0238114
0.0239869
0.0241622
0.0243375
0.0242002
0.0243753
0.0242382
0.0244132
0.024276
0.024451
0.0243139
0.0244887
0.0243517
0.0242148
0.0243894
0.0242527
0.0241159
0.0239793
0.0241538
0.0243282
0.0241916
0.0243658
0.0242293
0.0244035
0.0245775
0.0247514
0.024615
0.0247888
0.0246524
0.0248261
0.0246898
0.0248634
0.0247271
0.0249006
0.0250739
0.0249377
0.0248016
0.0249749
0.0248388
0.0247029
0.0245671
0.0244313
0.0242956
0.02416
0.0240245
0.0238891
0.0237537
0.0236185
0.0234833
0.0236563
0.0235212
0.023694
0.023559
0.023424
0.0235968
0.0234619
0.0236345
0.0234997
0.0236722
0.0235374
0.0234028
0.0232682
0.0234405
0.0236128
0.0234783
0.0233439
0.023516
0.0233816
0.0235536
0.0237255
0.0235912
0.023457
0.0233229
0.0231888
0.0230548
0.0229209
0.0230927
0.0229588
0.0231304
0.0233019
0.0234733
0.0233395
0.0235108
0.0233771
0.0235483
0.0234146
0.0235857
0.0237567
0.0236231
0.0234896
0.0233562
0.0232228
0.0230896
0.0232604
0.023431
0.0232978
0.0234684
0.0233353
0.0235057
0.0233727
0.0232397
0.0231068
0.022974
0.0228413
0.0230116
0.0228789
0.0227463
0.0229165
0.0230865
0.022954
0.0228216
0.0229915
0.0228591
0.0227268
0.0225946
0.0227644
0.0226323
0.0225002
0.0223682
0.0222363
0.0221045
0.0219727
0.0218411
0.0220107
0.0218791
0.0220486
0.022218
0.0220864
0.021955
0.0221242
0.0222934
0.0224625
0.0226315
0.0225
0.0223687
0.0222374
0.0221062
0.0219751
0.0221439
0.0220129
0.0221815
0.0223501
0.0222192
0.0220882
0.0219574
0.0218267
0.0219951
0.0221635
0.0220327
0.022201
0.0220703
0.0222385
0.0221079
0.0219774
0.021847
0.0217167
0.0218846
0.0217544
0.0216242
0.0214941
0.0216619
0.0218297
0.0216996
0.0218672
0.0220348
0.0222022
0.0223696
0.0222395
0.0221096
0.0222768
0.0221469
0.022314
0.0221842
0.0220545
0.0222214
0.0220918
0.0219622
0.0221291
0.0222958
0.0221663
0.0223329
0.0222034
0.02237
0.0222406
0.0221113
0.021982
0.0218528
0.0220192
0.0218901
0.0220564
0.0219274
0.0220935
0.0219646
0.0218357
0.0220017
0.0218729
0.0217441
0.02191
0.0217813
0.0219472
0.0221129
0.0222785
0.0221499
0.0223154
0.0224809
0.0223522
0.0225176
0.0223891
0.0225543
0.0224258
0.0225909
0.0224625
0.0226275
0.0227924
0.0229572
0.0231219
0.0232866
0.0234511
0.0233227
0.0231943
0.0233587
0.0232305
0.0233948
0.023559
0.0234308
0.0233026
0.0234667
0.0233386
0.0235026
0.0236665
0.0238303
0.023994
0.023866
0.023738
0.0236101
0.0234823
0.0233546
0.0235181
0.0236816
0.0238449
0.0237172
0.0238805
0.0237528
0.023916
0.024079
0.0239514
0.0238239
0.0239869
0.0241497
0.0240223
0.024185
0.0240576
0.0239303
0.0238031
0.0239657
0.0238385
0.024001
0.0241634
0.0240363
0.0241986
0.0240715
0.0242337
0.0241067
0.0239798
0.0241419
0.0240151
0.0238883
0.0240502
0.0242121
0.0240854
0.0242472
0.0241205
0.0239939
0.0238674
0.0237409
0.0236146
0.0237762
0.0236499
0.0238114
0.0239728
0.0238466
0.0240079
0.0241691
0.0240429
0.0239168
0.024078
0.0239519
0.0238259
0.0239869
0.0238609
0.0240219
0.023896
0.0240568
0.023931
0.0240917
0.0242523
0.0244128
0.024287
0.0241613
0.0240357
0.0239102
0.0237847
0.0239451
0.0238196
0.0239799
0.0238546
0.0240147
0.0238894
0.0240495
0.0239243
0.0240842
0.0242441
0.0241189
0.0242787
0.0241536
0.0240285
0.0239035
0.0237786
0.0236538
0.0238135
0.0236887
0.023564
0.0237235
0.023883
0.0237583
0.0236337
0.0235092
0.0236685
0.023544
0.0237033
0.0235789
0.023738
0.0236137
0.0234894
0.0236484
0.0235242
0.0236831
0.023559
0.0237178
0.0238765
0.0237524
0.0239111
0.023787
0.0239455
0.024104
0.02398
0.0238561
0.0237322
0.0236085
0.0234848
0.0233611
0.0232376
0.0231141
0.0232723
0.0231489
0.0230255
0.0229023
0.022779
0.0229372
0.0230952
0.022972
0.0228489
0.0230069
0.0231647
0.0233225
0.0231994
0.0230764
0.0232341
0.0231112
0.0232687
0.0234262
0.0233033
0.0231805
0.0230577
0.0232151
0.0230924
0.0229698
0.023127
0.0232842
0.0231616
0.0230391
0.0229166
0.0227943
0.0229513
0.0231082
0.0229859
0.0228637
0.0230205
0.0228983
0.0227762
0.0226541
0.0228109
0.0226889
0.0225669
0.0224451
0.0226017
0.0227582
0.0226364
0.0225146
0.022671
0.0225494
0.0227057
0.0228619
0.0227403
0.0228964
0.0230524
0.0229309
0.0228093
0.0226879
0.0225665
0.0224452
0.0223239
0.0222027
0.0223586
0.0222375
0.0221164
0.0219954
0.0218745
0.0220303
0.0219094
0.0220651
0.0222206
0.0220998
0.0219791
0.0221345
0.0222899
0.0224452
0.0223245
0.0224797
0.0223591
0.0222385
0.0223936
0.022273
0.0221526
0.0220322
0.0219118
0.0217915
0.0216714
0.0215512
0.0214311
0.0213111
0.021466
0.0216209
0.0217757
0.0216557
0.0218104
0.0216905
0.0215706
0.0217252
0.0218796
0.0217599
0.0216401
0.0215204
0.0214008
0.0212813
0.0211618
0.0210424
0.0209231
0.0210774
0.0212316
0.0211123
0.0212665
0.0214205
0.0213013
0.0211821
0.021063
0.0209439
0.0208249
0.020706
0.0205871
0.020741
0.0206223
0.0207761
0.0209298
0.0210834
0.0209647
0.0211182
0.0209995
0.021153
0.0213063
0.0214596
0.021341
0.0212224
0.0211038
0.021257
0.0214101
0.0215631
0.0214446
0.0215975
0.0217503
0.0216319
0.0215135
0.0216662
0.0215479
0.0217005
0.0218531
0.0220055
0.0218872
0.021769
0.0216508
0.0218032
0.0219555
0.0218373
0.0219895
0.0221416
0.0220235
0.0221756
0.0220575
0.0222095
0.0223613
0.0225131
0.0226648
0.0228164
0.0229679
0.0228499
0.0230013
0.0228833
0.0227654
0.0229167
0.0227989
0.0229501
0.0228323
0.0229835
0.0228657
0.0230168
0.0228991
0.0227815
0.0226639
0.0225464
0.0226973
0.0228482
0.022999
0.0231497
0.0233003
0.0234508
0.0233333
0.0232159
0.0230985
0.023249
0.0231316
0.023282
0.0231647
0.0230475
0.0231978
0.0233479
0.023498
0.0233809
0.0232638
0.0234137
0.0232967
0.0231797
0.0233296
0.0232127
0.0233625
0.0235122
0.0236619
0.023545
0.0236945
0.023844
0.0237271
0.0236104
0.0237597
0.023909
0.0240582
0.0239415
0.0240906
0.0242397
0.024123
0.0240063
0.0241553
0.0240387
0.0241875
0.024071
0.0239545
0.0241033
0.0239869
0.0238705
0.0237542
0.023638
0.0235218
0.0236705
0.0235543
0.0234383
0.0233223
0.0232063
0.0233549
0.0235033
0.0233874
0.0235358
0.0236841
0.0238323
0.0239804
0.0241285
0.0240126
0.0241606
0.0240448
0.0241927
0.0240769
0.0242247
0.0243724
0.02452
0.0246676
0.0245518
0.0244362
0.0243205
0.024205
0.0240895
0.0239741
0.0241215
0.0242688
0.0244161
0.0245633
0.0244479
0.0243326
0.0242173
0.0243644
0.0242491
0.0243962
0.024281
0.0241658
0.0243128
0.0241977
0.0243445
0.0242295
0.0243762
0.0245229
0.024408
0.0245546
0.0244396
0.0243247
0.0242099
0.0243564
0.0245028
0.0243881
0.0242734
0.0244197
0.024305
0.0244513
0.0243367
0.0244828
0.0243683
0.0245143
0.0243998
0.0245458
0.0244314
0.0245773
0.0244629
0.0243486
0.0242343
0.0243801
0.0245258
0.0244116
0.0245572
0.0247028
0.0245886
0.024734
0.0248794
0.0247653
0.0249106
0.0247965
0.0249417
0.0248277
0.0247137
0.0248589
0.0247449
0.0246311
0.0245172
0.0244035
0.0242898
0.0241762
0.0243212
0.0242076
0.0243525
0.024239
0.0243838
0.0242703
0.0244151
0.0243017
0.0241883
0.024333
0.0242196
0.0241064
0.0239932
0.0241377
0.0242822
0.0244267
0.0243135
0.0242004
0.0240873
0.0239743
0.0238614
0.0237485
0.0236357
0.02378
0.0236672
0.0238114
0.0236987
0.0238428
0.0237301
0.0236175
0.0235049
0.0233924
0.02328
0.023424
0.023568
0.0234556
0.0233432
0.0232309
0.0231187
0.0230065
0.0231504
0.0232941
0.0234378
0.0233257
0.0234693
0.0233572
0.0235007
0.0233887
0.0232767
0.0231647
0.0230529
0.0231963
0.0233396
0.0232278
0.023116
0.0230043
0.0231476
0.0232907
0.0234338
0.0235769
0.0237198
0.0236081
0.023751
0.0238938
0.0240365
0.0239249
0.0240675
0.0242101
0.0243526
0.0242409
0.0241294
0.0242718
0.0241603
0.0243026
0.0241911
0.0243334
0.0244755
0.0246177
0.0247597
0.0246482
0.0245368
0.0246788
0.0245675
0.0244561
0.0243449
0.0242337
0.0243756
0.0242645
0.0244062
0.0242952
0.0244368
0.0243258
0.0244674
0.0243564
0.024498
0.024387
0.0242761
0.0241653
0.0240546
0.024196
0.0240853
0.0239746
0.0241159
0.0242572
0.0241466
0.024036
0.0239255
0.023815
0.0239562
0.0238458
0.0239869
0.0238765
0.0237662
0.023656
0.0235458
0.0236867
0.0235766
0.0234665
0.0236074
0.0237482
0.0236382
0.0235282
0.0236689
0.023559
0.0236996
0.0238402
0.0237303
0.0238709
0.023761
0.0239014
0.0237916
0.023932
0.0238222
0.0239625
0.0238528
0.0237431
0.0238833
0.0237737
0.0239138
0.0240538
0.0239443
0.0238347
0.0239747
0.0238652
0.0237558
0.0238957
0.0240355
0.0239261
0.0238168
0.0239565
0.0240962
0.0239869
0.0238777
0.0240172
0.023908
0.0240475
0.0241869
0.0243263
0.0244656
0.0243564
0.0242473
0.0243865
0.0242774
0.0244166
0.0245557
0.0244466
0.0245856
0.0244766
0.0243677
0.0242588
0.02415
0.0240412
0.0239325
0.0240714
0.0239627
0.0241015
0.0239929
0.0241316
0.0240231
0.0239145
0.0238061
0.0239447
0.0238363
0.0237279
0.0238665
0.0240049
0.0241433
0.0242817
0.0241733
0.0243116
0.0242033
0.0243415
0.0244796
0.0243714
0.0245094
0.0244012
0.024293
0.024431
0.0243229
0.0242148
0.0241068
0.0242447
0.0243825
0.0245202
0.0244122
0.0245499
0.0246875
0.024825
0.0249625
0.0248545
0.0249919
0.024884
0.0247762
0.0246684
0.0245606
0.0244529
0.0243453
0.0242377
0.0241302
0.0242674
0.0244046
0.0242971
0.0241897
0.0243268
0.0242194
0.0243564
0.0242491
0.0241418
0.0242787
0.0244156
0.0243084
0.0242012
0.024094
0.0242308
0.0243675
0.0242604
0.024397
0.02429
0.0244265
0.0243195
0.024456
0.0243491
0.0244855
0.0243785
0.0242717
0.024408
0.0243012
0.0244375
0.0243306
0.0242239
0.0243601
0.0242534
0.0243895
0.0245256
0.0244189
0.0243123
0.0242057
0.0240993
0.0242352
0.0243711
0.024507
0.0246427
0.0247784
0.0249141
0.0248076
0.0247011
0.0248367
0.0247303
0.0248657
0.0247594
0.0246531
0.0245468
0.0244406
0.024576
0.0244699
0.0243638
0.0242577
0.024393
0.024287
0.0244222
0.0243163
0.0244514
0.0243455
0.0244806
0.0243747
0.0245097
0.0246446
0.0247795
0.0246737
0.0245679
0.0244621
0.0243564
0.0242508
0.0241452
0.02428
0.0241744
0.0240689
0.0239635
0.023858
0.0237527
0.0236474
0.0237821
0.0236768
0.0238114
0.0237062
0.023601
0.0237356
0.0236304
0.0237649
0.0236598
0.0235548
0.0234498
0.0233449
0.0234792
0.0233743
0.0232695
0.0231647
0.02306
0.0229553
0.0230896
0.022985
0.0231191
0.0230145
0.0231487
0.0230441
0.0231781
0.0233121
0.0232076
0.0233415
0.023237
0.0233709
0.0235046
0.0234002
0.0235339
0.0234295
0.0233252
0.0234588
0.0235924
0.023488
0.0236216
0.0235173
0.0234131
0.0233089
0.0234423
0.0233382
0.0232341
0.0231301
0.0230261
0.0229222
0.0230555
0.0229516
0.0228477
0.022981
0.0231141
0.0230103
0.0231434
0.0230397
0.0231727
0.023069
0.0229653
0.0230983
0.0229947
0.0228911
0.023024
0.0231568
0.0230532
0.0229497
0.0228463
0.0227429
0.0228756
0.0227723
0.0229049
0.0230375
0.02317
0.0230667
0.0231992
0.0233316
0.0232283
0.0233606
0.0232573
0.0231541
0.023051
0.0231833
0.0230801
0.0229771
0.0228741
0.0230062
0.0231383
0.0230353
0.0229324
0.0230644
0.0229616
0.0228587
0.0229906
0.0231225
0.0230197
0.022917
0.0228143
0.0227116
0.022609
0.0225064
0.0226382
0.0225357
0.0224332
0.0225649
0.0226966
0.0225941
0.0227257
0.0226233
0.022521
0.0224186
0.0225501
0.0226816
0.022813
0.0229443
0.022842
0.0227397
0.0226375
0.0227688
0.0226666
0.0225645
0.0224625
0.0223605
0.0222585
0.0221566
0.0222878
0.0224188
0.0223169
0.0224479
0.0223461
0.022477
0.0223752
0.0222735
0.0224043
0.0223026
0.022201
0.0220994
0.0219978
0.0218963
0.0217948
0.0216934
0.0218242
0.0217228
0.0218534
0.0217521
0.0216508
0.0215496
0.0216801
0.0215789
0.0214778
0.0216083
0.0215072
0.0216376
0.021768
0.0216669
0.0215659
0.0214649
0.0215952
0.0217255
0.0216245
0.0215236
0.0214227
0.0213219
0.0212212
0.0211204
0.0210197
0.0211499
0.02128
0.0211793
0.0213093
0.0212087
0.0213387
0.0212381
0.0211376
0.0210371
0.0209367
0.0210666
0.0209662
0.0208658
0.0209956
0.0211253
0.021255
0.0211547
0.0210544
0.0209542
0.020854
0.0209836
0.0211132
0.021013
0.0209129
0.0210423
0.0209423
0.0210717
0.0209717
0.021101
0.021001
0.0209011
0.0210303
0.0209304
0.0208306
0.0207308
0.0208599
0.0207601
0.0206604
0.0205607
0.0204611
0.0205902
0.0204906
0.020391
0.0202916
0.0204206
0.0205495
0.0206784
0.0208072
0.0207078
0.0206083
0.0207371
0.0208658
0.0207664
0.020895
0.0207956
0.0206963
0.0208249
0.0207256
0.0208541
0.0207548
0.0206556
0.0205565
0.0206849
0.0205858
0.0207141
0.0206151
0.020516
0.020417
0.0203181
0.0202192
0.0201203
0.0200215
0.0201498
0.020278
0.0204061
0.0205342
0.0204354
0.0205634
0.0204646
0.0205926
0.0204939
0.0206217
0.0205231
0.0204245
0.0203259
0.0202273
0.0203551
0.0202566
0.0201581
0.0200597
0.0201874
0.0200891
0.0199907
0.0198925
0.0197942
0.019696
0.0195979
0.0194997
0.0196274
0.0195293
0.0194312
0.0195588
0.0194608
0.0195883
0.0197157
0.0196177
0.0197451
0.0198724
0.0199997
0.0201268
0.020254
0.020156
0.0202831
0.0201852
0.0200873
0.0202143
0.0201164
0.0202434
0.0201456
0.0202725
0.0201747
0.0203015
0.0202038
0.0201061
0.0200085
0.0201352
0.0200376
0.0199401
0.0198426
0.0197451
0.0196477
0.0197743
0.0196769
0.0195796
0.0197062
0.0198327
0.0199591
0.0198618
0.0199882
0.0201145
0.0200173
0.01992
0.0200463
0.0199491
0.0198519
0.0199781
0.019881
0.0200071
0.01991
0.019813
0.0199391
0.0198421
0.0199681
0.020094
0.0202199
0.0201229
0.020026
0.0199291
0.0198322
0.0197354
0.0196387
0.0195419
0.0196677
0.019571
0.0194744
0.0193778
0.0192812
0.0191847
0.0190882
0.0192139
0.0191175
0.0190211
0.0189247
0.0188285
0.0187322
0.0188578
0.0189833
0.0188871
0.0187909
0.0186948
0.0188202
0.0187241
0.0186281
0.0187534
0.0186574
0.0185614
0.0186868
0.018812
0.0189373
0.0188413
0.0189665
0.0188705
0.0187746
0.0188997
0.0190248
0.0191498
0.0192747
0.0193996
0.0193037
0.0192079
0.0191121
0.0190163
0.0191411
0.0190454
0.0189497
0.0188541
0.0189788
0.0188832
0.0190079
0.0189123
0.0188168
0.0187213
0.0188459
0.0187504
0.0188749
0.0189994
0.0191239
0.0192482
0.0191528
0.0192771
0.0191817
0.0193059
0.0194301
0.0193347
0.0192394
0.0193636
0.0192682
0.0193923
0.0192971
0.0192018
0.0191067
0.0190116
0.0189165
0.0188214
0.0187264
0.0188504
0.0189743
0.0188793
0.0187844
0.0189082
0.0188133
0.0187185
0.0186237
0.0185289
0.0184342
0.0183395
0.0184633
0.0183686
0.0184923
0.0183977
0.0185213
0.0184267
0.0183322
0.0184557
0.0183612
0.0184847
0.0186082
0.0187316
0.0188549
0.0187604
0.0186659
0.0187892
0.0186948
0.0186004
0.0185061
0.0184118
0.0183176
0.0184408
0.0185639
0.0184697
0.0183755
0.0182813
0.0181873
0.0180932
0.0182162
0.0181222
0.0180282
0.0179343
0.0180573
0.0181802
0.0180863
0.0179924
0.0181153
0.0180214
0.0179276
0.0180504
0.0181731
0.0182958
0.018202
0.0183247
0.0182309
0.0181372
0.0180436
0.0181661
0.0180725
0.018195
0.0181014
0.0180078
0.0179143
0.0178209
0.0177274
0.017634
0.0177564
0.0176631
0.0177854
0.0179077
0.01803
0.0181521
0.0182743
0.0181809
0.018303
0.0182097
0.0183317
0.0182384
0.0181452
0.018052
0.0179588
0.0180808
0.0179876
0.0181095
0.0182313
0.0181383
0.01826
0.018167
0.0180739
0.017981
0.017888
0.0177951
0.0177023
0.0176094
0.0175166
0.0176383
0.0175456
0.0176671
0.0177887
0.017696
0.0176033
0.0177248
0.0176322
0.0177536
0.017661
0.0177823
0.0179037
0.0180249
0.0181462
0.0180536
0.017961
0.0178685
0.0179896
0.0181107
0.0180182
0.0179258
0.0180468
0.0179544
0.0180753
0.017983
0.0178906
0.0180115
0.0179192
0.0178269
0.0179478
0.0180686
0.0179763
0.0178841
0.017792
0.0176998
0.0178205
0.0179412
0.0178491
0.017757
0.0178776
0.0177856
0.0179062
0.0178142
0.0179347
0.0178427
0.0179631
0.0178712
0.0177793
0.0176874
0.0175956
0.017716
0.0176242
0.0177445
0.0176528
0.017561
0.0174694
0.0173777
0.0172862
0.0174064
0.0175265
0.0176466
0.0175551
0.0174635
0.0175836
0.0177036
0.0176121
0.0175206
0.0174292
0.0175491
0.0174577
0.0173664
0.0172751
0.0173949
0.0175147
0.0174235
0.0173322
0.017241
0.0171498
0.0170586
0.0171784
0.0170873
0.017207
0.0171159
0.0172355
0.0171445
0.017264
0.017173
0.017082
0.0169911
0.0171106
0.0172301
0.0171391
0.0170483
0.0169574
0.0168667
0.0167759
0.0166852
0.0168045
0.0167139
0.0168332
0.0167425
0.0168618
0.0169809
0.0171001
0.0170095
0.0171286
0.0172476
0.017157
0.0170664
0.0169759
0.0170949
0.0170044
0.0169139
0.0168235
0.0169424
0.016852
0.0167617
0.0168805
0.0169993
0.017118
0.0170277
0.0171464
0.0170561
0.0171747
0.0172933
0.017203
0.0171128
0.0170226
0.0169324
0.0168423
0.0167522
0.0166622
0.0167807
0.0166906
0.0166007
0.0167191
0.0166292
0.0167475
0.0168658
0.0167759
0.0166861
0.0165962
0.0165064
0.0164166
0.0165349
0.0166531
0.0167712
0.0166815
0.0165918
0.0167098
0.0168279
0.0169459
0.0168562
0.0167665
0.0168844
0.0167948
0.0167052
0.0166157
0.0165262
0.0164367
0.0165545
0.0166723
0.0167901
0.0167006
0.0166112
0.0167289
0.0168465
0.0169641
0.0168747
0.0169923
0.0171098
0.0172272
0.0171378
0.0170485
0.0171659
0.0170766
0.0169873
0.0171046
0.0172219
0.0173391
0.0172499
0.0171606
0.0170715
0.0169823
0.0168932
0.0168041
0.0169213
0.0170383
0.0169493
0.0168603
0.0167713
0.0168884
0.0167994
0.0167105
0.0166216
0.0167386
0.0168555
0.0167666
0.0166778
0.016589
0.0165003
0.0164116
0.0165285
0.0164398
0.0163511
0.0164679
0.0163793
0.0164961
0.0164075
0.0165242
0.0164356
0.0163471
0.0164637
0.0163752
0.0164918
0.0164033
0.0165199
0.0166363
0.0167527
0.0166643
0.0167807
0.0166923
0.0166039
0.0167202
0.0168365
0.0167481
0.0168643
0.0169805
0.0170966
0.0170083
0.01692
0.017036
0.017152
0.017268
0.0171797
0.0172956
0.0174115
0.0173232
0.017439
0.0175548
0.0176705
0.0175823
0.0174941
0.0174059
0.0175216
0.0174335
0.017549
0.017461
0.0173729
0.0174884
0.0174004
0.0173124
0.0174279
0.0175433
0.0176587
0.0175707
0.0174828
0.0175981
0.0177134
0.0178286
0.0179438
0.0178559
0.017768
0.0178831
0.0177953
0.0177075
0.0176197
0.0175319
0.017647
0.0175593
0.0174716
0.0175866
0.0174989
0.0176139
0.0175263
0.0176412
0.0175536
0.0176684
0.0175809
0.0174933
0.0176081
0.0175206
0.0174332
0.0173458
0.0172584
0.0173731
0.0172857
0.0171984
0.0171111
0.0170239
0.0169367
0.0170513
0.0169641
0.016877
0.0169915
0.0169044
0.0170189
0.0171334
0.0170463
0.0171607
0.0172751
0.0173895
0.0175038
0.0174167
0.0175309
0.0176451
0.0177593
0.0176722
0.0175852
0.0174982
0.0176123
0.0175253
0.0174384
0.0175524
0.0174655
0.0173786
0.0172918
0.0174058
0.017319
0.0174329
0.0175467
0.01746
0.0175738
0.0176876
0.0178013
0.0177145
0.0176278
0.0175411
0.0174545
0.0173679
0.0174815
0.0175951
0.0177087
0.0176221
0.0177356
0.0178491
0.0177625
0.0176759
0.0177894
0.0177028
0.0176164
0.0177297
0.017843
0.0179563
0.0178698
0.0177834
0.017697
0.0176107
0.0175243
0.0176375
0.0175512
0.017465
0.0175781
0.0176912
0.017605
0.0175188
0.0176318
0.0177448
0.0176586
0.0177716
0.0178845
0.0177983
0.0179112
0.018024
0.0179378
0.0180506
0.0179645
0.0178784
0.0177924
0.0179051
0.0178191
0.0177331
0.0178457
0.0179583
0.0178724
0.0177865
0.0177006
0.0178131
0.0179256
0.018038
0.0179522
0.0178663
0.0179787
0.0178929
0.0178072
0.0177214
0.0178338
0.0177481
0.0176624
0.0175768
0.0174912
0.0174056
0.0175179
0.0174323
0.0175445
0.017459
0.0175712
0.0176833
0.0177954
0.0179074
0.0178219
0.0177364
0.017651
0.0175656
0.0174803
0.0173949
0.0173096
0.0174216
0.0173363
0.0174482
0.017363
0.0174748
0.0175866
0.0175014
0.0174162
0.017528
0.0176397
0.0177513
0.0176662
0.0177777
0.0178893
0.0180008
0.0179157
0.0178306
0.0177455
0.017857
0.0179684
0.0180798
0.0179947
0.0179097
0.0178247
0.0177397
0.017851
0.0179623
0.0178774
0.0177925
0.0179037
0.0178188
0.017734
0.0178451
0.0177603
0.0178714
0.0179825
0.0178977
0.0178129
0.0177282
0.0176435
0.0175588
0.0176699
0.0177808
0.0178917
0.0178071
0.0177225
0.0176379
0.0177487
0.0176642
0.0175797
0.0174952
0.0174108
0.0173263
0.017242
0.0173527
0.0174635
0.0175742
0.0174898
0.0174055
0.0175161
0.0174318
0.0173475
0.0172633
0.0173739
0.0172897
0.0172055
0.017316
0.0172319
0.0173423
0.0172582
0.0171741
0.0172845
0.0172005
0.0171165
0.0170324
0.0169485
0.0170588
0.0169749
0.016891
0.0170013
0.0169174
0.0168336
0.0169439
0.0170541
0.0169702
0.0170804
0.0171905
0.0171067
0.017023
0.017133
0.0172431
0.0171593
0.0172693
0.0171856
0.0171019
0.0170182
0.0171281
0.017238
0.0173479
0.0174577
0.017374
0.0174837
0.0174001
0.0175098
0.0174263
0.0173427
0.0174524
0.0173688
0.0172853
0.0173949
0.0173115
0.017228
0.0171446
0.0172541
0.0171708
0.0172803
0.0173897
0.0173064
0.0174158
0.0175251
0.0176344
0.0175511
0.0176603
0.0177696
0.0176862
0.0177954
0.0177121
0.0176289
0.017738
0.0178471
0.0179561
0.0178729
0.0177897
0.0178987
0.0180076
0.0179245
0.0180334
0.0179502
0.018059
0.0179759
0.0178928
0.0180016
0.0179186
0.0180273
0.0179443
0.0178612
0.0177783
0.017887
0.0179956
0.0181043
0.0180213
0.0179383
0.0180469
0.017964
0.0180725
0.0179897
0.0180981
0.0180153
0.0179325
0.0178497
0.0179581
0.0180665
0.0181748
0.018092
0.0182003
0.0183086
0.0184168
0.0185249
0.0184422
0.0183594
0.0184675
0.0183848
0.0183022
0.0184102
0.0183276
0.0184356
0.018353
0.018461
0.0183784
0.0184863
0.0185942
0.0185116
0.0184291
0.0185369
0.0184544
0.0183719
0.0182895
0.0182071
0.0181247
0.0180423
0.0181501
0.0180678
0.0181755
0.0180932
0.0180109
0.0179287
0.0178465
0.0179541
0.0180618
0.0179796
0.0180871
0.018005
0.0181125
0.01822
0.0181378
0.0180557
0.0179737
0.0178916
0.0179991
0.0181064
0.0180244
0.0181317
0.018239
0.018157
0.0182643
0.0181823
0.0181004
0.0182076
0.0183147
0.0184219
0.0183399
0.018447
0.018554
0.0184721
0.0183902
0.0183084
0.0184154
0.0185223
0.0184405
0.0183587
0.0184656
0.0183838
0.0183021
0.018409
0.0183272
0.018434
0.0183524
0.0182707
0.0181891
0.0182958
0.0182142
0.0181327
0.0180511
0.0181578
0.0180763
0.0179949
0.0179134
0.017832
0.0179386
0.0178572
0.0177759
0.0178824
0.0178011
0.0177198
0.0178263
0.0179328
0.0178515
0.017958
0.0178767
0.0177955
0.0177143
0.0178207
0.0177395
0.0176584
0.0175773
0.0174962
0.0174152
0.0173342
0.0172532
0.0173595
0.0172785
0.0171976
0.0173039
0.0174101
0.0175163
0.0176224
0.0177285
0.0176476
0.0177537
0.0176728
0.0177788
0.0178848
0.0178039
0.0179098
0.0180157
0.0179349
0.017854
0.0179599
0.0180657
0.0179849
0.0179041
0.0178234
0.0179291
0.0180348
0.0179541
0.0180598
0.0179791
0.0178984
0.0178178
0.0177372
0.0178428
0.0177622
0.0176816
0.0176011
0.0175206
0.0176262
0.0177317
0.0178372
0.0177567
0.0178621
0.0179675
0.0178871
0.0179924
0.0180977
0.0180173
0.0179369
0.0178565
0.0179617
0.0178814
0.0178011
0.0179063
0.017826
0.0179312
0.0178509
0.017956
0.0180611
0.0179808
0.0180859
0.0180056
0.0179254
0.0178453
0.0179503
0.0180552
0.0181601
0.018265
0.0181848
0.0182897
0.0183944
0.0183143
0.0182342
0.0183389
0.0182589
0.0181788
0.0182835
0.0182035
0.0181235
0.0182281
0.0181482
0.0182528
0.0181728
0.0180929
0.0181974
0.0181176
0.0180377
0.0179579
0.0180624
0.0181668
0.018087
0.0180072
0.0181116
0.0180319
0.0179522
0.0180565
0.0179769
0.0178972
0.0178175
0.0177379
0.0176583
0.0177626
0.0176831
0.0177873
0.0177078
0.017812
0.0177325
0.0178367
0.0179408
0.0180449
0.0179654
0.0180695
0.01799
0.0179106
0.0178311
0.0179352
0.0178558
0.0179597
0.0178804
0.017801
0.0177217
0.0176425
0.0175632
0.017484
0.0174048
0.0173257
0.0172465
0.0171674
0.0172713
0.0171922
0.0172961
0.017217
0.0173208
0.0174246
0.0175283
0.0174492
0.0173702
0.0174739
0.0173949
0.0174986
0.0176021
0.0175232
0.0174443
0.0173653
0.0174689
0.01739
0.0173111
0.0174146
0.0173358
0.017257
0.0171782
0.0170995
0.0172029
0.0171242
0.0172276
0.0171489
0.0172523
0.0173556
0.0172769
0.0171983
0.0171196
0.0172229
0.0171443
0.0170657
0.0169872
0.0170904
0.0170119
0.0169334
0.016855
0.0167765
0.0166982
0.0168013
0.0167229
0.0166446
0.0165662
0.0166694
0.0165911
0.0165128
0.0164346
0.0163563
0.0164594
0.0163812
0.0163031
0.0164061
0.0163279
0.0164309
0.0163528
0.0162747
0.0161966
0.0161186
0.0160406
0.0159627
0.0158847
0.0159876
0.0160905
0.0161933
0.0161154
0.0162181
0.0161402
0.016243
0.0161651
0.0160872
0.0160094
0.0159316
0.0160343
0.0159565
0.0158788
0.0158011
0.0157234
0.015826
0.0157484
0.0158509
0.0159535
0.0158758
0.0159783
0.0160808
0.0160032
0.0159256
0.016028
0.0159504
0.0160528
0.0161552
0.0160776
0.0160001
0.0159226
0.0158451
0.0157677
0.0158699
0.0157925
0.0158948
0.0158174
0.01574
0.0156627
0.0155854
0.0155081
0.0154308
0.0153536
0.0152764
0.0151992
0.0151221
0.0152242
0.0151471
0.01507
0.014993
0.0149159
0.0148389
0.014941
0.0150431
0.0151451
0.0150681
0.0149911
0.0150931
0.0150162
0.0149392
0.0148624
0.0147855
0.0148874
0.0148106
0.0149125
0.0150143
0.0149375
0.0148607
0.0149625
0.0150643
0.0149875
0.0149107
0.0150124
0.0151141
0.0152158
0.0153174
0.015419
0.0155205
0.0154438
0.0155453
0.0156467
0.01557
0.0154933
0.0155947
0.015518
0.0154414
0.0153648
0.0154661
0.0153895
0.015313
0.0152364
0.0151599
0.0150834
0.0151847
0.0151082
0.0152095
0.0151331
0.0150566
0.0149803
0.0149039
0.0150051
0.0149288
0.0148524
0.0147761
0.0146999
0.0148011
0.0149022
0.0150033
0.014927
0.0148508
0.0147746
0.0146984
0.0146223
0.0147233
0.0146472
0.0145711
0.0144951
0.014419
0.014343
0.014444
0.0145449
0.0146458
0.0145698
0.0144939
0.0145947
0.0145188
0.0146196
0.0145437
0.0144678
0.0143919
0.0143161
0.0144168
0.014341
0.0144418
0.0145424
0.0144666
0.0145673
0.0144915
0.0144157
0.01434
0.0142643
0.0143649
0.0144655
0.0143898
0.0143141
0.0142385
0.0141629
0.0142634
0.0143639
0.0144643
0.0143887
0.0144891
0.0144136
0.0145139
0.0144384
0.0143629
0.0142874
0.0143877
0.0143122
0.0144125
0.0145127
0.0144373
0.0145375
0.0144621
0.0143867
0.0144868
0.0144114
0.0145115
0.0144362
0.0143608
0.0142855
0.0143856
0.0144856
0.0145856
0.0146856
0.0146103
0.014535
0.0144598
0.0145597
0.0146596
0.0145843
0.0146842
0.014609
0.0145338
0.0144586
0.0143835
0.0143084
0.0144082
0.0143331
0.0144328
0.0143578
0.0142828
0.0142078
0.0143075
0.0144071
0.0145068
0.0144318
0.0145313
0.0144564
0.0143814
0.0143065
0.0144061
0.0143312
0.0142563
0.0141815
0.0141066
0.0140319
0.0139571
0.0140566
0.014156
0.0140813
0.0141807
0.0141059
0.0140312
0.0141306
0.0142299
0.0141552
0.0142545
0.0141799
0.0141052
0.0142045
0.0143037
0.0142291
0.0143282
0.0144274
0.0143528
0.0144519
0.014551
0.0144764
0.0144018
0.0143273
0.0144263
0.0143518
0.0144508
0.0143763
0.0144752
0.0145741
0.0144997
0.0144252
0.0143508
0.0142764
0.0143753
0.0144741
0.0143997
0.0144985
0.0144241
0.0145229
0.0144486
0.0143743
0.0143
0.0142257
0.0141515
0.0140773
0.0140031
0.0139289
0.0138548
0.0137807
0.0137067
0.0138053
0.0137313
0.0138299
0.0137559
0.0136819
0.0137804
0.0137064
0.0136325
0.0135586
0.0134847
0.0134108
0.0133369
0.0134354
0.0135339
0.0136324
0.0137308
0.0136569
0.0137553
0.0138537
0.0137798
0.013706
0.0136322
0.0137306
0.0138288
0.013927
0.0138533
0.0137796
0.0137058
0.013804
0.0137303
0.0136566
0.0137548
0.0136811
0.0137793
0.0137056
0.0138037
0.0139017
0.0139997
0.0139261
0.0138525
0.013779
0.0138769
0.0139748
0.0139013
0.0138278
0.0139256
0.0138521
0.0137787
0.0137052
0.013803
0.0139008
0.0139986
0.0140963
0.0140229
0.0139495
0.0140472
0.0141448
0.0140714
0.0139981
0.0139247
0.0138514
0.013949
0.0140465
0.0139732
0.0139
0.0138267
0.0137535
0.0136802
0.0137778
0.0138753
0.0138021
0.0137289
0.0138264
0.0139238
0.0140212
0.0141185
0.0142158
0.0143131
0.0142399
0.0141668
0.014264
0.0143612
0.0142881
0.014215
0.0141419
0.0142391
0.014166
0.014093
0.01402
0.0141171
0.0140441
0.0139711
0.0140682
0.0141653
0.0140923
0.0141893
0.0142863
0.0142134
0.0141405
0.0142374
0.0143343
0.0144312
0.0143583
0.0144551
0.0145519
0.0146487
0.0145758
0.0146725
0.0147692
0.0146963
0.0146235
0.0145507
0.0144779
0.0145746
0.0145018
0.0145984
0.014695
0.0146222
0.0145495
0.014646
0.0147425
0.014839
0.0147663
0.0146936
0.01479
0.0147173
0.0148138
0.0149101
0.0148374
0.0147648
0.0146922
0.0146196
0.0145471
0.0146434
0.0147397
0.0148359
0.0147634
0.0146908
0.014787
0.0147145
0.0148107
0.0147382
0.0148344
0.0147619
0.0146895
0.0147856
0.0147132
0.0148092
0.0149052
0.0148328
0.0147605
0.0146881
0.0146158
0.0147118
0.0148077
0.0147354
0.0148313
0.0149272
0.0148549
0.0149507
0.0148785
0.0148062
0.014902
0.0148298
0.0147576
0.0146854
0.0147811
0.014709
0.0146369
0.0147326
0.0146605
0.0147561
0.0146841
0.014612
0.01454
0.0144679
0.0145636
0.0146592
0.0147547
0.0146827
0.0147782
0.0147063
0.0148017
0.0147298
0.0146578
0.0145859
0.014514
0.0146095
0.0145376
0.0144657
0.0145611
0.0144893
0.0145847
0.0145129
0.0144411
0.0145364
0.0144646
0.0143929
0.0144882
0.0144165
0.0145117
0.014607
0.0145352
0.0144636
0.0145588
0.0146539
0.0145822
0.0146773
0.0146057
0.0145341
0.0144625
0.0145575
0.014486
0.0144144
0.0143429
0.0142714
0.0141999
0.0142949
0.0142235
0.0143185
0.0144134
0.014342
0.0142705
0.0141991
0.0141278
0.0140564
0.0139851
0.01408
0.0140087
0.0141035
0.0140322
0.013961
0.0140558
0.0139846
0.0140794
0.0140081
0.0141029
0.0140317
0.0139605
0.0138893
0.0138182
0.0137471
0.0138418
0.0137707
0.0136997
0.0136286
0.0137233
0.0136522
0.0137469
0.0136758
0.0136049
0.0135339
0.0136285
0.013723
0.0136521
0.0135812
0.0135103
0.0134394
0.0135339
0.0136284
0.0135575
0.013652
0.0135811
0.0136755
0.0137699
0.0138642
0.0137934
0.0137226
0.0136518
0.0137461
0.0136754
0.0137696
0.0138638
0.013958
0.0140522
0.0139815
0.0140756
0.0140049
0.0139341
0.0140282
0.0141223
0.0140516
0.0139809
0.014075
0.0140043
0.0140983
0.0140277
0.0141216
0.014051
0.0139804
0.0140743
0.0140038
0.0140976
0.0140271
0.0141209
0.0142148
0.0141442
0.0140737
0.0140032
0.0139328
0.0138623
0.0137919
0.0137215
0.0136511
0.0135808
0.0136746
0.0137683
0.0136979
0.0136276
0.0135573
0.0134871
0.0135807
0.0135105
0.0134403
0.0133701
0.0134637
0.0135573
0.0136509
0.0135807
0.0135105
0.0134404
0.0135339
0.0134638
0.0133937
0.0133236
0.0132536
0.0133471
0.013277
0.013207
0.0133004
0.0133938
0.0134872
0.0134172
0.0133473
0.0132773
0.0132074
0.0131375
0.0130676
0.0131609
0.0132542
0.0133475
0.0134407
0.0133708
0.013301
0.0133942
0.0134873
0.0134175
0.0135106
0.0134408
0.0135339
0.013627
0.01372
0.0136502
0.0137432
0.0136734
0.0137664
0.0136966
0.0136269
0.0135572
0.0136501
0.0135804
0.0136733
0.0136036
0.0136964
0.0136268
0.0137196
0.0136499
0.0135803
0.0136731
0.0137659
0.0138586
0.0139513
0.014044
0.0139743
0.0139047
0.0139974
0.01409
0.0140204
0.0141129
0.0142055
0.014298
0.0143905
0.0143209
0.0142513
0.0143438
0.0144362
0.0145285
0.0146209
0.0145513
0.0144818
0.0144123
0.0143428
0.0142734
0.0143657
0.0142963
0.0143885
0.0143191
0.0142497
0.0143419
0.0142725
0.0143647
0.0142954
0.0143875
0.0143182
0.0144103
0.0145024
0.0144331
0.0145252
0.0146172
0.0145479
0.0144786
0.0145706
0.0145013
0.0145933
0.0146852
0.0147772
0.0147079
0.0146387
0.0147305
0.0148224
0.0147531
0.014845
0.0149367
0.0148675
0.0147983
0.0148901
0.0149818
0.0150735
0.0151651
0.0152567
0.0151876
0.0152791
0.01521
0.0151409
0.0152324
0.0151633
0.0152548
0.0153463
0.0154378
0.0153686
0.0152996
0.015391
0.0153219
0.0154133
0.0153443
0.0154356
0.015527
0.0154579
0.0155492
0.0154802
0.0154112
0.0153422
0.0152733
0.0152044
0.0151355
0.0150666
0.0149977
0.0149289
0.0148601
0.0149513
0.0150425
0.0149737
0.0150649
0.015156
0.0150872
0.0150184
0.0149497
0.014881
0.0149721
0.0149034
0.0149944
0.0149257
0.0150168
0.0149481
0.0150391
0.0151301
0.0150614
0.0149928
0.0149242
0.0148556
0.0149466
0.014878
0.0148094
0.0147409
0.0148318
0.0147633
0.0148541
0.0147856
0.0148765
0.014808
0.0148988
0.0149896
0.0150803
0.015171
0.0152617
0.0151932
0.0151247
0.0152154
0.015147
0.0150786
0.0151692
0.0152597
0.0151913
0.015123
0.0150546
0.0151452
0.0150768
0.0151674
0.015099
0.0150307
0.0149625
0.0150529
0.0149847
0.0149165
0.0150069
0.0149387
0.0148705
0.0149609
0.0150513
0.0149831
0.0149149
0.0150053
0.0149371
0.014869
0.0149593
0.0148912
0.0149815
0.0149134
0.0148454
0.0147773
0.0147093
0.0147995
0.0148897
0.0149799
0.0149119
0.015002
0.014934
0.0150241
0.0151142
0.0152042
0.0151363
0.0152263
0.0153162
0.0152483
0.0151803
0.0152703
0.0152024
0.0151345
0.0150666
0.0149988
0.0149309
0.0148631
0.0147953
0.0148852
0.0149751
0.0149073
0.0148396
0.0147718
0.0147041
0.0146365
0.0145688
0.0146586
0.0145909
0.0145233
0.0146131
0.0145455
0.0144779
0.0145676
0.0146573
0.0147471
0.0146795
0.0147691
0.0147016
0.014634
0.0147237
0.0146561
0.0147457
0.0146782
0.0147678
0.0147003
0.0147898
0.0147223
0.0146549
0.0147444
0.0148338
0.0149233
0.0148558
0.0147884
0.014721
0.0148104
0.0147431
0.0148324
0.0149218
0.0148544
0.0149437
0.0148763
0.0149656
0.0150549
0.0151441
0.0152333
0.0151659
0.0152551
0.0151878
0.0151205
0.0152096
0.0151423
0.0152314
0.0151641
0.0152532
0.015186
0.0151187
0.0150515
0.0151406
0.0150734
0.0151623
0.0150952
0.0151842
0.015117
0.0152059
0.0152948
0.0153837
0.0153166
0.0154054
0.0154942
0.0154271
0.01536
0.0154488
0.0153817
0.0154704
0.0155592
0.0154921
0.0155808
0.0155137
0.0156024
0.0155353
0.0154683
0.0154013
0.0154899
0.015423
0.0155116
0.0156001
0.0155331
0.0154662
0.0155548
0.0156432
0.0155763
0.0155094
0.0155979
0.0156863
0.0157747
0.0158631
0.0159515
0.0158845
0.0159729
0.015906
0.0158391
0.0157723
0.0157055
0.0157937
0.015882
0.0158152
0.0157484
0.0156817
0.0156149
0.0155482
0.0154815
0.0154148
0.015503
0.0154363
0.0153697
0.0154578
0.015546
0.0156341
0.0155675
0.0156555
0.0155889
0.0155223
0.0156104
0.0155438
0.0154772
0.0154107
0.0153442
0.0154322
0.0153657
0.0152992
0.0152328
0.0153207
0.0154087
0.0153422
0.0152758
0.0152094
0.0152973
0.0152309
0.0151646
0.0152524
0.0151861
0.0152739
0.0152076
0.0151413
0.0152291
0.0153169
0.0152506
0.0153383
0.0152721
0.0152058
0.0151395
0.0150733
0.015161
0.0150948
0.0150287
0.0151163
0.0150502
0.0151378
0.0150717
0.0151593
0.0150931
0.015027
0.0151146
0.0152022
0.0151361
0.0152236
0.0151576
0.0152451
0.015179
0.0151129
0.0152004
0.0152878
0.0152218
0.0153092
0.0152432
0.0151772
0.0152646
0.015352
0.0154393
0.0153733
0.0153073
0.0152414
0.0151755
0.0151095
0.0150437
0.0149778
0.0150651
0.0149992
0.0150865
0.0150206
0.0151079
0.015195
0.0151292
0.0150634
0.0149977
0.0150848
0.0150191
0.0151062
0.0151933
0.0151275
0.0150618
0.0151488
0.0150832
0.0150175
0.0149518
0.0148861
0.0148205
0.0147549
0.0148419
0.0147763
0.0147108
0.0146452
0.0147322
0.0146667
0.0147536
0.0148405
0.0149274
0.0148619
0.0147964
0.0147309
0.0146655
0.0147523
0.0146869
0.0146214
0.0147083
0.0146429
0.0145774
0.0145121
0.0145989
0.0146856
0.0146203
0.014707
0.0146417
0.0145763
0.014511
0.0144458
0.0143805
0.0144672
0.0144019
0.0143367
0.0142715
0.0143582
0.0144448
0.0143796
0.0144662
0.0145528
0.0144876
0.0144224
0.014509
0.0144438
0.0143787
0.0144652
0.0144001
0.014335
0.0142699
0.0143564
0.0142914
0.0142263
0.0143128
0.0142478
0.0141828
0.0141178
0.0142042
0.0142906
0.0143769
0.0144632
0.0143983
0.0144846
0.0144196
0.0145059
0.0145921
0.0145272
0.0144623
0.0143974
0.0144836
0.0144187
0.0143538
0.014289
0.0143752
0.0143103
0.0142455
0.0141807
0.014116
0.0142021
0.0141373
0.0140726
0.0140079
0.0139432
0.0140293
0.0139646
0.0139
0.0138353
0.0137707
0.0138567
0.0139427
0.0138781
0.0138136
0.013749
0.0136845
0.0136199
0.0137059
0.0136414
0.0137273
0.0136628
0.0135984
0.0135339
0.0134695
0.0135554
0.013491
0.0134266
0.0135125
0.0134481
0.0133837
0.0133193
0.0134052
0.0133409
0.0132765
0.0133624
0.0132981
0.0133839
0.0134696
0.0134053
0.0134911
0.0134268
0.0135125
0.0134482
0.0135339
0.0134697
0.0134055
0.0134911
0.0135767
0.0136623
0.0135981
0.0135339
0.0134698
0.0134056
0.0134912
0.0135767
0.0135126
0.0134484
0.0135339
0.0134698
0.0135553
0.0134912
0.0134271
0.0133631
0.013299
0.0132351
0.0131711
0.0131071
0.0130431
0.0129792
0.0130646
0.0130007
0.0130861
0.0130222
0.0129583
0.0128945
0.0129798
0.0129159
0.0130013
0.0130866
0.0131718
0.013108
0.0131932
0.0132784
0.0132146
0.0132998
0.013236
0.0131722
0.0132574
0.0133425
0.0132787
0.0133638
0.0134489
0.0135339
0.0134701
0.0134064
0.0133427
0.013279
0.0132153
0.0131516
0.0132366
0.013173
0.0131093
0.0131943
0.0131307
0.0130671
0.0130035
0.0130884
0.0131733
0.0131097
0.0130462
0.0129827
0.0129192
0.013004
0.0130889
0.0131737
0.0132585
0.013195
0.0132798
0.0133645
0.013301
0.0132375
0.0133222
0.0134069
0.0134916
0.0135762
0.0135128
0.0135974
0.0135339
0.0136185
0.013555
0.0134916
0.0134282
0.0133649
0.0134494
0.0135339
0.0136184
0.013555
0.0134917
0.0135761
0.0136606
0.0135972
0.0135339
0.0134706
0.013555
0.0136394
0.0135761
0.0135128
0.0135972
0.0135339
0.0136182
0.013555
0.0136393
0.0135761
0.0136603
0.0135971
0.0136814
0.0136181
0.0137024
0.0136392
0.0137233
0.0138075
0.0138916
0.0138285
0.0137653
0.0137022
0.0137863
0.0137232
0.0136601
0.0137441
0.0136811
0.013618
0.0135549
0.0134919
0.0135759
0.0136599
0.0137439
0.0136809
0.0136179
0.0135549
0.0134919
0.013429
0.0133661
0.0133032
0.0133871
0.0133242
0.0132613
0.0133452
0.0134291
0.013513
0.0135968
0.0136806
0.0136177
0.0137015
0.0136386
0.0137224
0.0138061
0.0137433
0.0136804
0.0136176
0.0135548
0.0134921
0.0134293
0.0133666
0.0133039
0.0132412
0.0131785
0.0132622
0.0131995
0.0131369
0.0130742
0.0130116
0.012949
0.0128865
0.0128239
0.0129075
0.012845
0.0127825
0.0128661
0.0128036
0.0127411
0.0128246
0.0127622
0.0126997
0.0126373
0.0125749
0.0125125
0.0124501
0.0125336
0.0126171
0.0125547
0.0126382
0.0125758
0.0125135
0.0125969
0.0125346
0.012618
0.0125557
0.0126391
0.0127225
0.0126602
0.0127435
0.0126812
0.012619
0.0125567
0.0124945
0.0125778
0.0125156
0.0125988
0.0125366
0.0126199
0.0125577
0.0124955
0.0125788
0.0125166
0.0125998
0.0125377
0.0124756
0.0124135
0.0124966
0.0124345
0.0125177
0.0126007
0.0125387
0.0124766
0.0124146
0.0123526
0.0122906
0.0122286
0.0121666
0.0122497
0.0121878
0.0122708
0.0123538
0.0122918
0.0122299
0.0123129
0.0123959
0.012334
0.0122721
0.012355
0.0124379
0.012376
0.0124589
0.0125417
0.0124798
0.0125627
0.0125008
0.012439
0.0123772
0.0123154
0.0123982
0.0123364
0.0122746
0.0123574
0.0122956
0.0123783
0.0123166
0.0122549
0.0123376
0.0122759
0.0122142
0.0121526
0.0120909
0.0120293
0.0119677
0.0120503
0.0121329
0.0120713
0.012154
0.0120924
0.0121749
0.0121134
0.0121959
0.0121344
0.0120728
0.0120113
0.0119498
0.0120323
0.0119708
0.0119094
0.0118479
0.0117865
0.0117251
0.0116637
0.0116023
0.0116848
0.0117672
0.0118496
0.0117882
0.0117269
0.0116656
0.011748
0.0116866
0.011769
0.0117077
0.01179
0.0117287
0.011811
0.0117497
0.011832
0.0117708
0.011853
0.0117918
0.011874
0.0119562
0.0118949
0.0118337
0.0117725
0.0117113
0.0116502
0.011589
0.0116712
0.0116101
0.0115489
0.0114878
0.0114267
0.0115089
0.0114478
0.0113868
0.0113257
0.0114078
0.0113468
0.0114289
0.0115109
0.0114499
0.0113889
0.011328
0.0114099
0.011349
0.011288
0.0112271
0.0111662
0.0112482
0.0113302
0.0114121
0.0113512
0.0114331
0.011515
0.0114541
0.0113932
0.0113324
0.0112715
0.0113533
0.0112925
0.0112318
0.0113136
0.0112528
0.0113345
0.0114163
0.0113555
0.0112948
0.0113765
0.0114582
0.0113975
0.0113367
0.0114184
0.0113577
0.0114394
0.0113786
0.011318
0.0112573
0.0111967
0.011136
0.0110754
0.011157
0.0110964
0.011178
0.0111174
0.011199
0.0111384
0.0112199
0.0113015
0.0112409
0.0113224
0.0114038
0.0113433
0.0114247
0.0113642
0.0113037
0.0112432
0.0111827
0.0111222
0.0112036
0.0111432
0.0112245
0.0111641
0.0111037
0.011185
0.0111246
0.0112059
0.0112872
0.0112268
0.0111665
0.0112477
0.0111873
0.011127
0.0112082
0.0112894
0.0112291
0.0113103
0.01125
0.0111897
0.0112708
0.011352
0.0112917
0.0113728
0.0113125
0.0112523
0.011192
0.0111318
0.0112128
0.0111526
0.0110924
0.0111735
0.0112545
0.0111943
0.0111341
0.011074
0.011155
0.0110948
0.0110347
0.0111157
0.0110556
0.0109955
0.0110144
0.0110582
0.011102
0.0111781
0.0111181
0.0111989
0.0111389
0.0110788
0.0111597
0.0110996
0.0111805
0.0111204
0.0112012
0.0111412
0.011222
0.011162
0.0111021
0.0110421
0.0109822
0.0109223
0.0108624
0.0108025
0.0107426
0.0108233
0.0107635
0.0107037
0.0106439
0.0105841
0.0105243
0.0104645
0.0105452
0.0104854
0.0105661
0.0105064
0.0105869
0.0106676
0.0106078
0.0106884
0.0106287
0.0106113
0.010655
0.0106986
0.0107422
0.0107858
0.0108294
0.0108731
0.0109166
0.0109602
0.0110037
0.0110472
0.0110908
0.0111343
0.0111778
0.0112213
0.0112648
0.0113083
0.0113516
0.0112553
0.0112987
0.0113422
0.0113856
0.0112892
0.0113326
0.011376
0.0114194
0.0114628
0.0115062
0.0115495
0.0114532
0.0114965
0.0115399
0.0115833
0.0114869
0.0113907
0.0114341
0.0114774
0.0115207
0.011564
0.0116073
0.0116506
0.0115544
0.0115977
0.0116409
0.0116842
0.011588
0.0116313
0.0116745
0.0117177
0.011761
0.0118042
0.0117081
0.0117512
0.0116553
0.0115592
0.0116025
0.0115065
0.0115497
0.0115929
0.0115272
0.0114678
0.0115476
0.0114883
0.011568
0.0115087
0.0115884
0.0115291
0.0116088
0.0115495
0.0116292
0.0115699
0.0115107
0.0115018
0.0114062
0.0114719
0.0114127
0.0113966
0.011301
0.0113739
0.0113148
0.0112916
0.0111966
0.0112391
0.0111435
0.0111865
0.0110911
0.0111341
0.0111772
0.0112202
0.0112633
0.0111678
0.0112109
0.0112538
0.0112969
0.0113398
0.0113828
0.0114258
0.0114687
0.0113733
0.0114163
0.0114595
0.0115388
0.0114798
0.0114209
0.0113619
0.011303
0.0113021
0.011345
0.0112645
0.0113437
0.0114229
0.0115021
0.0114432
0.0115224
0.0114635
0.0114047
0.0113458
0.011425
0.0115041
0.0114453
0.0113864
0.0114655
0.0114067
0.0114858
0.0115648
0.0115061
0.0114473
0.0113885
0.0113298
0.0114088
0.0113648
0.0114076
0.0114504
0.0114931
0.0115358
0.0114695
0.0115484
0.0115263
0.0114315
0.01151
0.0114513
0.0115301
0.011609
0.0116878
0.0116292
0.011708
0.0116493
0.0117281
0.0116695
0.0117482
0.0118269
0.0117683
0.011847
0.0117884
0.0117298
0.0116712
0.0117499
0.0118286
0.01177
0.0117114
0.0116529
0.0115944
0.011673
0.0116145
0.0116931
0.0117717
0.0117132
0.0116547
0.0117333
0.0118118
0.0117534
0.0116949
0.0116365
0.0115781
0.0115196
0.0115981
0.0116766
0.0116182
0.0115598
0.0115015
0.0114431
0.0115216
0.0116
0.0116784
0.01162
0.0115617
0.0116401
0.0115818
0.0115235
0.0114652
0.011407
0.0114853
0.011427
0.0115054
0.0115837
0.0116619
0.0116037
0.0115454
0.0114872
0.0115655
0.0115073
0.0115855
0.0116637
0.0117419
0.01182
0.0117618
0.01184
0.0119181
0.0119962
0.011938
0.012016
0.0119579
0.0118997
0.0118416
0.0119196
0.0118615
0.0119395
0.0120175
0.0120954
0.0120373
0.0121153
0.0121932
0.0122711
0.0123489
0.0122908
0.0123687
0.0124465
0.0125243
0.0124662
0.012544
0.0126218
0.0126995
0.0127772
0.0127192
0.0127968
0.0128745
0.0129522
0.0128941
0.012836
0.012778
0.0128556
0.0127975
0.0127395
0.0128171
0.0127591
0.0127011
0.0126431
0.0127207
0.0127982
0.0128758
0.0129533
0.0130308
0.0131082
0.0130503
0.0131277
0.0130697
0.0130118
0.0129538
0.0130312
0.0131086
0.013186
0.0131281
0.0132054
0.0131475
0.0130896
0.0131669
0.013109
0.0130512
0.0129933
0.0130706
0.0130127
0.01309
0.0130322
0.0129744
0.0129166
0.0129938
0.012936
0.0130132
0.0130904
0.0130327
0.0129749
0.0130521
0.0129943
0.0129366
0.0128789
0.0128212
0.0127635
0.0127058
0.0126482
0.0127253
0.0128024
0.0128795
0.0128219
0.0128989
0.0128413
0.0127836
0.012726
0.0128031
0.0127455
0.0128225
0.0127649
0.0127074
0.0126498
0.0125923
0.0125348
0.0124773
0.0124198
0.0123623
0.0124393
0.0123819
0.0124588
0.0124013
0.0124783
0.0125552
0.0124978
0.0124403
0.0123829
0.0124598
0.0124024
0.012345
0.0124219
0.0124987
0.0124414
0.012384
0.0123267
0.0122693
0.012212
0.0121548
0.0120975
0.0121743
0.012117
0.0121938
0.0121365
0.0122133
0.01229
0.0122328
0.0123095
0.0122523
0.0121951
0.0121379
0.0120807
0.0121574
0.0121002
0.012043
0.0121197
0.0121963
0.0122729
0.0122158
0.0121586
0.0121015
0.0121781
0.012121
0.0120639
0.0120068
0.0120834
0.0120263
0.0119693
0.0119123
0.0119888
0.0120653
0.0120083
0.0120848
0.0120277
0.0121042
0.0121806
0.0121236
0.0120667
0.0120097
0.0120861
0.0120291
0.0119722
0.0119153
0.0118584
0.0119348
0.0118779
0.011821
0.0117641
0.0118405
0.0119168
0.0119931
0.0119362
0.0120125
0.0120888
0.012032
0.0121082
0.0121844
0.0121276
0.0122038
0.01228
0.0123561
0.0124322
0.0123754
0.0123186
0.0123947
0.0123379
0.012414
0.0123572
0.0124333
0.0123765
0.0124525
0.0123958
0.0124718
0.012415
0.0123583
0.0123016
0.0122449
0.0121882
0.0121315
0.0122075
0.0121508
0.0122268
0.0121701
0.0121135
0.0120569
0.0121328
0.0122087
0.0122846
0.012228
0.0123039
0.0123797
0.0123231
0.0122665
0.0123423
0.0122858
0.0122292
0.0121726
0.0122485
0.0121919
0.0121354
0.0122112
0.0121547
0.0120982
0.0121739
0.0121174
0.0121931
0.0122689
0.0123445
0.0122881
0.0123637
0.0123073
0.0123829
0.0123264
0.01227
0.0122136
0.0122892
0.0123648
0.0123084
0.012384
0.0123276
0.0124031
0.0123467
0.0122904
0.012234
0.0121777
0.0122532
0.0121969
0.0122724
0.012216
0.0121597
0.0121035
0.0120472
0.0119909
0.0120664
0.0120102
0.0120856
0.0120293
0.0119731
0.0120486
0.0121239
0.0120678
0.0120116
0.0120869
0.0120308
0.0119746
0.0119184
0.0118623
0.0118189
0.0117501
0.0118254
0.0117693
0.0118446
0.0119199
0.0118638
0.0119391
0.0120144
0.0120896
0.0120335
0.0119775
0.0120527
0.0119966
0.0120718
0.0121469
0.0122221
0.0121661
0.01211
0.012054
0.0121291
0.0122042
0.0121482
0.0120922
0.0121673
0.0121113
0.0121864
0.0121304
0.0120745
0.01208
0.0121206
0.0121611
0.0122017
0.0121113
0.012021
0.0120615
0.0121021
0.0121427
0.0121831
0.0120928
0.0121334
0.0120432
0.0119529
0.0119935
0.012034
0.0120745
0.0119842
0.0120248
0.0119346
0.0119751
0.0120156
0.0120561
0.0120965
0.0121369
0.0121774
0.0120873
0.0119972
0.0120377
0.0119683
0.0119881
0.0120285
0.0119385
0.0120064
0.0120811
0.0120597
0.0119698
0.0119141
0.0119202
0.0119607
0.0120078
0.0120825
0.0120268
0.0119919
0.0120323
0.0120726
0.012113
0.0120231
0.0120634
0.0121037
0.012144
0.0121843
0.0122247
0.0121349
0.0120451
0.0120854
0.0121257
0.012166
0.0122063
0.0122529
0.0123273
0.0122718
0.0122373
0.0122907
0.0122352
0.0123096
0.0122541
0.0123284
0.012273
0.0123473
0.0122918
0.0123661
0.0123107
0.012385
0.0124592
0.0124038
0.0123484
0.012293
0.0122376
0.0123118
0.0122564
0.012201
0.0121457
0.0122199
0.0122941
0.0122387
0.0123129
0.0122576
0.0123317
0.0124058
0.0123505
0.0124246
0.0123693
0.012314
0.0123881
0.0124622
0.0124069
0.0123516
0.0124256
0.0123704
0.0123151
0.0123892
0.0123339
0.0122787
0.0122235
0.0122975
0.0122423
0.0123162
0.012261
0.012335
0.0122798
0.0123537
0.0124276
0.0123725
0.0123173
0.0123912
0.0123361
0.0122809
0.0123548
0.0124286
0.0123735
0.0124473
0.0125211
0.012466
0.0124109
0.0124847
0.0125585
0.0125034
0.0125771
0.012522
0.0125958
0.0126694
0.0126144
0.0125594
0.0125043
0.012578
0.012523
0.012468
0.012413
0.012358
0.012303
0.0123767
0.0124503
0.0125239
0.0124689
0.0125425
0.012616
0.0126896
0.0126346
0.0125797
0.0125266
0.0125983
0.0126718
0.0126458
0.012562
0.0125071
0.0125082
0.0125479
0.0124593
0.0123706
0.0124104
0.0123218
0.0123615
0.0124012
0.0123127
0.0123524
0.0123921
0.0124317
0.0123432
0.0123829
0.0124542
0.0123994
0.0124727
0.012546
0.0124913
0.0124366
0.0123819
0.0123271
0.0122724
0.0123457
0.012419
0.0124922
0.0125655
0.0125108
0.0124652
0.0125293
0.0124746
0.01242
0.0124932
0.0125663
0.0125117
0.012457
0.0125302
0.0126033
0.0126764
0.0127495
0.0128225
0.0127679
0.012841
0.0127864
0.0127318
0.0128048
0.0127502
0.0128232
0.0128962
0.0129691
0.0129145
0.0129875
0.0130604
0.0131333
0.0130787
0.0130242
0.013097
0.0130425
0.0131153
0.0130608
0.0130063
0.0129518
0.0130246
0.0129701
0.0129156
0.0128612
0.012934
0.0130068
0.0129523
0.0128979
0.0128434
0.012789
0.0127346
0.0128074
0.012753
0.0126986
0.0127713
0.012717
0.0126626
0.0126083
0.012554
0.0126266
0.0125723
0.012518
0.0124637
0.0124095
0.0124822
0.0125548
0.0125006
0.0124496
0.0125189
0.0125916
0.0125673
0.0126066
0.0126458
0.0125583
0.0125974
0.0125099
0.0124224
0.0124616
0.0125008
0.0124299
0.0124525
0.0124917
0.0125309
0.0125701
0.0126093
0.0126485
0.012561
0.0124736
0.0123862
0.0124254
0.012338
0.0123772
0.0122898
0.012329
0.0122417
0.0122808
0.01232
0.0123591
0.0122881
0.0123605
0.0123501
0.0123892
0.0124283
0.0124674
0.0123802
0.012293
0.0123321
0.0122449
0.0121579
0.012197
0.0121098
0.0121489
0.0120618
0.0121102
0.01214
0.0121791
0.0122181
0.0122572
0.0122962
0.0122092
0.0121222
0.0120352
0.0120742
0.0121133
0.0121523
0.0120654
0.0121045
0.0121434
0.0120565
0.0120955
0.0120087
0.0120476
0.0119608
0.0119998
0.0120388
0.0120778
0.0121167
0.0121557
0.0120689
0.0121079
0.0121468
0.0120601
0.012099
0.0121379
0.0121769
0.0120901
0.0120035
0.0120424
0.0120813
0.0121202
0.0121591
0.012198
0.0122369
0.0122758
0.0121891
0.012228
0.0122669
0.0123057
0.0123445
0.0123834
0.0124222
0.012461
0.0123745
0.0124133
0.0123267
0.0123655
0.0124043
0.0124431
0.0124819
0.0125206
0.0124341
0.0123476
0.0122612
0.0123
0.0122135
0.0122523
0.0122911
0.0123298
0.0123685
0.0124072
0.0123209
0.0123596
0.0123984
0.012437
0.0124758
0.0125144
0.012553
0.0125918
0.0125055
0.0125441
0.0124578
0.0123716
0.0122853
0.012324
0.0122378
0.0121516
0.0120655
0.0121041
0.0121428
0.0121814
0.01222
0.0122587
0.0121726
0.0122113
0.0121251
0.0121638
0.0122024
0.012241
0.0122796
0.0123182
0.0122322
0.0122708
0.0123093
0.0122234
0.0121374
0.012176
0.01209
0.0121286
0.0121672
0.0122057
0.0121197
0.0120338
0.0120724
0.0119866
0.0120251
0.0120637
0.0119779
0.0120164
0.0120549
0.0120935
0.012132
0.0121705
0.0122089
0.0122475
0.0122859
0.0123244
0.0123629
0.0124013
0.0124397
0.012354
0.0123924
0.0124308
0.0124693
0.0125077
0.0125461
0.0124604
0.0124988
0.0124131
0.0124515
0.0123659
0.0124043
0.0123187
0.0123571
0.0123954
0.0124338
0.0124721
0.0125105
0.0125489
0.0125871
0.0125016
0.0125399
0.0125782
0.0124927
0.012531
0.0125693
0.0124838
0.0125221
0.0125604
0.0125987
0.012637
0.0125515
0.0125898
0.0125043
0.0125427
0.0124573
0.0124955
0.0124102
0.0124485
0.0124866
0.0124013
0.0124396
0.0123543
0.0123925
0.0124308
0.0123455
0.0122602
0.0122985
0.0123367
0.0122514
0.0121663
0.0120811
0.0121194
0.0121576
0.0121958
0.012234
0.0121488
0.0120637
0.0121019
0.0121401
0.012055
0.0120932
0.0121314
0.0120464
0.0120845
0.0121228
0.0121609
0.012199
0.012114
0.0120291
0.0120672
0.0119823
0.0120203
0.0120586
0.0119736
0.0120118
0.0120499
0.011965
0.0120031
0.0119182
0.0119563
0.0119945
0.0120326
0.0119478
0.0118629
0.011901
0.0118163
0.0118544
0.0117696
0.0118077
0.0118458
0.0117611
0.0117992
0.0117145
0.0117525
0.0117906
0.0118287
0.011744
0.0116594
0.0116975
0.0116129
0.0116509
0.0115663
0.0114818
0.0115198
0.0115579
0.0115959
0.0115114
0.0114269
0.0113425
0.0113805
0.0114185
0.0114565
0.0114946
0.0115326
0.0114481
0.0114862
0.0115241
0.0115621
0.0114778
0.0115158
0.0115537
0.0115917
0.0115073
0.0115452
0.011461
0.0114989
0.0115369
0.0115748
0.0114905
0.0114062
0.0114443
0.0114822
0.01152
0.0115579
0.0115958
0.0116338
0.0116717
0.0115874
0.0116253
0.0116633
0.0115791
0.0116169
0.0115327
0.0115706
0.0116085
0.0116463
0.0115623
0.0116001
0.0116379
0.0115538
0.0114698
0.0115076
0.0114236
0.0114614
0.0113774
0.0114152
0.011453
0.0114908
0.0115287
0.0114447
0.0114825
0.0113986
0.0113146
0.0113524
0.0113903
0.0114281
0.0114658
0.0115036
0.0115414
0.0114575
0.0113736
0.0114114
0.0114491
0.0113653
0.0114031
0.0114408
0.0114785
0.0115162
0.0115539
0.0114702
0.0115079
0.0114241
0.0114619
0.0114995
0.0114158
0.0113322
0.0112485
0.0112861
0.0112025
0.0112402
0.0112779
0.0113156
0.011232
0.0112697
0.0111861
0.0111026
0.0111402
0.0110567
0.0109732
0.0110108
0.0110485
0.0110862
0.0110027
0.0109193
0.0109569
0.0109946
0.0110322
0.0110698
0.0111074
0.0111451
0.0111827
0.0112203
0.0111369
0.0110535
0.0110911
0.0111287
0.0111663
0.0112039
0.0112414
0.0111581
0.0111957
0.0112332
0.0112708
0.0111874
0.011225
0.0112625
0.0113
0.0112168
0.0112544
0.0112919
0.0112086
0.0112461
0.0112836
0.0113211
0.0112379
0.0111548
0.0111923
0.0112298
0.0112672
0.0113047
0.0113421
0.011259
0.0112965
0.0113339
0.0113713
0.0114087
0.0114462
0.011363
0.0112801
0.0113175
0.0112344
0.0112718
0.0111889
0.0111059
0.0111433
0.0111807
0.0110978
0.0111352
0.0110523
0.0109693
0.0108865
0.0109239
0.0109613
0.0109987
0.011036
0.0109532
0.0109906
0.0109078
0.0109451
0.0109825
0.0110199
0.0110573
0.0110946
0.0111318
0.0110492
0.0109664
0.0110037
0.011041
0.0110784
0.0111157
0.0110329
0.0110702
0.0111076
0.0110249
0.0110622
0.0110995
0.0111367
0.011174
0.0110913
0.0111286
0.0110461
0.0110832
0.0111205
0.0111578
0.0111949
0.0112322
0.0112695
0.0113066
0.0113438
0.0112613
0.0112984
0.0113356
0.0113728
0.0114099
0.0114471
0.0114842
0.0115214
0.0114389
0.011476
0.0115132
0.0115503
0.0115874
0.0116245
0.0116615
0.0116987
0.0116162
0.0116533
0.0115709
0.0114885
0.0115256
0.0115627
0.0115997
0.0116368
0.0115544
0.0115915
0.0115092
0.0115463
0.0114639
0.011501
0.011538
0.0114558
0.0113735
0.0112913
0.0112091
0.0111269
0.011164
0.011201
0.011238
0.0111559
0.0110738
0.0109918
0.0109097
0.0109467
0.0108646
0.0109016
0.0109387
0.0108566
0.0107747
0.0108116
0.0108487
0.0108857
0.0109227
0.0109597
0.0109967
0.0110337
0.0109517
0.0109887
0.0110257
0.0110626
0.0110996
0.0111365
0.0111735
0.0112104
0.0112473
0.0111654
0.0110835
0.0111204
0.0111574
0.0111943
0.0112312
0.0112681
0.0111862
0.0112231
0.0111413
0.0111782
0.0110964
0.0111333
0.0110515
0.0110884
0.0111253
0.0110436
0.0109619
0.0108802
0.010917
0.0109539
0.0108723
0.0109091
0.010946
0.0109828
0.0110196
0.0110565
0.0109749
0.0110117
0.0110485
0.0109669
0.0110037
0.0110405
0.0110773
0.0109958
0.0109143
0.0108327
0.0108696
0.0109063
0.0108249
0.0108616
0.0107802
0.010817
0.0108537
0.0107723
0.0108091
0.0108458
0.0107645
0.0108013
0.0107198
0.0107566
0.0106753
0.010712
0.0107487
0.0107855
0.0107042
0.0107409
0.0106596
0.0106964
0.0106151
0.0106518
0.0105706
0.0104894
0.0105261
0.0105628
0.0105996
0.0105184
0.0105551
0.0104739
0.0105106
0.0105473
0.010584
0.0106207
0.0106573
0.010694
0.0107307
0.0107672
0.0108039
0.0108405
0.0107594
0.0107961
0.010715
0.0107516
0.0106705
0.0107072
0.0106262
0.0106627
0.0106994
0.010736
0.0107725
0.0108091
0.0107282
0.0106472
0.0106838
0.0107204
0.0106395
0.010676
0.0105951
0.0106317
0.0106683
0.0107048
0.0107413
0.0107778
0.0108144
0.0107335
0.01077
0.0106893
0.0107258
0.010645
0.0106815
0.010718
0.0107545
0.0107909
0.0108274
0.0108639
0.0109004
0.0108196
0.010856
0.0108925
0.0108117
0.0108482
0.0108846
0.0109211
0.0108404
0.0108768
0.0107961
0.0107155
0.010635
0.0105543
0.0105907
0.0106272
0.0105466
0.0104661
0.0103856
0.0103051
0.0103415
0.0103779
0.0104144
0.0104508
0.0104872
0.0104067
0.0104431
0.0104795
0.0105159
0.0105522
0.0104718
0.0105082
0.0105445
0.010581
0.0105005
0.0105368
0.0105732
0.0104929
0.0105292
0.0104488
0.0104852
0.0104049
0.0104412
0.0104775
0.0105138
0.0105501
0.0105864
0.0106227
0.0105425
0.0104622
0.0104986
0.0105348
0.0105711
0.0104909
0.0104107
0.010447
0.0104832
0.0104031
0.0103229
0.0102428
0.0102791
0.010199
0.0101189
0.0100389
0.0099588
0.0099951
0.00991505
0.00983506
0.00975507
0.00979143
0.00982767
0.00974768
0.00978398
0.00982022
0.00974035
0.00977659
0.00981289
0.00973296
0.00965309
0.00968939
0.00960946
0.00952965
0.00956589
0.00960219
0.00963843
0.00967461
0.00959486
0.0096311
0.00966734
0.00970358
0.0097397
0.00977594
0.00981212
0.00973243
0.00976861
0.00968885
0.00960916
0.00964534
0.00956571
0.00960183
0.00963807
0.00967425
0.00971037
0.00963074
0.00966686
0.00958723
0.00962347
0.00965959
0.00969571
0.00973183
0.00976795
0.00968838
0.00972444
0.00976062
0.00979674
0.0098328
0.00986892
0.00990492
0.00994104
0.00986153
0.00989759
0.00993365
0.00985414
0.0098902
0.00981075
0.00973123
0.00965184
0.0096879
0.00972396
0.00964457
0.00968057
0.00971663
0.00975269
0.00978869
0.00982469
0.00986069
0.0098967
0.0099327
0.0099687
0.0100046
0.00992531
0.00996125
0.00988197
0.0098027
0.00983864
0.00975937
0.00979537
0.00983131
0.00975204
0.00978804
0.00982398
0.00974476
0.0097807
0.00970155
0.00973749
0.00977337
0.00969422
0.00973022
0.00976604
0.00980204
0.00972289
0.00975877
0.00979471
0.00983053
0.00986642
0.00978738
0.00982326
0.00985914
0.00989497
0.00993085
0.00996667
0.00988764
0.00992346
0.00995934
0.00999516
0.0100309
0.0100668
0.0101026
0.0101384
0.0101742
0.01021
0.0102457
0.0101667
0.0102025
0.0102383
0.0102741
0.0103098
0.0103455
0.0103813
0.010417
0.0104527
0.0103737
0.0104094
0.0104452
0.0104809
0.010402
0.0103231
0.0103588
0.01028
0.0102011
0.0101223
0.0100435
0.0100792
0.0101148
0.0100361
0.0100718
0.00999308
0.0100288
0.0100645
0.00998574
0.0100214
0.0100571
0.00997841
0.00989974
0.00982106
0.0098567
0.0098924
0.00981379
0.00984949
0.00988513
0.00992078
0.00984216
0.00987786
0.00979924
0.00983489
0.00987053
0.00990617
0.00994182
0.0099774
0.010013
0.00993448
0.00985605
0.00989157
0.00981313
0.00984865
0.00988424
0.00991988
0.00995541
0.00999099
0.00991261
0.00994813
0.00998372
0.0100192
0.0100548
0.0100904
0.010012
0.00993353
0.00985521
0.00977689
0.00981241
0.00984794
0.00988346
0.00980508
0.00972688
0.00964862
0.00968415
0.00960588
0.00964135
0.00967687
0.00971246
0.00974798
0.00966972
0.00959158
0.00962704
0.00966251
0.00969803
0.00961989
0.00965542
0.00969082
0.00972635
0.00976175
0.00979722
0.00971913
0.00964099
0.00956291
0.00959837
0.00952029
0.00944227
0.00947779
0.00939971
0.00932169
0.00935715
0.00927919
0.00920123
0.00923675
0.00915873
0.00919425
0.00922966
0.00926512
0.00930053
0.00933599
0.0093714
0.00940686
0.00944227
0.00947762
0.00939977
0.00943518
0.00935727
0.00939268
0.00931484
0.00923699
0.00915927
0.00919461
0.00923002
0.00926536
0.00930083
0.00933617
0.00937158
0.00940692
0.00944221
0.00947756
0.00951296
0.00954819
0.00958353
0.00961882
0.0096541
0.00968939
0.00961173
0.00964695
0.00968224
0.00971758
0.00975281
0.00978804
0.00982326
0.0097456
0.00978088
0.00970322
0.00962561
0.00954801
0.00947034
0.00950569
0.00954092
0.00946337
0.0094986
0.00953382
0.00956905
0.0094915
0.00952673
0.00944918
0.00948447
0.00940692
0.00944215
0.00936466
0.0092873
0.00920981
0.0092451
0.00928026
0.00920284
0.00912553
0.0091607
0.00908327
0.0091185
0.00915372
0.00918895
0.00911164
0.00903434
0.00895697
0.0089922
0.00891489
0.00895011
0.00898534
0.00890803
0.00894326
0.00886601
0.00890118
0.00893641
0.00897163
0.00900668
