0.989099
0.979392
0.969874
0.960539
0.951381
0.942397
0.93358
0.924926
0.916431
0.908091
0.899901
0.891857
0.883956
0.876193
0.868566
0.861069
0.853701
0.846458
0.839336
0.832334
0.825447
0.818672
0.812009
0.805452
0.799
0.792651
0.786402
0.78025
0.774194
0.768231
0.762359
0.756576
0.75088
0.745269
0.739741
0.734294
0.728927
0.723638
0.718425
0.713286
0.70822
0.703226
0.698301
0.693445
0.688655
0.683932
0.679272
0.674676
0.670141
0.665667
0.661252
0.656895
0.652595
0.648351
0.644162
0.640026
0.635943
0.631912
0.627931
0.624
0.620118
0.616284
0.612497
0.608756
0.605061
0.60141
0.597803
0.594238
0.590716
0.587236
0.583796
0.580396
0.577035
0.573713
0.570429
0.567182
0.563972
0.560798
0.557659
0.554556
0.551486
0.548451
0.545448
0.542479
0.539541
0.536635
0.53376
0.530915
0.528101
0.525316
0.52256
0.519834
0.517135
0.514464
0.511821
0.509204
0.506615
0.504051
0.501513
0.499
0.496513
0.49405
0.491611
0.489196
0.486805
0.484437
0.482092
0.47977
0.477469
0.475191
0.472934
0.470698
0.468484
0.46629
0.464116
0.461963
0.45983
0.457716
0.455814
0.453718
0.451641
0.449582
0.447542
0.44552
0.443516
0.44153
0.439561
0.43761
0.435682
0.433783
0.431901
0.430035
0.428185
0.42635
0.424532
0.422729
0.420941
0.423198
0.421405
0.419627
0.417864
0.416115
0.41438
0.41266
0.410954
0.409261
0.407583
0.405918
0.404266
0.402627
0.401002
0.399389
0.397789
0.396202
0.394627
0.393065
0.391514
0.389976
0.388449
0.386935
0.385431
0.38394
0.38246
0.380991
0.379533
0.378086
0.37665
0.375224
0.373809
0.372405
0.371011
0.369631
0.368271
0.366921
0.365581
0.36425
0.362929
0.361617
0.360316
0.359022
0.357739
0.358317
0.356964
0.359141
0.357795
0.356457
0.355129
0.35381
0.3525
0.351201
0.349908
0.348626
0.347352
0.346087
0.34483
0.343581
0.342341
0.34111
0.339887
0.338672
0.337464
0.336265
0.335074
0.333891
0.332715
0.331547
0.330387
0.329235
0.328089
0.326951
0.325821
0.324697
0.323581
0.322472
0.32137
0.320275
0.319187
0.318105
0.317031
0.315963
0.314902
0.313848
0.312799
0.311757
0.310723
0.309694
0.308672
0.307655
0.306645
0.305641
0.304644
0.303651
0.302666
0.301686
0.300711
0.299743
0.29878
0.297823
0.296872
0.295926
0.294986
0.294052
0.293122
0.292198
0.29128
0.290367
0.289459
0.288557
0.290524
0.289624
0.288729
0.287838
0.286952
0.286073
0.288014
0.287136
0.286262
0.285394
0.28453
0.283672
0.282817
0.28473
0.283878
0.28303
0.282187
0.281349
0.280516
0.279686
0.278861
0.278041
0.277225
0.276414
0.275606
0.274803
0.274005
0.273211
0.275073
0.276925
0.27613
0.275338
0.27455
0.273768
0.272988
0.272213
0.271442
0.270675
0.269912
0.269153
0.268397
0.267645
0.266899
0.266155
0.267959
0.267216
0.266477
0.265742
0.265011
0.264283
0.263559
0.262838
0.262121
0.261408
0.260698
0.259991
0.259289
0.258589
0.257893
0.2572
0.256512
0.255826
0.255144
0.254465
0.253788
0.253116
0.252447
0.25178
0.251118
0.250458
0.249801
0.249147
0.248497
0.24785
0.247206
0.246564
0.245926
0.245291
0.244659
0.24403
0.243403
0.24278
0.242159
0.243857
0.243237
0.242619
0.242005
0.241393
0.240784
0.240178
0.239575
0.238975
0.238376
0.237781
0.237189
0.236599
0.236012
0.235428
0.234846
0.234267
0.23369
0.233116
0.232544
0.231975
0.231409
0.230845
0.230283
0.229724
0.229167
0.228614
0.228061
0.227512
0.226965
0.22642
0.225878
0.225338
0.224801
0.224265
0.223732
0.223201
0.222673
0.222147
0.221623
0.221101
0.220581
0.220064
0.219549
0.219036
0.218525
0.218016
0.217509
0.219088
0.218581
0.218076
0.217574
0.219139
0.218637
0.218137
0.217638
0.217141
0.216647
0.216155
0.217701
0.217208
0.216717
0.216229
0.215743
0.215258
0.214775
0.214294
0.213815
0.213338
0.212863
0.21239
0.211919
0.211449
0.210982
0.210516
0.210052
0.20959
0.20913
0.208671
0.208215
0.20776
0.207307
0.206856
0.206406
0.205958
0.205512
0.205068
0.204625
0.204184
0.203745
0.203308
0.204783
0.204345
0.203909
0.203475
0.203042
0.202611
0.202181
0.201753
0.201326
0.200902
0.200479
0.200057
0.199637
0.199218
0.198802
0.198387
0.197972
0.19756
0.198999
0.198585
0.198174
0.197765
0.197356
0.196949
0.196545
0.196141
0.195738
0.195338
0.194939
0.194541
0.194144
0.193749
0.193356
0.192964
0.192573
0.192184
0.191796
0.19141
0.191024
0.19064
0.190258
0.189877
0.189498
0.189119
0.188742
0.188367
0.187992
0.187619
0.187247
0.186876
0.186507
0.186139
0.185773
0.185408
0.185043
0.184681
0.184319
0.183959
0.1836
0.183242
0.182886
0.18253
0.182176
0.181823
0.181471
0.18112
0.180771
0.180423
0.180076
0.17973
0.179385
0.179042
0.178699
0.178358
0.178018
0.177679
0.177341
0.177005
0.176669
0.176335
0.176001
0.175669
0.176991
0.176658
0.176326
0.175996
0.175666
0.175338
0.17501
0.174684
0.174359
0.174036
0.175338
0.175013
0.174689
0.174367
0.174046
0.173725
0.173406
0.173087
0.17277
0.172453
0.172138
0.171823
0.17151
0.171198
0.170886
0.170575
0.170267
0.169959
0.169651
0.169345
0.169039
0.168734
0.16843
0.168128
0.167827
0.167526
0.167225
0.166927
0.166629
0.166331
0.166036
0.165741
0.165446
0.165153
0.16486
0.164569
0.164279
0.163988
0.163699
0.163412
0.163124
0.164363
0.164075
0.163788
0.163502
0.163217
0.162932
0.16265
0.163875
0.163591
0.163308
0.163026
0.162745
0.162464
0.162184
0.161905
0.161627
0.16135
0.161074
0.160798
0.160523
0.16025
0.159976
0.159704
0.159432
0.159162
0.158892
0.158623
0.159389
0.15912
0.158851
0.158582
0.158315
0.158049
0.157783
0.157518
0.157253
0.15699
0.156727
0.156465
0.156204
0.155944
0.155684
0.155425
0.155167
0.15491
0.154652
0.154397
0.154141
0.153887
0.153633
0.153379
0.153127
0.152875
0.152624
0.152374
0.152124
0.151875
0.151628
0.151379
0.151133
0.150887
0.150642
0.150396
0.150153
0.149909
0.149667
0.149425
0.149183
0.148942
0.148702
0.148463
0.148224
0.147986
0.147749
0.147512
0.147276
0.14704
0.146806
0.146572
0.146338
0.146105
0.145873
0.145641
0.14541
0.145179
0.14495
0.14472
0.145838
0.145608
0.145379
0.14515
0.144923
0.144696
0.144469
0.144242
0.144017
0.143792
0.143568
0.143344
0.143122
0.144221
0.143998
0.143774
0.143553
0.14333
0.143109
0.142888
0.142669
0.142448
0.142229
0.142011
0.141793
0.141576
0.141359
0.141143
0.140928
0.140713
0.140498
0.140284
0.140071
0.139858
0.139646
0.139433
0.139222
0.139012
0.138801
0.138592
0.138383
0.138174
0.137967
0.137759
0.137552
0.137345
0.13714
0.136934
0.13673
0.136526
0.136321
0.136118
0.135916
0.135713
0.135512
0.13531
0.135109
0.134909
0.13471
0.13451
0.134311
0.134113
0.133916
0.133718
0.133521
0.133325
0.133129
0.132934
0.132739
0.132544
0.132351
0.132157
0.131964
0.131772
0.13158
0.132611
0.132418
0.132226
0.132035
0.131844
0.131653
0.131462
0.131273
0.131084
0.130894
0.130707
0.130518
0.13033
0.130144
0.129957
0.129771
0.129585
0.129401
0.129216
0.129031
0.128847
0.128664
0.12848
0.128298
0.128116
0.127934
0.127753
0.127572
0.127392
0.127211
0.127032
0.126853
0.126674
0.126496
0.126317
0.126141
0.125963
0.125787
0.12561
0.125434
0.125259
0.125084
0.124909
0.124735
0.124561
0.124387
0.124215
0.124042
0.12387
0.123698
0.123526
0.123356
0.123185
0.123015
0.122845
0.122675
0.122506
0.122338
0.12217
0.122002
0.121834
0.121667
0.1215
0.121334
0.121168
0.121002
0.120836
0.120672
0.120507
0.12147
0.121306
0.121141
0.120977
0.120812
0.120649
0.120486
0.120323
0.120161
0.119998
0.119837
0.119675
0.119515
0.119354
0.119193
0.119034
0.118874
0.118714
0.118556
0.118397
0.118239
0.118081
0.117923
0.117766
0.11761
0.117453
0.117297
0.117141
0.116985
0.116831
0.116676
0.116521
0.116367
0.116214
0.11606
0.115907
0.115754
0.115602
0.115449
0.115298
0.115147
0.114995
0.114845
0.114694
0.114544
0.114394
0.114245
0.114095
0.113946
0.113798
0.11365
0.113502
0.113355
0.113207
0.11306
0.112914
0.112767
0.112621
0.112475
0.11233
0.112185
0.112041
0.111895
0.111752
0.111607
0.111464
0.11132
0.111178
0.111035
0.110893
0.11075
0.110608
0.110468
0.110326
0.110185
0.110044
0.109904
0.109763
0.109624
0.109485
0.109345
0.109206
0.109068
0.10893
0.108792
0.108653
0.108516
0.10838
0.108243
0.108106
0.10797
0.108856
0.108719
0.108582
0.108447
0.10831
0.108175
0.108039
0.107904
0.10777
0.107635
0.1075
0.107366
0.107232
0.107099
0.106965
0.106833
0.1067
0.106567
0.106435
0.106303
0.106171
0.10604
0.105909
0.105779
0.105648
0.105518
0.105388
0.105258
0.105128
0.104998
0.10487
0.10474
0.104612
0.104484
0.104356
0.104228
0.1041
0.103973
0.103846
0.103719
0.103593
0.103467
0.10334
0.103215
0.103089
0.102964
0.102839
0.102714
0.10259
0.102465
0.102342
0.102217
0.102093
0.10197
0.101847
0.101724
0.101601
0.101479
0.101357
0.101235
0.101114
0.100992
0.100871
0.10075
0.100629
0.100508
0.100388
0.100268
0.100149
0.100029
0.0999089
0.0997897
0.0996713
0.0995526
0.0994337
0.0993153
0.0991972
0.0990794
0.0989617
0.0988454
0.0987282
0.0986102
0.0984936
0.0983773
0.0982608
0.098145
0.0980296
0.0979138
0.0977989
0.0976833
0.0975685
0.0974538
0.0973387
0.0972248
0.0971108
0.0969965
0.0968835
0.0967694
0.0966567
0.0965433
0.0964307
0.0963176
0.0962058
0.0960935
0.0959812
0.09587
0.0957581
0.0956464
0.0955349
0.0954247
0.0953139
0.0952033
0.0950926
0.0949824
0.0948721
0.0947626
0.0946529
0.0945435
0.0944344
0.0943256
0.0942167
0.0941083
0.0940002
0.0938922
0.0937843
0.0936758
0.0935681
0.0934612
0.0933542
0.0932465
0.09314
0.093034
0.0929271
0.0928211
0.0927154
0.0926089
0.0925037
0.0923979
0.092293
0.0921873
0.0920832
0.0919783
0.0918732
0.0917693
0.0916647
0.0915607
0.0914575
0.0913538
0.0912499
0.0911468
0.0910443
0.0909414
0.0908387
0.0907356
0.0906335
0.0905311
0.0904292
0.0903275
0.090226
0.0901245
0.0909019
0.0907999
0.0906985
0.0905969
0.0904961
0.090395
0.0902941
0.0901927
0.0900922
0.0899922
0.0898919
0.0897913
0.0896914
0.0895925
0.0894921
0.089393
0.089294
0.0891947
0.0890962
0.0889972
0.0888991
0.0888001
0.0887026
0.088604
0.0885068
0.0884085
0.0883116
0.0882141
0.0881166
0.0880201
0.087923
0.0878258
0.0877397
0.087656
0.0875717
0.0874868
0.0874025
0.0873195
0.0872351
0.0871515
0.0870677
0.086984
0.0869003
0.0876638
0.0875798
0.0874963
0.0874128
0.0873294
0.0872465
0.0871636
0.0870808
0.0876091
0.0875134
0.0874193
0.087325
0.0872313
0.087137
0.0870425
0.0869489
0.0868558
0.0867625
0.0866687
0.086576
0.0864832
0.0863898
0.0862976
0.0862046
0.0861125
0.0860206
0.0859281
0.0858366
0.0857444
0.0856534
0.0855616
0.0854699
0.0853794
0.0852877
0.0851976
0.0851067
0.085016
0.0849259
0.0848355
0.084745
0.085474
0.0853838
0.0852937
0.0852029
0.0851132
0.085023
0.085749
0.0856588
0.0855686
0.0854784
0.0853882
0.0852987
0.085209
0.0851196
0.0850304
0.0849413
0.0848523
0.0847637
0.0846749
0.0845867
0.0844986
0.0844104
0.0843221
0.0842333
0.0841459
0.0840582
0.0839711
0.0838835
0.0837958
0.0837087
0.0836225
0.0843344
0.0842466
0.0841594
0.0848694
0.0847815
0.0846946
0.0846074
0.0845197
0.0844328
0.084346
0.0842598
0.0841727
0.0840867
0.0839999
0.0839142
0.0838277
0.0837426
0.083656
0.083571
0.0834852
0.0833995
0.0833144
0.0832292
0.0831442
0.0830597
0.0829749
0.0828903
0.0828063
0.082722
0.0826373
0.0825529
0.0824692
0.0823861
0.0823025
0.0822188
0.0829121
0.082828
0.0827444
0.0826608
0.0825772
0.0824947
0.0824114
0.0823283
0.0822453
0.0821625
0.0820798
0.0819973
0.0819151
0.0818318
0.0817499
0.081668
0.0815858
0.0815042
0.0814227
0.0813409
0.08126
0.0811781
0.0810968
0.0810162
0.0809351
0.0808538
0.0807732
0.0806932
0.0813734
0.081292
0.0812113
0.0811309
0.0810501
0.0809699
0.0808897
0.0808089
0.0807296
0.0806493
0.0805697
0.0804891
0.0804102
0.0810843
0.0810037
0.0809247
0.0808444
0.0807644
0.0806858
0.0806061
0.0805276
0.0804477
0.0803695
0.0802906
0.0802114
0.0801332
0.0800543
0.0799761
0.0798984
0.07982
0.0797415
0.0796649
0.0795867
0.0795087
0.0794308
0.0793532
0.0792766
0.0791995
0.0791222
0.0790447
0.0789681
0.0788911
0.0788153
0.0787386
0.0786619
0.078586
0.0785097
0.0784336
0.0783576
0.0782818
0.0782059
0.0781304
0.0780549
0.0779794
0.0779043
0.0778293
0.0777541
0.0776789
0.0776042
0.0775299
0.0774544
0.0773802
0.0773055
0.0772315
0.0771574
0.0778081
0.0777327
0.0776584
0.0775847
0.0782329
0.0781578
0.0780834
0.0780095
0.0779353
0.0778607
0.0777866
0.0777129
0.0776386
0.0775651
0.0774918
0.0774179
0.077345
0.0772718
0.077198
0.077125
0.077052
0.0769794
0.0769062
0.0768337
0.0767606
0.0766888
0.0766158
0.0765441
0.0764714
0.0763999
0.0763277
0.0762558
0.0761838
0.0761129
0.076041
0.0759691
0.075898
0.0758266
0.0757552
0.0756842
0.0756131
0.0755423
0.0754719
0.0754012
0.07533
0.0752605
0.0751902
0.0751193
0.0750486
0.0749787
0.0749094
0.0748395
0.0747691
0.0746994
0.07463
0.0745611
0.0744914
0.0744224
0.074353
0.0742835
0.0742144
0.0741454
0.074077
0.074008
0.0739393
0.0738708
0.0738019
0.0737349
0.0736665
0.0735984
0.0735306
0.0734614
0.0733937
0.0733261
0.0732584
0.0731911
0.0731231
0.073056
0.0729889
0.0729218
0.0728549
0.0727876
0.07272
0.0726534
0.0725865
0.0725203
0.0724539
0.0723875
0.0723204
0.0722539
0.0721883
0.072122
0.0720556
0.0719898
0.0719242
0.0718586
0.0717925
0.0717269
0.0716616
0.072272
0.0722064
0.0728159
0.0727497
0.0726841
0.0726184
0.0725519
0.0724869
0.0724205
0.0723556
0.0722903
0.0722243
0.0721595
0.0720938
0.0720288
0.0719642
0.0718995
0.0718344
0.0717699
0.0717051
0.0723074
0.0729089
0.0728441
0.0727784
0.072714
0.0726489
0.0725834
0.0725187
0.0724537
0.0723897
0.0723249
0.0722604
0.072196
0.0721315
0.0720671
0.0720032
0.0719392
0.0718746
0.0718114
0.0717473
0.0716833
0.0716195
0.0722139
0.07215
0.0720856
0.072022
0.0719587
0.0718952
0.0718314
0.0717674
0.0717044
0.0716404
0.0715783
0.0715152
0.071452
0.0713888
0.0713258
0.0712632
0.0712004
0.0711386
0.0710757
0.0710132
0.070951
0.0715374
0.0714746
0.071412
0.0713493
0.0712871
0.0712246
0.0711623
0.0711002
0.0710384
0.0709765
0.0709147
0.0708527
0.0707911
0.0707294
0.0706675
0.0706062
0.0705449
0.0704828
0.0710628
0.0710014
0.0709395
0.0708783
0.0708173
0.0707558
0.070695
0.0706331
0.0705721
0.0705112
0.0704508
0.0703899
0.0703285
0.0702686
0.0702076
0.0701474
0.0700872
0.0700263
0.069966
0.0699062
0.0698465
0.0697856
0.0697262
0.0696661
0.069606
0.0695463
0.0701175
0.070057
0.0699973
0.0699377
0.0698776
0.0698182
0.0697591
0.0696985
0.0696396
0.0695798
0.0695208
0.0700882
0.070028
0.0699688
0.069909
0.06985
0.0697904
0.0697317
0.0696719
0.0696134
0.0695537
0.0694954
0.0694361
0.0693779
0.0693188
0.0692609
0.0692018
0.0691436
0.069085
0.0690272
0.0689684
0.0689098
0.0688525
0.0687941
0.0687365
0.0686782
0.0686201
0.0685633
0.0685051
0.0684481
0.0683903
0.0683329
0.0682757
0.0682181
0.0681605
0.068104
0.0680469
0.0679891
0.067932
0.0678757
0.067819
0.0677617
0.0677044
0.0676485
0.0675923
0.0675355
0.0674787
0.067423
0.0673668
0.0673103
0.0672542
0.0671977
0.0671425
0.0670864
0.0670305
0.0669742
0.067524
0.0674677
0.0674126
0.0673564
0.0673004
0.0672449
0.0671887
0.0671329
0.0670776
0.0670221
0.0669664
0.066911
0.0668569
0.0668016
0.0667461
0.066691
0.0666358
0.0665808
0.0665262
0.0664712
0.0664164
0.0663618
0.0663072
0.0662526
0.0661979
0.0661436
0.0660895
0.0660352
0.0659811
0.0659273
0.0658719
0.065818
0.0657642
0.0657102
0.0656564
0.0656027
0.0655493
0.0654955
0.065442
0.0653889
0.0653344
0.0652812
0.0652279
0.065175
0.0651216
0.0650687
0.0650147
0.064962
0.0649089
0.0648568
0.0648037
0.0647501
0.0646978
0.0646454
0.0645928
0.0645407
0.0644876
0.064435
0.064383
0.0643297
0.0642781
0.0642264
0.0641744
0.0641217
0.0640698
0.0640183
0.0639657
0.0639141
0.0638626
0.0638105
0.063759
0.063708
0.0636558
0.0636047
0.0635536
0.0635017
0.063451
0.0634001
0.0633485
0.0632976
0.0632461
0.0637726
0.0637215
0.0636697
0.0636191
0.0635676
0.0635169
0.0634655
0.0634151
0.0633635
0.0633134
0.0632632
0.0632118
0.0631618
0.0631105
0.0630606
0.0630096
0.0629601
0.0629089
0.0628581
0.0628089
0.0627581
0.0627088
0.0626583
0.0626088
0.0625584
0.0625091
0.0624588
0.0624085
0.0623597
0.0623097
0.0622603
0.0622106
0.0621605
0.0621122
0.0620626
0.0620134
0.0619642
0.0619146
0.0618658
0.0618165
0.0617673
0.0617186
0.0616695
0.0616207
0.0615722
0.0615235
0.0614745
0.0614264
0.0613776
0.0613288
0.06128
0.0612321
0.0611837
0.0611354
0.0610878
0.0610391
0.0609906
0.0609428
0.0608939
0.0608467
0.0607989
0.0607504
0.0607029
0.0606557
0.0606077
0.0605601
0.0605119
0.0604646
0.0604173
0.0603699
0.0603227
0.0602752
0.0602274
0.0601804
0.0601329
0.0600867
0.0600392
0.059992
0.0599455
0.0598978
0.0598508
0.0598044
0.0597573
0.0597104
0.059665
0.059618
0.0595713
0.0600739
0.0600272
0.0599809
0.059934
0.0598874
0.0598406
0.059794
0.0597474
0.0597011
0.0596548
0.0596084
0.0595622
0.0595159
0.0594698
0.0594237
0.0593777
0.0593317
0.0592856
0.0592399
0.0591942
0.0591486
0.0591029
0.0590572
0.0590115
0.0589656
0.0589203
0.058875
0.0588298
0.0587832
0.0587381
0.0586928
0.0586475
0.0586063
0.0585689
0.0585312
0.0584932
0.058456
0.058417
0.0583798
0.0583416
0.0583048
0.0582678
0.0582298
0.058193
0.0581542
0.0581171
0.05808
0.0580429
0.0580058
0.0579675
0.0579305
0.0578935
0.0578569
0.05782
0.0577822
0.0577449
0.0577089
0.0576718
0.0576341
0.0575974
0.0575614
0.0575245
0.057487
0.0574504
0.0574146
0.0573782
0.0578708
0.057834
0.0577983
0.0577601
0.0577236
0.0576881
0.0576517
0.0576139
0.0575783
0.0575421
0.0575051
0.0574688
0.0574328
0.0573953
0.0573598
0.0573242
0.0572868
0.0572513
0.057214
0.0571782
0.0571427
0.0571063
0.0570708
0.0570353
0.0569982
0.0569629
0.0569267
0.0568913
0.0568542
0.056819
0.0567842
0.0567476
0.0567132
0.0566766
0.0566418
0.0566051
0.0565705
0.0565337
0.0564992
0.0564648
0.0564284
0.0563939
0.0563578
0.0563234
0.0562872
0.0562531
0.056217
0.0561829
0.056147
0.0561128
0.056077
0.0560431
0.0560074
0.0559718
0.0559383
0.0559025
0.055869
0.0558336
0.0557988
0.055764
0.0557303
0.0556949
0.0556598
0.0556264
0.0555916
0.0555573
0.0555225
0.0554892
0.0554544
0.0554199
0.0553856
0.0553511
0.0553164
0.0552832
0.0552483
0.0552154
0.0551811
0.0551467
0.0551131
0.0550789
0.0550447
0.0550114
0.0549773
0.0549431
0.0549098
0.0548761
0.0548421
0.0548091
0.0547752
0.0547408
0.0547087
0.0546747
0.0546404
0.0546067
0.054574
0.0545406
0.0545065
0.0544727
0.0544401
0.054407
0.054374
0.0543416
0.0543082
0.0542744
0.0542406
0.0542073
0.0541754
0.0541425
0.0541085
0.054076
0.0540441
0.0545117
0.0544783
0.0544446
0.0544116
0.0543799
0.0543467
0.0543136
0.0542799
0.0542474
0.0542138
0.0541823
0.0541495
0.0541167
0.0540833
0.054051
0.0540178
0.0539865
0.0539534
0.0539215
0.0538885
0.0538555
0.053823
0.0537907
0.053758
0.053727
0.0536944
0.0536624
0.0536301
0.0535976
0.0535648
0.0535324
0.0535004
0.0534688
0.0534364
0.053404
0.0533717
0.0533414
0.0533095
0.0532773
0.0532452
0.053214
0.0531818
0.0531504
0.0531185
0.0530866
0.0530549
0.0530235
0.0529916
0.05296
0.0529284
0.0528969
0.0528653
0.0528339
0.0528026
0.0527712
0.0527399
0.0527088
0.0526772
0.052646
0.0526149
0.0525839
0.0525523
0.0525215
0.05249
0.052459
0.0524282
0.0523974
0.0523668
0.052334
0.0523033
0.0522727
0.0522416
0.0522102
0.0521799
0.0521497
0.0521191
0.0520883
0.0520574
0.0520273
0.0519949
0.0519648
0.0519346
0.0523845
0.0523542
0.0523241
0.0522932
0.0522628
0.0522328
0.0522006
0.0521701
0.0521398
0.0521098
0.0520792
0.052049
0.0520171
0.0519875
0.0519568
0.0519273
0.0518969
0.0518668
0.0518355
0.0518053
0.0517753
0.0517461
0.0517157
0.0516843
0.0516546
0.0516248
0.0515952
0.0515655
0.0515346
0.0515051
0.0514754
0.0514452
0.0514144
0.0513852
0.0513557
0.0513265
0.0512975
0.0512666
0.0512367
0.0512072
0.0511765
0.0511477
0.0511189
0.0510892
0.0510588
0.0510294
0.051001
0.0509719
0.0509415
0.0509124
0.0508832
0.0508531
0.0508238
0.0507954
0.0507648
0.0507358
0.0507075
0.0506769
0.0506487
0.0506205
0.0505918
0.0505615
0.0505333
0.0505023
0.0504739
0.0504461
0.0504159
0.0503876
0.0503589
0.0503299
0.0503011
0.050273
0.0502439
0.0502155
0.0501873
0.0501571
0.0501289
0.0501003
0.050072
0.050044
0.0500146
0.0499865
0.0499573
0.0499297
0.0499017
0.0498719
0.0498441
0.0498157
0.0497878
0.0497585
0.0497307
0.0497032
0.0496739
0.0496463
0.0496173
0.0495901
0.0495611
0.0495339
0.0495048
0.0494776
0.0494481
0.049421
0.049394
0.049365
0.0493378
0.0493091
0.049282
0.0492532
0.0492265
0.0491983
0.0491707
0.0491427
0.0491154
0.0490867
0.0490601
0.0490478
0.0490203
0.0489915
0.0489641
0.0489352
0.0489082
0.0488794
0.0488505
0.0488234
0.0487948
0.0487675
0.0487391
0.0487112
0.048683
0.0486557
0.0486271
0.0485983
0.0485721
0.0485435
0.0485164
0.0484883
0.048461
0.0484326
0.0484045
0.048378
0.0483499
0.0483224
0.0482947
0.0482669
0.0482416
0.0482143
0.0481877
0.0481603
0.0481328
0.048107
0.0480798
0.048054
0.048027
0.0479997
0.0479735
0.0479463
0.0479194
0.0478937
0.0478663
0.0478392
0.0478137
0.0477871
0.0477617
0.0477349
0.0477076
0.0476823
0.0476555
0.0476283
0.0476033
0.047576
0.0475488
0.0475225
0.0474973
0.0474705
0.047444
0.0474186
0.0473924
0.047366
0.0473404
0.0473143
0.0472875
0.0472609
0.0472358
0.0472095
0.0471835
0.0471586
0.0471324
0.0471055
0.0470796
0.0470546
0.0470287
0.047002
0.0469761
0.0469512
0.0473342
0.0473068
0.0472806
0.0472547
0.0472285
0.0472012
0.0471749
0.0471494
0.0471228
0.0470958
0.0470694
0.047043
0.0470175
0.0469915
0.0469645
0.0469385
0.0469135
0.0468866
0.0468607
0.0468338
0.0468079
0.0467813
0.0467564
0.0467305
0.0467039
0.0466779
0.0466518
0.0466268
0.0466005
0.046575
0.0465484
0.0465227
0.0469307
0.0469056
0.0468792
0.0468535
0.0468274
0.0468008
0.0467755
0.0467491
0.0467244
0.0466983
0.0466724
0.0466469
0.0466207
0.0465949
0.0465692
0.0465432
0.0465187
0.0464929
0.0464672
0.0464419
0.0464161
0.04639
0.0463647
0.0463393
0.0463135
0.0462877
0.0462636
0.0462382
0.0462124
0.0461872
0.0461622
0.0461367
0.0461108
0.0460854
0.0460604
0.0460349
0.0460101
0.0459844
0.0459594
0.0459338
0.0459104
0.0458852
0.0458602
0.0458347
0.0458094
0.045785
0.0457598
0.0457346
0.0457101
0.0456851
0.0456601
0.0456353
0.0456104
0.0455856
0.0455606
0.0455355
0.0455106
0.0454859
0.0454612
0.0454364
0.0454116
0.0453871
0.0453624
0.0453379
0.0453133
0.0452888
0.0452645
0.0452401
0.0452156
0.045191
0.0451668
0.0451425
0.0451179
0.0450932
0.045069
0.0450441
0.0450201
0.044996
0.0449716
0.0449474
0.0449235
0.0448976
0.0448738
0.0448495
0.0448257
0.0448012
0.0447772
0.0447529
0.044729
0.0447055
0.0446815
0.0446573
0.044633
0.0446096
0.0445855
0.0445601
0.0445368
0.044513
0.044489
0.0444649
0.0444413
0.0444179
0.044394
0.0443704
0.0443466
0.0443214
0.0442984
0.044275
0.044251
0.0442273
0.0442044
0.0441805
0.0441572
0.0445473
0.0445223
0.0444991
0.044475
0.0444519
0.0444283
0.0444045
0.0443813
0.0443564
0.0443335
0.0443094
0.0442866
0.0442629
0.0442397
0.0442151
0.044192
0.0441682
0.0441454
0.044122
0.0440991
0.0440745
0.0440516
0.0440279
0.0440053
0.0439819
0.0439589
0.0439347
0.0439115
0.0438889
0.0438658
0.0438428
0.0438183
0.0437953
0.043773
0.0437495
0.043727
0.043703
0.0436798
0.0436578
0.0436347
0.0436104
0.0435876
0.0435653
0.0435427
0.0435198
0.0434961
0.0434732
0.0434507
0.0434282
0.0434045
0.0433816
0.0433595
0.0433368
0.0433131
0.0432904
0.0432685
0.043246
0.0432223
0.0431999
0.0431775
0.0431553
0.043132
0.0431097
0.043087
0.0430635
0.0430418
0.0430198
0.0429971
0.0429739
0.0429514
0.0429293
0.042906
0.0428838
0.0428624
0.0428402
0.0428171
0.0427951
0.0427731
0.0427496
0.0427276
0.0427058
0.0426827
0.0426606
0.0426391
0.0426159
0.042594
0.0425729
0.0425511
0.0425279
0.0425063
0.0424846
0.0424615
0.0424399
0.0424185
0.0423954
0.0423735
0.0423505
0.0423291
0.0423079
0.0422849
0.0422633
0.0422419
0.0422191
0.0421978
0.0421765
0.042154
0.0421327
0.0421113
0.0420888
0.0420671
0.0420446
0.0420234
0.0420022
0.0419798
0.0419586
0.0419375
0.0419145
0.0418937
0.0418714
0.0418504
0.0418292
0.0418071
0.0417856
0.0417635
0.0417426
0.0417215
0.0416993
0.0416782
0.041656
0.0416355
0.0416145
0.0415917
0.0415711
0.0415494
0.0415285
0.0415061
0.0414854
0.0414648
0.0414426
0.041422
0.0414003
0.0413797
0.0413575
0.0413371
0.0413165
0.0412942
0.0412736
0.041252
0.0416209
0.0415994
0.0415784
0.0415564
0.0419254
0.0419028
0.0418825
0.041862
0.0418392
0.041819
0.0417966
0.0417764
0.0417541
0.0421215
0.0420997
0.0420789
0.0420569
0.0420363
0.0420145
0.0419936
0.0419719
0.041951
0.0419294
0.0419084
0.0418869
0.0418661
0.0418447
0.0418239
0.0418023
0.041782
0.0417603
0.0417399
0.0417184
0.0416977
0.0416762
0.0416558
0.0416344
0.041614
0.0415922
0.0415722
0.0415504
0.0415304
0.0415087
0.041487
0.0414675
0.0414459
0.0414261
0.0414044
0.0413842
0.0413628
0.0413428
0.0413214
0.0413015
0.04128
0.0412586
0.0412392
0.0412176
0.0411976
0.0411766
0.0411566
0.0411351
0.0411159
0.0410948
0.0410736
0.0410535
0.0410329
0.0410127
0.0409914
0.0409726
0.0409511
0.0409302
0.0409105
0.0408897
0.0408698
0.0408491
0.0408281
0.0408083
0.0407877
0.040768
0.0407472
0.0407266
0.0407069
0.0406865
0.0406667
0.0406463
0.0406252
0.0406055
0.0405849
0.0405663
0.0405456
0.0405247
0.0405052
0.0404844
0.0404643
0.0404449
0.0404241
0.0404055
0.0403851
0.0403638
0.0403448
0.0403246
0.040304
0.0402849
0.0402642
0.0402443
0.0402252
0.0402043
0.0401843
0.0401652
0.0401449
0.0401242
0.0401056
0.0400857
0.040067
0.0400467
0.0400263
0.0400078
0.0399874
0.0399672
0.0399487
0.0399278
0.0399076
0.0398875
0.0398691
0.0398487
0.0398291
0.0398106
0.0397903
0.0397704
0.0397516
0.0397319
0.039712
0.0396929
0.0396735
0.0396533
0.0396352
0.0396147
0.0395947
0.0395754
0.0395566
0.0395372
0.0395175
0.0394987
0.0394793
0.0394593
0.0394398
0.0394213
0.0394018
0.0393822
0.0393637
0.039344
0.0393239
0.0393047
0.0392869
0.0392675
0.0392478
0.039228
0.0392097
0.0391906
0.0391708
0.0391511
0.0391331
0.039114
0.0390943
0.0390744
0.0390569
0.0390378
0.0390181
0.0389985
0.0389809
0.0389619
0.0389424
0.0389231
0.0389051
0.0388862
0.0388665
0.0388477
0.0388297
0.0388107
0.0387911
0.0387723
0.0387546
0.0387356
0.0387166
0.0386973
0.0386783
0.0386606
0.0386417
0.0386221
0.0386034
0.038584
0.0385668
0.0385483
0.0385284
0.03851
0.038492
0.0384734
0.038455
0.0384352
0.0384172
0.0383978
0.0383806
0.0383619
0.038343
0.0383241
0.0383054
0.0382881
0.0382695
0.038251
0.0382317
0.0382134
0.0381965
0.0381773
0.038159
0.0381398
0.0381216
0.0381029
0.038086
0.0380672
0.0380488
0.03803
0.0380118
0.0379933
0.0379767
0.0379576
0.0379389
0.037921
0.0379018
0.037884
0.0378656
0.0378485
0.0378301
0.0378121
0.0377936
0.0377751
0.0377571
0.0377387
0.0377218
0.0377034
0.037685
0.0376673
0.0376486
0.0376305
0.0376124
0.0375941
0.0375774
0.0375592
0.0375411
0.0375233
0.0375049
0.0374872
0.037469
0.0374509
0.0374345
0.0374164
0.0373979
0.0373803
0.0373625
0.0373443
0.037326
0.0373085
0.0372905
0.0372723
0.0372562
0.0372383
0.03722
0.0372028
0.0371849
0.0371667
0.0371486
0.0371314
0.0371137
0.0370956
0.0370779
0.0370618
0.0370439
0.0370263
0.0370088
0.0369912
0.0369737
0.036956
0.0369378
0.03692
0.036903
0.0368855
0.0368677
0.0368503
0.0368325
0.0368168
0.0367991
0.0367811
0.0367641
0.0367464
0.0367292
0.0367119
0.0366946
0.0366769
0.0366597
0.0366418
0.0366244
0.0366068
0.0365897
0.0365725
0.0365551
0.0365382
0.0365207
0.0365034
0.0364864
0.0364689
0.0364516
0.0364344
0.0364193
0.0367491
0.0367318
0.0367144
0.0366971
0.0366799
0.0366629
0.0366456
0.0366281
0.0366111
0.0365939
0.0365766
0.0365595
0.0365422
0.036525
0.0365078
0.0364913
0.0364741
0.0364572
0.0364401
0.036423
0.036406
0.0363889
0.0363721
0.0363544
0.0363376
0.0363208
0.0363036
0.0362868
0.0362698
0.036253
0.0362363
0.0362195
0.0362027
0.0361854
0.0361686
0.036152
0.0361353
0.0361186
0.0360997
0.0360832
0.0360665
0.0360499
0.0360333
0.0360163
0.0363421
0.0363254
0.0363082
0.0362915
0.0362746
0.0362576
0.0362411
0.0362243
0.0362081
0.0361912
0.0361749
0.036158
0.0361412
0.0361243
0.0361077
0.0360914
0.0360746
0.0360582
0.0360398
0.0360236
0.0360067
0.0359905
0.0359737
0.035957
0.0359405
0.0359241
0.035908
0.0358919
0.0358748
0.0358583
0.0358421
0.0358256
0.0358095
0.0357914
0.0357751
0.0357588
0.0357425
0.0357257
0.0357094
0.0356937
0.0360156
0.0359996
0.0359834
0.0359675
0.0359498
0.0359344
0.0359185
0.0359024
0.036223
0.0362073
0.036192
0.0361756
0.0361595
0.0361437
0.036126
0.0361106
0.0360949
0.0364147
0.0363985
0.036383
0.0363671
0.0363507
0.0363349
0.0363172
0.0363016
0.0362862
0.03627
0.036254
0.0362388
0.0362228
0.0362068
0.0361912
0.0361738
0.0361583
0.0361422
0.0361266
0.0361109
0.036095
0.0360793
0.0360621
0.0360467
0.0360311
0.036015
0.036
0.0359843
0.0359684
0.0359513
0.0359358
0.0359204
0.0359045
0.0358893
0.0358734
0.0358582
0.035841
0.0358259
0.0358096
0.0357947
0.0357792
0.0357639
0.0357467
0.0357315
0.0357158
0.0357008
0.0356851
0.0356697
0.0356528
0.0356378
0.0356221
0.0356072
0.0355919
0.035576
0.0355595
0.0355446
0.0355287
0.035514
0.0354982
0.0354832
0.0354664
0.0354515
0.0354363
0.035421
0.0354055
0.0353891
0.0353736
0.0353587
0.035344
0.0353287
0.0353121
0.0352972
0.0352816
0.0352674
0.0352516
0.0352351
0.0352206
0.0352049
0.0351903
0.0351753
0.0351586
0.0351434
0.0351286
0.0351138
0.0350988
0.0350826
0.0350676
0.035053
0.0350381
0.035023
0.0350068
0.0349913
0.0349775
0.0349621
0.0349458
0.0349309
0.0349164
0.0349015
0.0348869
0.0348706
0.0348552
0.0348412
0.034826
0.0348101
0.0347951
0.034781
0.0347658
0.0347498
0.034735
0.0347207
0.0347056
0.0346895
0.034675
0.0346607
0.0346455
0.0346292
0.0346158
0.0346007
0.0345865
0.0345723
0.0345554
0.0345413
0.0345263
0.0345104
0.0344962
0.0344821
0.0344672
0.0344512
0.0347589
0.0347446
0.0347299
0.0347139
0.0346992
0.034685
0.0346704
0.0346545
0.03464
0.0346258
0.0346115
0.034595
0.0345811
0.0345663
0.0345508
0.0345361
0.0345221
0.0345074
0.034492
0.0344772
0.0344627
0.0344473
0.0344328
0.0344189
0.0344045
0.034389
0.0343745
0.03436
0.0343445
0.0343298
0.034316
0.0343021
0.034286
0.0342723
0.0342579
0.0342423
0.0342278
0.0342138
0.0341986
0.0341844
0.0341702
0.0341564
0.0341405
0.0341269
0.0341124
0.0340973
0.0340832
0.0340691
0.0340535
0.0340392
0.0340254
0.0340102
0.0339957
0.0339824
0.0339667
0.0339522
0.0339389
0.0339233
0.0339094
0.0338955
0.0338801
0.0338662
0.0338525
0.0338392
0.0338235
0.034125
0.0341113
0.0340956
0.0340819
0.0340683
0.0340522
0.0340387
0.0340231
0.0340093
0.0339956
0.0339801
0.0339661
0.0339528
0.0339375
0.0339233
0.0339096
0.0338948
0.0338806
0.0338671
0.033852
0.0338385
0.0338247
0.0338097
0.0337958
0.0337821
0.0337667
0.0337535
0.0337379
0.033724
0.0337111
0.0336958
0.033682
0.0336686
0.0336536
0.0336403
0.0336263
0.0336112
0.0335978
0.0335825
0.0335689
0.0335556
0.033541
0.0335276
0.0335137
0.0334988
0.0334854
0.0334703
0.0334567
0.0334436
0.0334289
0.0334157
0.0334023
0.033387
0.0333738
0.0333588
0.0333458
0.0333322
0.0333173
0.0333039
0.0332893
0.0332757
0.0332627
0.0332477
0.0332349
0.0332198
0.0332065
0.0331935
0.0331783
0.0331656
0.0331507
0.0331373
0.0331243
0.0331095
0.0330964
0.033082
0.0330686
0.0330554
0.0330408
0.033028
0.0330132
0.0330005
0.0329872
0.0329725
0.0329593
0.032945
0.0329319
0.0329171
0.032904
0.0328912
0.0328767
0.032864
0.0328493
0.0328366
0.0328215
0.0328086
0.032796
0.0327812
0.0327687
0.0327541
0.0327415
0.0327266
0.0327138
0.0327008
0.0326867
0.0326731
0.0329648
0.0329517
0.0329373
0.0329245
0.0329117
0.0328966
0.0331886
0.033174
0.0331614
0.0333175
0.0333045
0.0332892
0.033276
0.0332624
0.0332472
0.0332341
0.0332193
0.0332057
0.0331915
0.0331777
0.033163
0.03315
0.0331351
0.0331219
0.0331085
0.0330933
0.0330802
0.0330657
0.0330523
0.0330375
0.0330249
0.0330101
0.0329965
0.032982
0.0329692
0.0329541
0.0329412
0.0329264
0.0329133
0.0329002
0.0328856
0.0328723
0.0328574
0.0328445
0.0328302
0.0328171
0.0328026
0.0327892
0.0327749
0.0327615
0.0327481
0.0327347
0.0327203
0.0327072
0.0326928
0.0326794
0.0326654
0.0326523
0.0326378
0.0326248
0.0326106
0.0325976
0.0325835
0.0325706
0.0325562
0.0325433
0.0325288
0.0325162
0.0325017
0.0324889
0.0324747
0.0324619
0.0324476
0.0324349
0.0324202
0.0324077
0.0323932
0.0323805
0.0323663
0.0323533
0.0323395
0.0323266
0.0323125
0.0322998
0.032286
0.0322731
0.0322583
0.0322453
0.0322316
0.0322186
0.0322046
0.0321922
0.0321777
0.032462
0.0324476
0.0324354
0.032421
0.0324068
0.0323946
0.0323803
0.0323679
0.0323539
0.0323409
0.0323272
0.0323144
0.0323009
0.032287
0.0322734
0.0322609
0.0322465
0.0322343
0.0322203
0.0322079
0.0324891
0.0324752
0.0324625
0.0324483
0.0324356
0.0324222
0.0324086
0.0323951
0.032382
0.032368
0.0323556
0.0323423
0.0323282
0.0323158
0.0323018
0.0322892
0.032275
0.0322623
0.0322483
0.0322363
0.0322226
0.0322086
0.0321966
0.0321826
0.0321701
0.032156
0.0321434
0.0321293
0.0321175
0.0321037
0.0320902
0.0320774
0.0320632
0.032051
0.0320373
0.0320252
0.0320118
0.031998
0.0319855
0.0319725
0.0319593
0.0319456
0.0319335
0.0319201
0.0319066
0.0318939
0.03188
0.031868
0.0318542
0.0318409
0.0318291
0.0318155
0.0318023
0.0317892
0.0317774
0.0317646
0.0317515
0.0317395
0.0317259
0.0317143
0.0317008
0.031688
0.0316764
0.0316638
0.031651
0.0316379
0.031625
0.0316138
0.0316007
0.0315882
0.031575
0.0315621
0.031551
0.031538
0.0315256
0.0315126
0.0314999
0.0314887
0.0314756
0.031463
0.0314502
0.0317257
0.0317143
0.0317004
0.0316891
0.0316758
0.0316632
0.0316516
0.0316383
0.0316266
0.0316142
0.0316009
0.0315887
0.0315759
0.031563
0.0315523
0.0315395
0.0315272
0.0315139
0.0315017
0.03149
0.0314765
0.0314653
0.031453
0.0314398
0.031428
0.0314149
0.0314026
0.0313911
0.0313779
0.0313666
0.0313542
0.0313401
0.031329
0.0313169
0.0313038
0.031292
0.0312791
0.0312668
0.0312556
0.0312422
0.0315161
0.0315036
0.0314898
0.0314787
0.0314667
0.0314538
0.0314417
0.0317133
0.031701
0.0316885
0.0316758
0.0316635
0.0316523
0.0316391
0.0316282
0.0316153
0.0316021
0.031591
0.0315787
0.0315648
0.0315539
0.0315417
0.0315289
0.0315171
0.0315047
0.0314921
0.0314804
0.0314679
0.0314553
0.0314433
0.0314308
0.0314185
0.0314068
0.0313942
0.0313819
0.0313701
0.0313577
0.0313455
0.0313336
0.0313212
0.0313091
0.0312974
0.0312848
0.0312728
0.0312609
0.031249
0.0312367
0.0312249
0.0312129
0.0312003
0.0311884
0.0311767
0.0311645
0.0311527
0.0311407
0.031408
0.0313973
0.0313847
0.031372
0.031359
0.0313485
0.0313357
0.0313232
0.0313126
0.0312994
0.0312876
0.0312757
0.0312635
0.0312514
0.0312401
0.0312282
0.0312149
0.0312045
0.0311921
0.0311791
0.0311669
0.0311562
0.0311433
0.0311317
0.0311201
0.0311083
0.0310959
0.0310845
0.0310727
0.0310599
0.0310475
0.031037
0.031024
0.0310122
0.031001
0.0309891
0.0309765
0.0309659
0.0309539
0.0309411
0.030929
0.0309178
0.0309061
0.0308941
0.0308827
0.0308707
0.0308582
0.0308463
0.030835
0.0308232
0.0308113
0.0308003
0.0307884
0.0307758
0.0307639
0.0307527
0.0307412
0.0307283
0.0307181
0.0307062
0.0306937
0.030682
0.030671
0.0306595
0.0306468
0.0306348
0.0306237
0.0306123
0.0306005
0.0305896
0.0305776
0.030565
0.0305536
0.0305426
0.0305309
0.0305187
0.030507
0.0304959
0.0304848
0.0304722
0.0304602
0.0304495
0.0304382
0.0304255
0.030416
0.0304039
0.0303913
0.0303802
0.0303693
0.0303575
0.0303454
0.0303341
0.0303231
0.0303113
0.0302989
0.0302879
0.0302771
0.0302655
0.030253
0.030242
0.0302312
0.0302195
0.0302073
0.0301961
0.0301855
0.0301738
0.0301616
0.0301505
0.03014
0.0301283
0.030116
0.0301052
0.0301494
0.0301369
0.0301244
0.0301108
0.0300978
0.0300851
0.0300726
0.0303303
0.0303177
0.0303047
0.0302917
0.030278
0.0302656
0.0302528
0.03024
0.0302262
0.030214
0.0302001
0.0301876
0.0301752
0.0301612
0.0301488
0.0301359
0.0301234
0.0301096
0.0300972
0.0303548
0.030341
0.0303284
0.0303152
0.0303023
0.0302894
0.030277
0.0302633
0.030251
0.030237
0.0302247
0.0302123
0.0301988
0.0301861
0.0301735
0.0301607
0.0301477
0.0301344
0.0301216
0.0301091
0.0300965
0.030083
0.0300708
0.030057
0.0300447
0.0300324
0.0300187
0.0300065
0.0299928
0.0299809
0.0299686
0.0299551
0.0299428
0.0299304
0.0299169
0.0299049
0.0298913
0.029879
0.0298668
0.0298535
0.0298412
0.0298278
0.0298154
0.029802
0.02979
0.0297778
0.0297645
0.0297521
0.029739
0.0297269
0.0297146
0.0297011
0.0296885
0.029676
0.0296638
0.0296515
0.0296387
0.0296255
0.0296133
0.0296014
0.029588
0.029576
0.0295626
0.0295507
0.0295377
0.0295256
0.0295131
0.0295005
0.0294878
0.0294753
0.0294634
0.0294503
0.0294382
0.0294251
0.0294126
0.0294003
0.0293897
0.0293787
0.0293674
0.0293551
0.0293445
0.0293326
0.0293223
0.0293114
0.0292999
0.0292884
0.0292773
0.0292655
0.0292556
0.0292444
0.0292332
0.0292217
0.0292106
0.0291989
0.0291889
0.0291779
0.0291668
0.0291548
0.0291442
0.0291326
0.0291227
0.0291108
0.0291007
0.0290884
0.0290775
0.0290665
0.0290568
0.0290449
0.0290344
0.029023
0.0290113
0.0290007
0.028989
0.0289792
0.0289685
0.0289573
0.0289454
0.0289344
0.0289236
0.0291758
0.029164
0.0291529
0.029142
0.0291301
0.029119
0.0291083
0.0290986
0.0290869
0.029076
0.0293258
0.0293139
0.029303
0.0292923
0.0292824
0.0292711
0.02926
0.0292492
0.0292371
0.0292261
0.0292152
0.0292039
0.0291941
0.0291824
0.0291723
0.0291606
0.0291495
0.0293113
0.0292985
0.0292871
0.0292743
0.0292624
0.0292506
0.0292374
0.0292255
0.0292135
0.0292009
0.0291895
0.0291771
0.0291652
0.0291532
0.0291402
0.0291284
0.0291164
0.0291041
0.0290926
0.0290803
0.0290682
0.0290564
0.0290439
0.0290314
0.02902
0.0290077
0.0289963
0.0289838
0.0289714
0.0289599
0.0289478
0.0289351
0.0289232
0.0289116
0.0291567
0.0291454
0.029133
0.0291212
0.0291088
0.029097
0.0290843
0.0290725
0.0290608
0.0290485
0.0290371
0.0290248
0.0290124
0.0290012
0.0289891
0.0289766
0.0289645
0.028953
0.0289407
0.0291845
0.0291734
0.0291614
0.0291495
0.0291374
0.0291252
0.0291128
0.0293566
0.0293442
0.0293327
0.0293204
0.0293092
0.0292968
0.0292845
0.0292729
0.0292612
0.0292487
0.0292364
0.0292247
0.029213
0.0292008
0.0291885
0.0294322
0.0294199
0.0294076
0.0293961
0.0293843
0.0293722
0.0293596
0.0293475
0.0293355
0.029324
0.0293118
0.0292993
0.0292885
0.0292764
0.029264
0.0292526
0.029241
0.0292289
0.0292162
0.0292044
0.0291926
0.0291809
0.0291691
0.0291567
0.0291459
0.0291335
0.0291215
0.0291104
0.0290982
0.0290866
0.0290745
0.0290623
0.0290505
0.0290388
0.0290273
0.0290154
0.0290033
0.028991
0.0289803
0.028968
0.0289562
0.0289443
0.0289329
0.0289211
0.0289098
0.0288975
0.0288853
0.028874
0.0288622
0.0288509
0.0288391
0.0288273
0.0288153
0.0288028
0.0287923
0.0287806
0.0287687
0.028757
0.0287458
0.028734
0.0287227
0.0287109
0.0286985
0.028687
0.0286754
0.0286639
0.028652
0.0286407
0.0286291
0.0286176
0.0286057
0.0285935
0.0285832
0.0288215
0.0288098
0.0287979
0.0287861
0.028775
0.0287637
0.028752
0.0287406
0.0287288
0.0287166
0.0287048
0.0286932
0.0286816
0.0286705
0.0286586
0.0288967
0.028885
0.0288734
0.0288614
0.02885
0.028838
0.0288276
0.028816
0.0288041
0.0287925
0.0287808
0.0287692
0.0287575
0.0287462
0.0287346
0.0287234
0.0287119
0.0287006
0.0289369
0.0289253
0.0289132
0.0289016
0.02889
0.0288785
0.028867
0.0288559
0.0288443
0.0288326
0.0288215
0.0288098
0.0287985
0.0287868
0.028775
0.0287639
0.0287519
0.0287403
0.0287288
0.0287171
0.028706
0.0286956
0.0286839
0.0286723
0.028661
0.0286493
0.0286378
0.0286264
0.0286149
0.0286034
0.0285919
0.0285806
0.0285693
0.0285576
0.0285468
0.0285354
0.028524
0.0285124
0.028501
0.0284904
0.0284789
0.0284674
0.0284559
0.0284446
0.0284333
0.0284222
0.0284109
0.0283995
0.0283881
0.0283769
0.0283656
0.0283542
0.0283428
0.0283318
0.0283205
0.0283092
0.028298
0.0282866
0.0282754
0.028264
0.0282528
0.0282416
0.0282303
0.028219
0.0282077
0.0281965
0.0281853
0.0281742
0.0281631
0.0281519
0.0281408
0.0281295
0.0281184
0.0281073
0.0280963
0.0280851
0.028074
0.0280629
0.0280515
0.0280404
0.0280294
0.0280185
0.0280071
0.0279962
0.0279849
0.0279739
0.0279627
0.0279516
0.0279405
0.0279295
0.0279185
0.0279075
0.027896
0.0278848
0.0278739
0.027863
0.0278519
0.0278412
0.0278295
0.0278186
0.0278077
0.0277964
0.0277856
0.0277748
0.0277637
0.0277528
0.0277418
0.027731
0.0279617
0.0279508
0.0279399
0.0279276
0.0279166
0.0279059
0.0278949
0.0281253
0.0281141
0.0281032
0.0280923
0.0280811
0.0280704
0.0280589
0.028048
0.0280372
0.0280256
0.0280149
0.0280038
0.0279927
0.0279819
0.0279709
0.0279605
0.0279495
0.0279388
0.0279276
0.0279166
0.0279053
0.0278945
0.0278838
0.0278724
0.0278614
0.0278509
0.02784
0.0280689
0.0280581
0.0280474
0.0280351
0.0280243
0.0280133
0.0280026
0.0279918
0.0279812
0.0279699
0.0279592
0.0279475
0.0279369
0.027926
0.0279153
0.0279048
0.027894
0.027883
0.0278723
0.027861
0.0278503
0.0278392
0.0278287
0.0278178
0.0278071
0.0277966
0.0277845
0.027774
0.0277634
0.0277526
0.027742
0.0277309
0.0277203
0.027709
0.0276982
0.0276875
0.0276774
0.0276666
0.0276558
0.0276447
0.0276343
0.0276231
0.0276124
0.027602
0.0275916
0.0275796
0.0275692
0.0275585
0.027548
0.0275372
0.0275266
0.0275155
0.0275046
0.0274944
0.0274844
0.0274736
0.0274624
0.0274519
0.0274411
0.0274307
0.0274202
0.0274101
0.0273982
0.0273874
0.0273771
0.0273665
0.0273559
0.0273449
0.0273344
0.0273243
0.0273139
0.0273033
0.0272921
0.0272817
0.0272712
0.0272607
0.0272492
0.027239
0.0272284
0.0272181
0.0272075
0.0271967
0.0271859
0.0271762
0.0271657
0.0271553
0.0271444
0.0271336
0.0271235
0.0271132
0.0271016
0.0270914
0.0270811
0.0270706
0.0270598
0.0270494
0.0270395
0.0270291
0.0270181
0.0270075
0.0269973
0.0269871
0.0269774
0.0269657
0.0269552
0.0269452
0.0269349
0.026924
0.0269136
0.0269039
0.0268936
0.0268822
0.0268722
0.0268621
0.0268507
0.0268408
0.0268308
0.0268201
0.0268096
0.0267991
0.0267893
0.026779
0.0267684
0.0267581
0.0267479
0.0267382
0.0267267
0.0267167
0.0267063
0.0266957
0.0266855
0.0266758
0.0266654
0.0266549
0.0266447
0.0266346
0.0266234
0.0266132
0.0266035
0.0265931
0.0265823
0.0265728
0.0265627
0.0265521
0.0265417
0.0265318
0.0265206
0.026511
0.026501
0.0264904
0.02648
0.0264704
0.0264602
0.0264499
0.0264395
0.0264297
0.0264187
0.0264089
0.0266293
0.026619
0.026609
0.0265993
0.0265887
0.0265784
0.0265687
0.026557
0.0265476
0.026538
0.0265277
0.026517
0.0265075
0.0264974
0.0264866
0.0264767
0.0264673
0.026456
0.0264464
0.0264362
0.0264255
0.0264163
0.0264055
0.0263954
0.0263855
0.0263746
0.026365
0.0263546
0.0263447
0.0263345
0.026325
0.0263147
0.0263047
0.026295
0.026284
0.0262743
0.0262641
0.0262538
0.0262445
0.026234
0.0262239
0.0262141
0.0262035
0.0261937
0.0264122
0.0264019
0.0263924
0.0263826
0.0263721
0.0263624
0.0263515
0.0263417
0.0263316
0.0263214
0.0263121
0.0263017
0.0262916
0.026282
0.0262713
0.0262616
0.0262517
0.0262413
0.026232
0.0262218
0.0262117
0.0262022
0.0261915
0.0261819
0.0261714
0.0261619
0.0261521
0.0261415
0.026132
0.0261213
0.026112
0.0261019
0.0263186
0.0263094
0.0262991
0.0262891
0.0262798
0.0262688
0.0262591
0.0262488
0.0262396
0.0262291
0.0262193
0.0262098
0.0261993
0.0261889
0.0261792
0.02617
0.0261596
0.0261497
0.0261403
0.0261298
0.0261204
0.0261098
0.0261005
0.0260903
0.0260805
0.0260713
0.0260609
0.0260508
0.0260407
0.0260317
0.0260216
0.0260115
0.0260006
0.0259916
0.0259818
0.0259716
0.0259625
0.0259521
0.0259429
0.0259325
0.025923
0.0259129
0.0259035
0.0258939
0.0258835
0.0258746
0.0258641
0.0258543
0.0258442
0.0258353
0.0258253
0.0258155
0.0258052
0.025796
0.0257857
0.0257766
0.0257666
0.0257569
0.0257482
0.0257375
0.0257277
0.0257176
0.0257087
0.0256984
0.0256891
0.0256789
0.0256695
0.0256595
0.0256504
0.02564
0.0256309
0.0256207
0.0256109
0.0256013
0.0255924
0.0255827
0.025573
0.0255628
0.0255538
0.0255434
0.0255345
0.0255247
0.0255151
0.025505
0.0254959
0.0254856
0.0254768
0.0254671
0.0254573
0.0254472
0.0254376
0.025428
0.0254192
0.0254089
0.0253999
0.0253899
0.0253804
0.0253707
0.0253617
0.0253515
0.0253428
0.0253325
0.0253233
0.0253138
0.025304
0.0252947
0.0252844
0.0252755
0.0252656
0.0252567
0.0252471
0.0252376
0.0252276
0.0252182
0.0252086
0.0251998
0.0251899
0.0251813
0.025171
0.0251611
0.0251524
0.0251427
0.0251334
0.0251235
0.0251141
0.0251044
0.0250956
0.0250859
0.0252978
0.0252876
0.0252778
0.0252688
0.0252593
0.0252499
0.02524
0.0252306
0.0252209
0.0252116
0.0252026
0.0251925
0.0251837
0.0251736
0.0251651
0.0251551
0.0251465
0.0253561
0.0253463
0.0253375
0.0253274
0.0253184
0.0253087
0.0252995
0.0252902
0.0252807
0.0252714
0.0252613
0.0252522
0.0252426
0.0252334
0.0252241
0.0252145
0.0252051
0.0251955
0.0251871
0.0251772
0.0251675
0.025158
0.0251486
0.0251402
0.0251305
0.0251204
0.025112
0.0251018
0.0250933
0.0250835
0.0250736
0.0250654
0.0250552
0.0250466
0.0250371
0.0250273
0.025018
0.0250087
0.0249991
0.0249905
0.0249808
0.0249717
0.0249621
0.0249529
0.0249441
0.0249343
0.0249255
0.0249162
0.0249068
0.0248976
0.0248881
0.0248783
0.0248702
0.0248602
0.0248517
0.0248421
0.0248325
0.0248241
0.0248144
0.0248045
0.0247962
0.0247862
0.024778
0.0247684
0.0247588
0.0247499
0.0247409
0.0247315
0.0247226
0.0247129
0.0247037
0.0246952
0.0246856
0.0246755
0.0246674
0.0246578
0.0246496
0.0246401
0.0246304
0.0246215
0.0246126
0.0246034
0.0245948
0.0245851
0.0245757
0.0245672
0.0245579
0.0245482
0.0245395
0.0245304
0.0245212
0.0245124
0.0245028
0.0244936
0.0244853
0.024476
0.0244664
0.0244576
0.0244488
0.0244395
0.0244309
0.0244215
0.024412
0.0244036
0.0243946
0.024385
0.0243762
0.0243675
0.0243579
0.0243497
0.0243401
0.0243307
0.0243219
0.0243134
0.0243038
0.0242949
0.0242863
0.024277
0.0242678
0.024259
0.0242503
0.0242413
0.0242329
0.0242232
0.0242139
0.024205
0.0241967
0.0241871
0.0241778
0.0241698
0.0241607
0.0241513
0.0241427
0.024134
0.0241247
0.0241151
0.0241067
0.0240978
0.0240893
0.0240809
0.0240712
0.0240619
0.0240534
0.0240449
0.0240355
0.0240263
0.0242311
0.0242219
0.0242129
0.0242038
0.0241956
0.0243989
0.0243895
0.0243813
0.0243723
0.024363
0.0243539
0.0243454
0.0243366
0.0243273
0.0243179
0.0243094
0.0243008
0.0242916
0.0242821
0.0242738
0.0242651
0.0242563
0.0242481
0.0242385
0.0242292
0.0242205
0.0242124
0.0242029
0.0241936
0.0241852
0.024177
0.0241675
0.0241583
0.0241498
0.0241415
0.0241321
0.0241228
0.0241144
0.0241063
0.0240967
0.0240876
0.0240793
0.0240712
0.0240611
0.0240527
0.0240436
0.0240343
0.0240262
0.0240178
0.0240086
0.0239994
0.023991
0.0239826
0.0241838
0.0241749
0.0241663
0.0241578
0.0241489
0.0241398
0.0241307
0.0241228
0.0241137
0.0241045
0.0240955
0.0240877
0.0240787
0.0240695
0.0242705
0.0242618
0.0242535
0.0242442
0.0242353
0.0242269
0.024219
0.0242091
0.0242007
0.024192
0.0241826
0.0241742
0.0241657
0.0241568
0.0241478
0.0241386
0.0243399
0.0243309
0.0243219
0.0243128
0.0243044
0.0242962
0.0242871
0.0242782
0.0242693
0.0242602
0.0242517
0.0242433
0.0242344
0.0242253
0.0242165
0.0242077
0.0241995
0.0241904
0.0241816
0.0241728
0.0241638
0.0241556
0.0241474
0.0241385
0.0241295
0.0241204
0.0241124
0.0241036
0.0240945
0.0240858
0.0240772
0.0240682
0.0240601
0.0242594
0.0242506
0.0242414
0.0242324
0.0242242
0.0242161
0.0242065
0.0241984
0.0241894
0.0241805
0.0241718
0.0241637
0.024155
0.024146
0.024137
0.0241286
0.0241196
0.0241115
0.024103
0.024301
0.0242922
0.0242833
0.0242749
0.0242656
0.0242576
0.0242493
0.024447
0.024438
0.024429
0.0244207
0.0244112
0.0244032
0.024395
0.024386
0.0243771
0.0243683
0.0243599
0.0243504
0.0243425
0.0243344
0.0245315
0.0245224
0.0245135
0.0245051
0.024496
0.0244878
0.0244794
0.0244707
0.0244617
0.0244528
0.0244443
0.0244355
0.0244266
0.0244186
0.0244104
0.0244011
0.0243928
0.0243838
0.0243751
0.0243663
0.0243579
0.0243499
0.0243408
0.0243326
0.0243237
0.0243147
0.0243061
0.024298
0.0242886
0.0242803
0.024272
0.0242636
0.0242549
0.0242464
0.0242376
0.0242286
0.0242199
0.0242118
0.0242027
0.0241947
0.0241866
0.0241777
0.0241688
0.0241607
0.0241519
0.0241435
0.0241344
0.0241263
0.0241172
0.0241095
0.0241007
0.0240924
0.0240839
0.0240754
0.0240667
0.0240577
0.0240492
0.0240407
0.0240323
0.024024
0.0240154
0.0240076
0.0239987
0.0239905
0.0239819
0.0239733
0.0239649
0.0239564
0.0239478
0.023939
0.0239309
0.023922
0.0239135
0.0239058
0.0238974
0.0238887
0.0238804
0.0238718
0.0238635
0.0238552
0.0238466
0.0238379
0.0238293
0.023821
0.0238125
0.0238041
0.023796
0.023787
0.0237793
0.023771
0.0237629
0.0237539
0.0237461
0.0237375
0.023729
0.023721
0.0237124
0.0237037
0.0236952
0.0236872
0.0236785
0.0236703
0.0236621
0.0236533
0.0236453
0.0236369
0.0236279
0.0236204
0.0236124
0.0236042
0.0235955
0.0235875
0.0235791
0.0235706
0.0235626
0.0235538
0.0235456
0.0235375
0.0235292
0.0235205
0.0235121
0.0235042
0.0234956
0.0234872
0.0234793
0.0234707
0.0234623
0.0234546
0.0234458
0.0234376
0.0234298
0.023421
0.0234131
0.0234048
0.0233961
0.0233883
0.0233802
0.0233728
0.0233639
0.0233561
0.0233477
0.0233392
0.0233311
0.0233231
0.0233143
0.0233067
0.0232984
0.0232899
0.0232821
0.0232739
0.0232652
0.0232576
0.023249
0.0232406
0.0232329
0.0232246
0.0232164
0.0232086
0.0232001
0.023192
0.023184
0.0231756
0.0231676
0.0231595
0.0231511
0.0231432
0.0231351
0.0231268
0.0231186
0.0231107
0.0231024
0.0230945
0.0230864
0.023078
0.0230696
0.0230621
0.0230541
0.0230454
0.0230377
0.0230296
0.0230214
0.0230136
0.0230053
0.0229968
0.0229889
0.0229812
0.0229725
0.0229649
0.0229574
0.0229485
0.0229403
0.0229316
0.0229239
0.0229161
0.0229077
0.0228997
0.0228921
0.0228836
0.0228757
0.0228682
0.0228598
0.0228517
0.0228441
0.0230338
0.0230253
0.0230178
0.0230095
0.0230015
0.0229936
0.0229853
0.0229776
0.0229694
0.0229613
0.0229536
0.0229455
0.0229373
0.0229297
0.0229217
0.0229134
0.0229055
0.0228964
0.0228888
0.0228813
0.0228729
0.0228649
0.0228571
0.0228491
0.0228409
0.0228333
0.0228251
0.0228176
0.0228097
0.0228015
0.0227939
0.0227857
0.0227774
0.02277
0.0227621
0.0227537
0.0227457
0.0227373
0.0227293
0.0227219
0.0227138
0.0227056
0.0226982
0.0226901
0.0226825
0.0226747
0.0226665
0.0226588
0.0226511
0.0226429
0.0226352
0.0226278
0.0226188
0.0226111
0.0226029
0.0225952
0.0225876
0.0225793
0.022572
0.0225642
0.0225561
0.0225483
0.0225406
0.0225323
0.022525
0.0225161
0.0225084
0.022501
0.0224929
0.0224851
0.0224774
0.0224695
0.0224622
0.0224543
0.0224463
0.0224386
0.0224295
0.0224224
0.0224149
0.0224069
0.022399
0.0223915
0.0223836
0.0223764
0.0223683
0.0223604
0.0223528
0.0223439
0.0223366
0.0223292
0.0223213
0.0223133
0.0223061
0.022298
0.0222908
0.022283
0.0222748
0.0222671
0.0222588
0.0222511
0.022244
0.0222359
0.0222287
0.0222208
0.0222129
0.0222054
0.0221965
0.0221893
0.0221815
0.0221741
0.0221663
0.0221591
0.0221511
0.0221437
0.0221363
0.0221275
0.0221201
0.0221123
0.0221046
0.0220973
0.0220893
0.0220823
0.0220745
0.022066
0.0220585
0.0220508
0.0220431
0.022036
0.022028
0.0220209
0.0220132
0.0220047
0.0219973
0.0219895
0.0219819
0.0219746
0.0219669
0.0219596
0.0219525
0.0219438
0.0219361
0.0219284
0.0219213
0.0219136
0.0219057
0.0218986
0.0218903
0.0218825
0.0218756
0.0218679
0.0218606
0.0218531
0.021845
0.0218374
0.0218295
0.0218219
0.0218149
0.0218071
0.0218
0.0217927
0.0217843
0.0217768
0.021769
0.021762
0.0217544
0.0217466
0.0217391
0.0217308
0.0217236
0.0217165
0.0217086
0.0217017
0.0216946
0.0216859
0.0216787
0.0216711
0.0216641
0.0216565
0.0216485
0.0216411
0.0216334
0.0216259
0.021619
0.0216109
0.0216038
0.0215957
0.0215883
0.0215809
0.0215735
0.0215665
0.0215592
0.0215507
0.0215436
0.0215361
0.0215291
0.0215214
0.0215134
0.0215064
0.0214988
0.0214916
0.0214841
0.0214765
0.0214688
0.0214614
0.0214538
0.0214471
0.0214392
0.0214323
0.0214242
0.0214165
0.0214096
0.0214019
0.0213949
0.0213869
0.0213794
0.0213723
0.0213651
0.021358
0.0213494
0.0213423
0.0213354
0.021328
0.021321
0.0213124
0.0213053
0.0212987
0.0212911
0.0212842
0.0212772
0.0212685
0.0212618
0.0212541
0.0212472
0.0212404
0.0212318
0.0212248
0.0212174
0.0212102
0.0212018
0.0211949
0.0211882
0.0211806
0.0211737
0.0211653
0.0211583
0.0211512
0.021144
0.0211368
0.021129
0.0211218
0.0211148
0.0211074
0.0211004
0.0210925
0.0210852
0.0210783
0.0210708
0.0210634
0.021056
0.0210487
0.0210418
0.0210344
0.0210271
0.0210196
0.021013
0.0210056
0.0209976
0.0209909
0.0209834
0.0209767
0.0209695
0.0209614
0.0209545
0.0209472
0.0209404
0.0209321
0.0209251
0.0209183
0.020911
0.0209042
0.0208961
0.0210763
0.0210696
0.0210622
0.0210547
0.0210475
0.0210408
0.0210336
0.0210257
0.0210187
0.0210112
0.0210045
0.0209962
0.0209894
0.0209827
0.020975
0.0209678
0.0209605
0.0209535
0.0209466
0.0209394
0.0209322
0.0209246
0.0209178
0.0209112
0.0209027
0.0208958
0.0208888
0.0208818
0.0208741
0.0208669
0.0208603
0.020853
0.0208459
0.0208386
0.0208316
0.0208231
0.0208166
0.0208099
0.0208024
0.0207952
0.0207883
0.0207815
0.0207742
0.0207665
0.0207596
0.0207523
0.0207459
0.0207378
0.0207307
0.020724
0.0207171
0.0207098
0.0207024
0.0206957
0.0206872
0.0206808
0.0206742
0.0206669
0.0206597
0.0206525
0.0206459
0.0206389
0.0206311
0.0206243
0.0206172
0.0206104
0.0206029
0.0205962
0.0205892
0.0205815
0.0205749
0.0205677
0.0207456
0.0207379
0.0207314
0.0207244
0.0207166
0.0207098
0.0207027
0.020696
0.0206883
0.0206814
0.0206748
0.020667
0.0206603
0.0206532
0.0206466
0.0206388
0.0206323
0.0206256
0.0206175
0.020611
0.0206037
0.020597
0.0205894
0.020583
0.0205759
0.0205682
0.0205617
0.0205547
0.0205473
0.0205403
0.0207176
0.0207108
0.0207025
0.0206962
0.0206891
0.0206819
0.0206747
0.0206683
0.0206602
0.0206533
0.0206469
0.0206399
0.0206326
0.0206257
0.020619
0.0206111
0.0206047
0.0205979
0.0205901
0.0205833
0.020576
0.0205693
0.0205623
0.0205557
0.0205473
0.0205411
0.0205345
0.0205275
0.0205203
0.0205135
0.0205068
0.0204992
0.0204927
0.020486
0.0204782
0.0204715
0.0204647
0.0204576
0.0204504
0.0204442
0.0204362
0.0204294
0.020423
0.0204157
0.0204089
0.0204022
0.0203949
0.0203878
0.0203815
0.0203735
0.020367
0.0203606
0.0203531
0.0203465
0.0203396
0.0203323
0.0203257
0.0203191
0.0203111
0.0203047
0.0202984
0.0202908
0.0202842
0.0202774
0.0202703
0.0202632
0.0202571
0.0202493
0.0202424
0.0202361
0.0202288
0.0202222
0.0202151
0.0202084
0.0202013
0.0201949
0.0201874
0.0201811
0.0201746
0.0201666
0.0201606
0.0201538
0.020147
0.02014
0.0203145
0.020307
0.0203006
0.0202922
0.0202861
0.0202799
0.0202724
0.0202658
0.0202587
0.0202521
0.0204258
0.0204197
0.0204118
0.0204057
0.020399
0.0203913
0.020385
0.0203784
0.0203708
0.0203642
0.0203571
0.0203501
0.0203441
0.0203362
0.02033
0.0203235
0.0203159
0.0203094
0.020303
0.0202954
0.0202888
0.0202817
0.0202747
0.0202687
0.0202611
0.020255
0.0202484
0.0202407
0.020234
0.020227
0.0202205
0.0202135
0.0202069
0.0202
0.0201936
0.0201861
0.0201803
0.0201732
0.0201681
0.0201634
0.0201563
0.0201518
0.0201456
0.0201397
0.0201342
0.0201286
0.0201223
0.0201175
0.0201107
0.020106
0.0200985
0.0200936
0.020089
0.0200819
0.0200776
0.0200714
0.0200657
0.0200591
0.0200544
0.0200483
0.0200433
0.0200368
0.0200319
0.020025
0.0200201
0.0200154
0.0200081
0.0200034
0.0199967
0.0199918
0.0199857
0.0199803
0.0199745
0.019969
0.019963
0.0199583
0.0199514
0.020125
0.0201178
0.020113
0.0201083
0.0201014
0.0200965
0.0200899
0.020085
0.0200792
0.0200735
0.0200679
0.0200624
0.0200564
0.0200515
0.0200448
0.02004
0.0200331
0.0200287
0.0200241
0.0200166
0.0200119
0.020005
0.0200004
0.0199937
0.0199888
0.0199828
0.0199775
0.0199719
0.0199664
0.0199605
0.0199556
0.0199487
0.0199441
0.0199375
0.0199329
0.0199257
0.019921
0.0199165
0.0199095
0.019905
0.0198983
0.0198936
0.0198869
0.0198821
0.0198761
0.0198708
0.0198652
0.0198599
0.019854
0.0198482
0.0198424
0.0198377
0.0198312
0.0198266
0.0198196
0.0198152
0.0198081
0.0198036
0.0197991
0.019792
0.0197875
0.0197807
0.0197763
0.0197698
0.0197653
0.0197593
0.019754
0.0197478
0.0197425
0.0197371
0.0197317
0.019726
0.0197202
0.0197145
0.0197099
0.0197033
0.0196992
0.0196921
0.0196876
0.0196809
0.0196766
0.0196691
0.0196649
0.0196607
0.0196537
0.0196491
0.0196425
0.0196381
0.0196314
0.019627
0.0196204
0.0196158
0.01961
0.0196045
0.0195986
0.0195937
0.0195875
0.019583
0.0195769
0.0195718
0.0195657
0.0195606
0.0195549
0.0195504
0.0195435
0.0195392
0.0195327
0.0195279
0.0195215
0.0195173
0.0195106
0.0195063
0.0194994
0.0194952
0.019488
0.019484
0.0194799
0.0194726
0.0196431
0.0196361
0.0196321
0.0196252
0.0196208
0.019614
0.0196099
0.0196033
0.0195987
0.0195922
0.0195879
0.0195812
0.0195767
0.0195701
0.0195658
0.0195602
0.0195546
0.0195491
0.0195439
0.019538
0.0195327
0.0195271
0.0195219
0.0195159
0.0195109
0.0195059
0.0195007
0.0194948
0.0194895
0.0194836
0.0194786
0.0194728
0.0194679
0.019462
0.0194567
0.0194513
0.0194459
0.0194403
0.0194349
0.0194294
0.0194238
0.0194184
0.0194141
0.0194077
0.0194032
0.0193967
0.0193924
0.019386
0.0193816
0.0193751
0.0193709
0.0193641
0.01936
0.0193534
0.0193492
0.0193425
0.0193387
0.0193321
0.0193278
0.0193214
0.019317
0.0193107
0.0193064
0.0192999
0.0192957
0.0192892
0.0192848
0.0192785
0.0192742
0.0192677
0.0192634
0.019257
0.019253
0.019246
0.0192419
0.0192355
0.0192314
0.0192246
0.0192207
0.0192142
0.01921
0.0192034
0.0191993
0.0191928
0.0191886
0.0191824
0.0191782
0.0191717
0.0191664
0.0193332
0.0193279
0.0193225
0.0193173
0.0193119
0.0193066
0.0193009
0.0192961
0.0192906
0.0192855
0.01928
0.019275
0.0192693
0.0192646
0.0192578
0.0192533
0.0192475
0.0192426
0.0192371
0.0192322
0.0192266
0.0192214
0.019216
0.0192109
0.0192056
0.0192005
0.0191943
0.0191901
0.0191838
0.0191796
0.0191731
0.0191689
0.0191624
0.0191586
0.0191518
0.0191479
0.0191416
0.0191374
0.0191309
0.0191271
0.0191205
0.0191172
0.0191105
0.019104
0.0191002
0.0190937
0.0190898
0.019083
0.0190793
0.0190727
0.0190685
0.0190625
0.0190582
0.0190521
0.0190479
0.0190418
0.0190367
0.0190315
0.0190265
0.0190209
0.0190163
0.0190099
0.0190053
0.0189999
0.018995
0.0189896
0.0189846
0.0189784
0.0189744
0.0191377
0.0191336
0.0191274
0.0191234
0.0191171
0.0191132
0.0191066
0.0191031
0.0190969
0.0190902
0.0190867
0.0190799
0.0190763
0.0190699
0.0190657
0.0190594
0.0190554
0.0190495
0.0190442
0.019039
0.0190343
0.019029
0.0190234
0.0190181
0.0190129
0.0190077
0.019003
0.0189967
0.0189928
0.0189863
0.0189825
0.0189761
0.0189725
0.018966
0.0189597
0.0189561
0.0189499
0.018946
0.0189396
0.0189356
0.0189295
0.0189255
0.0189194
0.0189146
0.0189093
0.0189039
0.0188985
0.0188937
0.0188887
0.0188836
0.0188777
0.0188735
0.0188672
0.0188636
0.0188571
0.018854
0.0188475
0.0188411
0.0188373
0.0188313
0.0188273
0.0188211
0.0188163
0.0188109
0.0188065
0.0188002
0.0187957
0.0187906
0.0187855
0.0187798
0.0187758
0.0187696
0.0187658
0.0187595
0.0187563
0.0187501
0.0187437
0.0187399
0.0187339
0.0187296
0.0187238
0.0187189
0.0187137
0.0187085
0.0187033
0.0186985
0.0186929
0.018689
0.0186826
0.0186788
0.0186725
0.0186694
0.0186632
0.0186569
0.0186532
0.018647
0.018643
0.0186371
0.0186325
0.0186273
0.0186222
0.0186169
0.0186124
0.0186064
0.0186023
0.0185964
0.0185927
0.0185868
0.0185807
0.0185771
0.0185711
0.0185668
0.0185611
0.0187231
0.0187177
0.0187129
0.0187076
0.018703
0.0186973
0.0186929
0.0186871
0.0186835
0.0186775
0.0186715
0.0186678
0.0186616
0.0186574
0.0186519
0.0186474
0.0186414
0.0186367
0.0186312
0.0186269
0.018621
0.0186173
0.0186112
0.0186055
0.0186019
0.018596
0.0185918
0.0185863
0.0187474
0.0187414
0.0187373
0.018732
0.0187275
0.0187212
0.0187176
0.0187115
0.0187056
0.0187021
0.0186964
0.0186922
0.0186865
0.0186819
0.0186759
0.018837
0.0188314
0.0188273
0.0188213
0.0188177
0.0188118
0.0188058
0.0188023
0.0187957
0.0187914
0.018786
0.0187814
0.018776
0.0187716
0.0187655
0.0187619
0.0187556
0.0187498
0.0187464
0.0187407
0.0187364
0.0187309
0.0187264
0.0187204
0.0187159
0.0187104
0.0187066
0.0187003
0.0186939
0.0186911
0.018685
0.0186809
0.0186756
0.0186713
0.0186652
0.0186607
0.0186551
0.0186512
0.0186452
0.0186389
0.0186361
0.0186299
0.0186261
0.0186205
0.018616
0.0186104
0.0187702
0.0187641
0.0187604
0.0187544
0.0187485
0.0187452
0.0187392
0.0187346
0.0187295
0.0187246
0.0187197
0.0187154
0.0187092
0.0187058
0.0187001
0.0186939
0.0186903
0.0186843
0.0186802
0.0186741
0.01867
0.0186645
0.0186607
0.0186545
0.0186486
0.0186454
0.0186394
0.018635
0.01863
0.018625
0.01862
0.0186154
0.0187729
0.0187696
0.0187638
0.0187578
0.0187539
0.0187485
0.0187442
0.0187383
0.0187342
0.0187283
0.0187246
0.018719
0.018713
0.0188725
0.0188667
0.0188623
0.0188564
0.0188522
0.0188464
0.0188426
0.018837
0.0188312
0.0188274
0.0188217
0.0188173
0.0188116
0.0188072
0.0188014
0.0187978
0.0187923
0.0187864
0.0187827
0.018777
0.0187727
0.0187668
0.0187626
0.0187569
0.0187532
0.0187477
0.018742
0.0187379
0.0187324
0.0187285
0.0187224
0.0187182
0.018712
0.0187089
0.0187033
0.0186973
0.0186936
0.0186881
0.0186829
0.0186775
0.0186737
0.0186679
0.0186623
0.0186591
0.0186529
0.0186488
0.018643
0.018639
0.0186332
0.0186295
0.0186242
0.0186185
0.0186146
0.0186091
0.0186038
0.0185994
0.0185953
0.0185891
0.0185862
0.0185803
0.0185745
0.0185701
0.0185656
0.0185604
0.0185546
0.0185512
0.0185457
0.01854
0.0185362
0.0185308
0.0185259
0.0185211
0.0185167
0.0185107
0.0185053
0.0185022
0.0184963
0.0184922
0.0184866
0.0184824
0.0184768
0.0184733
0.0184679
0.0184622
0.0184575
0.0184531
0.0184481
0.0184427
0.0184389
0.0184336
0.0184279
0.0184243
0.0184188
0.018414
0.0184084
0.0184051
0.0183991
0.0183939
0.0183902
0.018385
0.0183809
0.0183751
0.0183711
0.0183652
0.0183595
0.0183565
0.0183507
0.0183468
0.0183412
0.0184973
0.0184915
0.0184857
0.0184829
0.0184771
0.0184731
0.0184674
0.0184633
0.0184575
0.0184547
0.018449
0.0184432
0.0184391
0.0184335
0.0184295
0.0184237
0.0184209
0.0184152
0.0184093
0.0184054
0.0183997
0.0183958
0.0183899
0.018384
0.0183815
0.0183757
0.0183718
0.0183662
0.018362
0.0183564
0.0183509
0.0183477
0.018342
0.0183381
0.0183325
0.0183287
0.0183228
0.0183177
0.0183142
0.0183088
0.018304
0.0182994
0.0182953
0.0182893
0.0182844
0.0182807
0.0182753
0.0182704
0.0182654
0.0182617
0.0182567
0.0182509
0.0182475
0.0182421
0.0182375
0.018232
0.0182288
0.0182235
0.0182175
0.0182139
0.0182084
0.0182044
0.0181988
0.0181932
0.01819
0.0181848
0.0181798
0.0181754
0.0181713
0.0181655
0.0181605
0.0181569
0.0181518
0.018147
0.0181415
0.0181382
0.0181332
0.0181277
0.0181236
0.0181183
0.0181143
0.0181087
0.0181035
0.0181001
0.0180949
0.01809
0.018085
0.0180814
0.0180763
0.0180707
0.0180665
0.0180612
0.0180577
0.0180519
0.0180461
0.0180435
0.018038
0.0180345
0.018029
0.018025
0.0181771
0.018172
0.0181686
0.0181632
0.0181587
0.0181531
0.0181506
0.0181449
0.018139
0.0181357
0.0181292
0.0181259
0.0181209
0.0181152
0.0181112
0.0181058
0.0182596
0.0182539
0.0182484
0.0182453
0.0182402
0.0182354
0.0182303
0.018227
0.0182218
0.0182162
0.0182124
0.0182068
0.0182032
0.0181974
0.0181924
0.0181888
0.0181839
0.0181795
0.018174
0.0181708
0.0181656
0.0181597
0.0181563
0.0181499
0.0181468
0.0181417
0.0181361
0.0181325
0.018127
0.0181232
0.0181176
0.0181124
0.0181091
0.0181042
0.0180996
0.0180943
0.0180915
0.018086
0.0180803
0.0180759
0.0180709
0.0180675
0.0180624
0.018057
0.0180532
0.0180478
0.0180439
0.0180385
0.0180335
0.0180295
0.0180241
0.0180207
0.018015
0.01801
0.0180065
0.0180017
0.0179971
0.0179918
0.0179892
0.0181394
0.018134
0.0181296
0.0181244
0.018121
0.0181161
0.0181101
0.018107
0.0181006
0.0180973
0.0180926
0.0180871
0.0180834
0.0180781
0.0180743
0.0180688
0.0180638
0.01806
0.0180548
0.0180511
0.0180454
0.0180405
0.0180373
0.0180312
0.018028
0.0180222
0.0180174
0.0180139
0.0180089
0.0180045
0.0179992
0.0179939
0.0179911
0.0179858
0.0179814
0.017976
0.0179706
0.0179678
0.0179624
0.0179585
0.017953
0.0179505
0.0179448
0.0179395
0.0179352
0.0179298
0.0179273
0.0179218
0.0179165
0.0179122
0.0179068
0.0180588
0.0180535
0.018048
0.0180437
0.0180384
0.0180355
0.0181847
0.0181795
0.018175
0.0181698
0.0181668
0.0181617
0.0181563
0.0181519
0.0181466
0.018144
0.0181388
0.0181334
0.0181289
0.0181237
0.0181209
0.0181157
0.0181104
0.018106
0.0181007
0.0180982
0.0180925
0.0180874
0.018083
0.0180778
0.0180722
0.0180698
0.0180645
0.0180601
0.0180547
0.0180495
0.0180466
0.0180418
0.0180374
0.0180319
0.0180271
0.0180238
0.018019
0.0180147
0.0180091
0.0180041
0.0180004
0.0179954
0.0179917
0.0179862
0.0179815
0.0179778
0.0179727
0.0179691
0.0179641
0.0179588
0.017955
0.0179502
0.0179464
0.0179415
0.0179359
0.0179318
0.017927
0.0179237
0.0179189
0.0179138
0.0179093
0.0179042
0.0178984
0.0178963
0.0178912
0.0178868
0.0178813
0.0178767
0.0178735
0.0178677
0.0178643
0.017859
0.0178545
0.0178506
0.0178455
0.0178421
0.0178372
0.0178314
0.0178283
0.0178225
0.0178194
0.0178146
0.0178095
0.017805
0.0178001
0.0177945
0.0177922
0.0177872
0.0177829
0.0177777
0.0177729
0.0177699
0.0177642
0.0179128
0.0179077
0.017903
0.0178992
0.0178945
0.0178903
0.0178856
0.0178803
0.0178762
0.0178711
0.0178658
0.0178634
0.0178584
0.0178542
0.0178488
0.017844
0.0178404
0.0178354
0.0178317
0.0178272
0.0178217
0.0179336
0.0179275
0.0179219
0.0179161
0.0179099
0.017904
0.017898
0.0178923
0.017887
0.0178807
0.0178754
0.0178695
0.0178634
0.0178578
0.0178518
0.0178464
0.0178407
0.0178346
0.0178288
0.0178227
0.017817
0.0178115
0.0178054
0.0177999
0.0177941
0.0177882
0.0177826
0.0177765
0.0177712
0.0177653
0.0177591
0.0177534
0.0177475
0.0177419
0.0177361
0.0178814
0.0178759
0.01787
0.0178639
0.0178582
0.0178521
0.0178456
0.0178413
0.0178353
0.0178296
0.0178233
0.0178176
0.0178121
0.0178065
0.0178009
0.0177953
0.0177892
0.0177832
0.0177773
0.0177715
0.0177658
0.0177601
0.0177549
0.0177488
0.0177426
0.0177372
0.0177311
0.0177252
0.01772
0.0177138
0.0177087
0.0177026
0.017697
0.0176915
0.0176856
0.0176803
0.0176742
0.0176684
0.0176629
0.0176566
0.0176509
0.0176457
0.0176393
0.0176345
0.0176288
0.0176224
0.0176169
0.0176108
0.0176056
0.0176001
0.0177439
0.0177382
0.0177329
0.017727
0.0177211
0.0177149
0.0177096
0.017704
0.0176981
0.0176926
0.0176871
0.0176814
0.0176755
0.0176691
0.0176637
0.0176584
0.0176526
0.017647
0.0176416
0.0176357
0.0176297
0.0176237
0.0176183
0.0176128
0.017607
0.0176016
0.0175961
0.0175901
0.0175843
0.0175785
0.0177221
0.0177165
0.0177108
0.0177054
0.0176997
0.0176935
0.0176879
0.017682
0.0176763
0.0176712
0.0176651
0.01766
0.017654
0.0176482
0.0176429
0.0176366
0.0176313
0.0176259
0.0176198
0.0176151
0.0176089
0.0176026
0.0175974
0.0175918
0.0175859
0.0175802
0.0175747
0.0175685
0.0175634
0.0175576
0.0177006
0.0176953
0.0176893
0.0176834
0.0176776
0.0176723
0.0176665
0.0176613
0.0176555
0.0176497
0.0176439
0.0176387
0.0176325
0.017627
0.017621
0.0176152
0.0176095
0.0176043
0.0175986
0.0175933
0.0175879
0.0175818
0.0175762
0.0175703
0.0175651
0.0175593
0.0175533
0.0175485
0.0175427
0.0176849
0.0176794
0.0176737
0.0178155
0.0178098
0.0178041
0.0177985
0.0177928
0.0177874
0.0177818
0.0177763
0.0177703
0.0177652
0.0177588
0.0177534
0.0177482
0.017742
0.0177361
0.017731
0.0177251
0.0177196
0.0177143
0.0177085
0.017703
0.0176967
0.0176913
0.017686
0.0176803
0.017674
0.017669
0.0176635
0.0176581
0.0176527
0.0176468
0.0176411
0.0176349
0.0176296
0.0176244
0.0176187
0.0176124
0.0176076
0.0176017
0.0175962
0.0175909
0.0175847
0.0175799
0.0175735
0.0175682
0.0175625
0.0175568
0.0175512
0.0175456
0.0175404
0.0175352
0.0175295
0.0175236
0.0175182
0.0175127
0.0175069
0.0175012
0.0174954
0.0174901
0.0174847
0.0174789
0.0174742
0.0174683
0.0174623
0.0174572
0.0174518
0.0174459
0.0174401
0.0174344
0.017429
0.0174238
0.0174176
0.017412
0.0174065
0.0174014
0.0173962
0.0173905
0.017385
0.0173793
0.0173742
0.0173681
0.0173629
0.017357
0.0173514
0.0173461
0.0173407
0.0173346
0.01733
0.0173241
0.0173188
0.0173134
0.0173077
0.0173023
0.0172969
0.0172909
0.0172858
0.0172796
0.0172744
0.0172691
0.0172632
0.0172577
0.0172529
0.0172471
0.0172418
0.0172365
0.0172307
0.0172253
0.0172201
0.0172143
0.0172086
0.0172029
0.0171977
0.0171922
0.0171865
0.017181
0.0171759
0.0171701
0.0171657
0.0171595
0.017154
0.0171486
0.0171436
0.0171376
0.0171323
0.0171269
0.0171209
0.0171158
0.01711
0.0171046
0.0170995
0.0170937
0.0170882
0.0170831
0.0170782
0.0170728
0.0170668
0.0170613
0.0170559
0.0170506
0.0170451
0.0170398
0.0170345
0.0170285
0.0170233
0.0170174
0.0170124
0.0170071
0.0170016
0.016996
0.0169907
0.0169855
0.0169792
0.0169747
0.0169694
0.016964
0.0169585
0.0169526
0.0169476
0.0169426
0.0169365
0.0169317
0.0169261
0.0169202
0.0169153
0.0169094
0.0169043
0.0168989
0.0168934
0.0168879
0.0168828
0.0168775
0.0168715
0.016867
0.0168613
0.0168562
0.0168508
0.016845
0.0168398
0.0168345
0.016829
0.0168235
0.0168186
0.016813
0.0168078
0.0168019
0.0167966
0.0167917
0.0167856
0.0167806
0.0167753
0.0167698
0.0167644
0.0167594
0.0167542
0.0167482
0.0167432
0.0167381
0.0167331
0.0167273
0.0167218
0.0167169
0.0167117
0.0167056
0.0167006
0.0166957
0.0166898
0.0166849
0.0168229
0.0168174
0.0168121
0.0168064
0.016801
0.0167961
0.0167904
0.0167851
0.01678
0.0167742
0.0167693
0.0167641
0.0167584
0.0167531
0.0167478
0.0167428
0.0167368
0.0167319
0.0167269
0.016722
0.0167158
0.0167109
0.0167056
0.0167003
0.0166947
0.0166895
0.0166844
0.0166789
0.0166736
0.0166687
0.016663
0.0166577
0.0166528
0.016647
0.0166421
0.0166366
0.0166311
0.0166258
0.0166203
0.0166149
0.0166103
0.0166045
0.0165994
0.0165941
0.0165884
0.0165835
0.0165783
0.0165727
0.0165677
0.016563
0.0165579
0.0165536
0.0165505
0.0165455
0.0165415
0.0165383
0.016534
0.0165292
0.0165263
0.0165216
0.0165198
0.0165148
0.0165101
0.016507
0.0165023
0.0164979
0.0164948
0.0164902
0.0164856
0.0164827
0.0164786
0.0164733
0.0164707
0.0164668
0.0164614
0.0164584
0.0164545
0.0164503
0.0164463
0.0164424
0.0164379
0.0164343
0.0164306
0.016426
0.0164224
0.0164185
0.0164139
0.0164101
0.0164064
0.0164016
0.0163984
0.0163944
0.0163897
0.0163863
0.0163825
0.0163779
0.0163745
0.0165119
0.0165074
0.016504
0.0164997
0.0164954
0.0164918
0.0164877
0.0164834
0.0164797
0.0164754
0.0164713
0.0164677
0.0164634
0.0164592
0.0164557
0.0164514
0.0164471
0.0164437
0.0164393
0.0164351
0.0164317
0.0164274
0.0164233
0.0164199
0.0164155
0.0164114
0.016408
0.0164036
0.0163993
0.0164425
0.0164372
0.016432
0.0164268
0.0164216
0.0164164
0.0164113
0.016406
0.0164008
0.0163959
0.0163904
0.0163854
0.0163804
0.0163752
0.0163699
0.0165055
0.0165004
0.016495
0.01649
0.0164849
0.0164795
0.0166148
0.0166097
0.0166041
0.016599
0.0165939
0.0165884
0.0165836
0.0165786
0.0165728
0.0165678
0.0165628
0.0165573
0.0165524
0.0165473
0.016542
0.0165367
0.0165319
0.0166666
0.0166613
0.0166563
0.0166505
0.0166457
0.0167807
0.0167751
0.0167702
0.0167652
0.0167595
0.0167546
0.0167494
0.016744
0.0167391
0.0167336
0.0167286
0.0168634
0.016858
0.0168527
0.0168481
0.0168417
0.0168367
0.0168312
0.0168264
0.0168214
0.0168158
0.0168109
0.0168055
0.0168003
0.0167953
0.01679
0.0167847
0.0167798
0.0167742
0.0167692
0.0167641
0.0167584
0.0167536
0.0167488
0.0167431
0.0167381
0.0167331
0.0167274
0.0167223
0.0167177
0.0167125
0.0167072
0.016702
0.0166971
0.0166914
0.0166864
0.0166817
0.0166761
0.016671
0.0166659
0.0166605
0.0166558
0.0166505
0.016645
0.0166402
0.0166345
0.0166297
0.0166252
0.016619
0.016614
0.0167475
0.0167427
0.0167375
0.0167322
0.0167272
0.0167218
0.0167168
0.0167117
0.0167063
0.0167013
0.0166965
0.0166908
0.0166857
0.0166808
0.0166759
0.0168092
0.0168041
0.0167991
0.0167934
0.0167884
0.0167837
0.0167784
0.016773
0.0167682
0.0167629
0.0167578
0.0167522
0.0167474
0.016741
0.0167366
0.0167318
0.0167262
0.0167214
0.0167161
0.016711
0.016706
0.0167006
0.0166957
0.016691
0.0166854
0.0166801
0.0166755
0.0166705
0.0166651
0.0166598
0.0166551
0.0166497
0.0166446
0.0166399
0.0166343
0.0166298
0.0166252
0.0166211
0.0166157
0.0166134
0.0166092
0.0166047
0.0166018
0.016597
0.0165932
0.0165899
0.0165854
0.0165815
0.0165783
0.0165744
0.0165701
0.0165669
0.0165631
0.0165586
0.0165551
0.0165516
0.0165466
0.0165438
0.0165395
0.0165355
0.0165302
0.0165276
0.0165229
0.0165189
0.0165164
0.0165112
0.0165078
0.0165045
0.0164999
0.016496
0.016493
0.0164891
0.0164846
0.0164813
0.0164775
0.0164728
0.01647
0.0164655
0.0164614
0.0164564
0.0164538
0.0164492
0.0164454
0.0164428
0.0164376
0.0164343
0.0164307
0.0164264
0.0164227
0.0164195
0.0164155
0.0164112
0.0164077
0.0164042
0.0163993
0.0163969
0.0163926
0.0163876
0.0163835
0.0163807
0.016376
0.0163724
0.0163689
0.0163645
0.0163607
0.0163578
0.016354
0.0163496
0.0163461
0.0163428
0.0163379
0.016335
0.016331
0.016326
0.016322
0.0163193
0.0163145
0.0163109
0.0163075
0.0163032
0.0163357
0.016331
0.0163261
0.0163207
0.0163159
0.0163109
0.0163056
0.0163012
0.0162953
0.0162908
0.0162854
0.0162808
0.0162755
0.0162706
0.0162657
0.0162604
0.0162557
0.016251
0.016246
0.0162404
0.0162358
0.0162305
0.0162259
0.0162203
0.0162159
0.0162104
0.0162057
0.0162009
0.0161955
0.0161907
0.0161861
0.0161822
0.0161779
0.0161744
0.0161711
0.0161663
0.016164
0.0161591
0.0161545
0.0161509
0.0161475
0.0161432
0.0161394
0.0161367
0.0161328
0.0161287
0.0161253
0.0161217
0.016117
0.0161147
0.0161099
0.016106
0.0161018
0.0160982
0.0160941
0.0160903
0.0160876
0.0160838
0.0160795
0.0160761
0.0160727
0.0160682
0.016066
0.0160608
0.0160565
0.0160527
0.0160495
0.0160452
0.0160417
0.0160389
0.0160352
0.016031
0.0160275
0.0160232
0.0160195
0.0160149
0.0160123
0.0160076
0.0160044
0.0160009
0.0159968
0.0159932
0.0159897
0.0159864
0.0159817
0.0159791
0.0159752
0.0159707
0.0159666
0.015963
0.015959
0.0159552
0.0159525
0.0159489
0.0159448
0.0159414
0.0159373
0.0159335
0.0159287
0.0159262
0.0159218
0.0159184
0.015915
0.0159113
0.0159073
0.0159038
0.0159007
0.015896
0.0158936
0.015889
0.0158845
0.0158809
0.0158779
0.0158738
0.0158701
0.0160012
0.0159976
0.0159926
0.0159901
0.0159866
0.0159819
0.0159779
0.0159745
0.0159705
0.0159668
0.0159641
0.0159603
0.0159552
0.0159531
0.0159491
0.0159444
0.0159407
0.0159382
0.0159332
0.0159295
0.0159268
0.0159231
0.0159192
0.0159158
0.0159119
0.0159073
0.0159034
0.0159011
0.0158962
0.0158924
0.0158898
0.0158861
0.0158821
0.0158789
0.0158749
0.0158703
0.0158666
0.0158643
0.0158593
0.0158556
0.015853
0.0158492
0.0158442
0.015842
0.0158383
0.0158337
0.0158298
0.0158266
0.0158226
0.015819
0.015816
0.0158125
0.0158079
0.0158055
0.0158008
0.0157967
0.0157931
0.0157898
0.0157857
0.0157825
0.0157791
0.015776
0.0159042
0.0159023
0.0158974
0.0158927
0.0158898
0.0158862
0.0158828
0.0158789
0.0158757
0.015872
0.0158679
0.0158634
0.015861
0.0158561
0.0158529
0.0158499
0.0158464
0.0158413
0.0158392
0.0158354
0.0158311
0.0158271
0.0158238
0.0158197
0.0158164
0.0158129
0.0158099
0.0158053
0.0158004
0.0157986
0.015794
0.0157907
0.0157874
0.015784
0.01578
0.0157769
0.015773
0.0157686
0.0157648
0.0157616
0.0157576
0.0157544
0.015751
0.0157479
0.015743
0.0157382
0.0157365
0.0157319
0.0157288
0.0157256
0.0157223
0.0157179
0.0157151
0.0157113
0.015707
0.0157031
0.0157
0.0156958
0.0156924
0.0156892
0.0156859
0.0156815
0.0156772
0.015675
0.0156703
0.0156668
0.0156839
0.0156795
0.015674
0.0156699
0.0156646
0.0156597
0.015655
0.0156503
0.015646
0.015641
0.0156363
0.0156314
0.0156266
0.0156217
0.0156171
0.0156121
0.0156076
0.015603
0.015599
0.0155949
0.0155907
0.0155884
0.0155837
0.0155804
0.0155774
0.0155739
0.0155694
0.0155676
0.015563
0.0155582
0.0155548
0.015552
0.0155489
0.0155439
0.0155418
0.0155376
0.0155334
0.0156614
0.0156579
0.0156548
0.0156508
0.0156477
0.0156442
0.0156398
0.0156359
0.0157643
0.0157605
0.0157565
0.0157534
0.0158446
0.01584
0.0158353
0.0158304
0.0158255
0.0158211
0.0158165
0.0158114
0.0158069
0.0158019
0.0157974
0.0157921
0.0157881
0.0157831
0.0157783
0.0157736
0.0157686
0.0157645
0.0157592
0.0157548
0.01575
0.015745
0.0157403
0.0157352
0.0157313
0.015726
0.0157216
0.0157168
0.0157124
0.0157074
0.0157021
0.015698
0.0156927
0.0156884
0.0156838
0.0156792
0.0156743
0.015669
0.0157955
0.0157901
0.0157858
0.0157812
0.0157766
0.0157717
0.0157665
0.0157626
0.0157572
0.0157529
0.0157481
0.0157433
0.0157385
0.0157337
0.0157297
0.015724
0.0157199
0.0157151
0.0157105
0.0157057
0.0157007
0.0156961
0.0156913
0.015687
0.0156824
0.0156772
0.0156724
0.015668
0.0156633
0.0156584
0.0156537
0.0156493
0.0156444
0.01564
0.0156351
0.0156307
0.0156261
0.0156214
0.0156166
0.015612
0.015607
0.0156022
0.0155975
0.0157231
0.0157176
0.0157136
0.0157093
0.0157049
0.0157017
0.0156985
0.0156955
0.0156907
0.015689
0.0156843
0.0156799
0.0156766
0.0156739
0.0156704
0.0156661
0.015662
0.01566
0.0157844
0.0157815
0.0157784
0.0157748
0.0157702
0.0157668
0.0157635
0.0157601
0.0157566
0.0157534
0.0157501
0.0157454
0.015742
0.0157388
0.0157356
0.0158601
0.0158581
0.0158541
0.0158495
0.0158461
0.0158435
0.0158402
0.0158356
0.0158314
0.0158295
0.0158246
0.0158218
0.0158185
0.0158146
0.0158103
0.0158069
0.0158042
0.0158006
0.015797
0.0157938
0.0157899
0.0157857
0.0157823
0.0157793
0.0157759
0.0157713
0.0157669
0.0157652
0.0157605
0.0157577
0.0157543
0.0157512
0.0157464
0.015743
0.0157401
0.0157368
0.0157331
0.01573
0.0157261
0.0157214
0.0157185
0.0157155
0.0157124
0.0157079
0.0157036
0.0157018
0.0156972
0.0156941
0.015691
0.0156873
0.0156831
0.0156795
0.0156763
0.0156735
0.0156686
0.0156995
0.0156945
0.0156896
0.015685
0.0156808
0.0156763
0.0156712
0.0156665
0.015662
0.0156572
0.0156528
0.0156483
0.0156435
0.0156388
0.0156342
0.0156298
0.0156253
0.0156205
0.0156155
0.0156116
0.0156062
0.0156022
0.0155974
0.015593
0.015588
0.0155835
0.0155788
0.0155748
0.0155696
0.0155644
0.0155612
0.0155568
0.0155536
0.0155507
0.015547
0.015543
0.0155393
0.0155364
0.0155333
0.0155289
0.0155272
0.0155228
0.0155182
0.0155153
0.0155125
0.0155087
0.0155048
0.0156096
0.0156052
0.015601
0.0155961
0.0155923
0.015587
0.0155819
0.0155777
0.0155734
0.0155685
0.015564
0.0155593
0.015555
0.0155507
0.0155456
0.0155404
0.0155367
0.0155317
0.0155274
0.0155228
0.0155184
0.0155135
0.0155089
0.0155047
0.0155002
0.0154953
0.0154903
0.015486
0.0154812
0.0154768
0.0154726
0.0154679
0.0154634
0.0154586
0.0154544
0.0154499
0.0154452
0.0154404
0.0154361
0.0154316
0.0154271
0.0154225
0.0154179
0.0154128
0.0154086
0.0154042
0.0153996
0.0153947
0.0153905
0.015386
0.0153818
0.0153769
0.0153715
0.0153682
0.0153629
0.0153589
0.0153546
0.0153498
0.0153453
0.0153406
0.0153364
0.0153317
0.0153271
0.0153223
0.0153182
0.0153139
0.0153091
0.0153049
0.0153
0.015295
0.015291
0.0152866
0.0152818
0.0152774
0.0152726
0.0152682
0.0152642
0.0152593
0.0152544
0.0152503
0.0152456
0.0152413
0.0152371
0.0152323
0.0152273
0.0152233
0.015219
0.0152141
0.0152098
0.0152051
0.0152007
0.0151966
0.0151917
0.015187
0.0151827
0.0151782
0.0151739
0.0151696
0.0151652
0.015161
0.0151582
0.0151553
0.0151517
0.0151477
0.0151442
0.0151415
0.0151384
0.0151342
0.0151303
0.0151278
0.0151247
0.01512
0.0151187
0.0151144
0.0151103
0.0151073
0.0151045
0.0151012
0.0150968
0.0150933
0.0150911
0.0150874
0.0150831
0.0150799
0.0150771
0.0150743
0.0150698
0.0150658
0.0150633
0.0150598
0.0150568
0.0150542
0.0150504
0.0150461
0.0150432
0.0150405
0.0150372
0.0150327
0.0150295
0.0150272
0.0150239
0.0150197
0.015016
0.015013
0.0150103
0.0150061
0.015002
0.0149993
0.0149961
0.014993
0.0149906
0.0149867
0.0149824
0.0149794
0.014977
0.0149736
0.0149692
0.0149657
0.0149635
0.01496
0.0149558
0.0149523
0.0149499
0.0149468
0.0149425
0.0149388
0.0149361
0.0149331
0.01493
0.0149274
0.0149234
0.014919
0.0149161
0.0149134
0.0149099
0.0149056
0.0149026
0.0149003
0.0148968
0.0148925
0.0148893
0.0148866
0.0148838
0.014879
0.014876
0.0148731
0.0148704
0.0148658
0.0148624
0.0148597
0.0148568
0.0148525
0.0148513
0.0148471
0.0148428
0.0148398
0.0148372
0.0148336
0.0148293
0.0148265
0.0148237
0.0148207
0.014816
0.0148129
0.0148104
0.0148069
0.0148032
0.0148
0.0147974
0.0147942
0.0147903
0.0147866
0.0147839
0.0147811
0.0147767
0.0147732
0.0147705
0.0147675
0.0147632
0.0147592
0.0147575
0.0147539
0.014751
0.0147485
0.0147445
0.0147405
0.0147374
0.0147351
0.0147314
0.0147271
0.0147243
0.0147219
0.0147186
0.0147141
0.0147108
0.0147085
0.014705
0.0147016
0.014698
0.0146953
0.0146921
0.014688
0.0146845
0.0146822
0.0146793
0.0146754
0.0146714
0.014669
0.0146662
0.0146619
0.0146583
0.0146557
0.0146529
0.0146487
0.0146447
0.0146426
0.0146397
0.0146359
0.0146344
0.0146303
0.014626
0.0146232
0.0146208
0.014617
0.0146129
0.0146101
0.0146077
0.0146038
0.0145997
0.014597
0.0145944
0.0145907
0.0145867
0.0145838
0.0145816
0.0145783
0.014574
0.0145707
0.0145684
0.0145651
0.0145609
0.0145575
0.0145553
0.0145517
0.0145484
0.0145448
0.0145426
0.0145391
0.014535
0.0145318
0.0145295
0.0145264
0.0145221
0.0145187
0.0145165
0.0145136
0.0145096
0.0145063
0.0145034
0.0145007
0.0144965
0.0144929
0.0144904
0.0144877
0.0144836
0.0144801
0.0144774
0.0144747
0.0144705
0.0144668
0.0144645
0.0144618
0.0144576
0.0144541
0.0144515
0.0144488
0.0144449
0.0144413
0.0144387
0.0144359
0.0144319
0.0144282
0.0144259
0.0144232
0.0144239
0.0144193
0.0144153
0.0144114
0.0144067
0.0144024
0.0144
0.0143973
0.0143932
0.0143894
0.0143872
0.0143845
0.0143803
0.0143765
0.0143744
0.0143718
0.0143675
0.0143636
0.0143614
0.0143589
0.0143546
0.0143507
0.0143495
0.014346
0.0143425
0.0143379
0.0143359
0.0143334
0.0143292
0.0143253
0.0143232
0.0143207
0.0143164
0.0143127
0.0143107
0.014308
0.0143037
0.0143002
0.014298
0.0142953
0.0142913
0.0142875
0.0142853
0.0142827
0.0142787
0.014275
0.0142727
0.0142701
0.014266
0.0142625
0.01426
0.0142574
0.0142534
0.0142498
0.0142475
0.0142449
0.0142408
0.0142372
0.0142347
0.0142322
0.0142282
0.0142246
0.0142224
0.0143411
0.0143371
0.0143336
0.014331
0.0143285
0.0143245
0.0143209
0.0143184
0.014316
0.0143117
0.0143088
0.0143059
0.0143033
0.0142986
0.0142958
0.0142934
0.0142905
0.014286
0.0142831
0.0142809
0.0142776
0.0142738
0.0142707
0.0142683
0.0142651
0.014261
0.0142578
0.0142555
0.0142527
0.0142484
0.0142454
0.0142431
0.0142401
0.0142357
0.0142328
0.0142303
0.014227
0.0142229
0.0142205
0.014218
0.0142146
0.0142105
0.0142078
0.0142056
0.0142023
0.0141981
0.0141954
0.0143141
0.0143104
0.0143065
0.0143039
0.0142999
0.0142971
0.0142944
0.0142905
0.0142869
0.0142847
0.0142822
0.0142779
0.0142745
0.0142722
0.0142696
0.0142655
0.0142623
0.0142598
0.0142572
0.0142527
0.0142496
0.0142475
0.0142442
0.0142403
0.0142373
0.0142348
0.0142318
0.014228
0.0142246
0.0142224
0.0142196
0.0142151
0.0142125
0.0142099
0.0142066
0.0142026
0.0142001
0.0141978
0.0141942
0.0141904
0.0141878
0.0141857
0.0141817
0.0141785
0.0141746
0.0141709
0.0141688
0.0141664
0.0141622
0.0141588
0.0142549
0.0142512
0.0142473
0.0142431
0.0142396
0.0142355
0.0142316
0.0142278
0.014224
0.0142205
0.0142162
0.0142124
0.014209
0.0142048
0.0142004
0.0141971
0.0141937
0.0141895
0.0141852
0.0141819
0.0141785
0.0141745
0.0141705
0.0141662
0.0141619
0.0141585
0.0141551
0.0141509
0.0141469
0.0141432
0.0141396
0.0142248
0.014221
0.0142167
0.0142125
0.0142084
0.0142041
0.0142002
0.0141963
0.0141917
0.0141878
0.0141836
0.0141795
0.0141749
0.0141714
0.0141677
0.0141634
0.0141589
0.0141546
0.0141501
0.0141464
0.0141427
0.0141379
0.014134
0.0141301
0.014126
0.0141214
0.0141172
0.0141134
0.0141093
0.014105
0.0141009
0.0140969
0.0140928
0.0142074
0.0142038
0.0142001
0.0141957
0.0141913
0.0141869
0.0141826
0.0141787
0.0141751
0.0141705
0.0141664
0.0141624
0.0141585
0.0141539
0.0141499
0.0142649
0.0142609
0.0142564
0.0142525
0.0142485
0.0142444
0.0142397
0.014236
0.0142325
0.0142274
0.0142239
0.0142193
0.0142149
0.0142111
0.0142075
0.0142026
0.0141987
0.0141948
0.0141907
0.0141865
0.0141824
0.0141786
0.0141742
0.0141698
0.0141659
0.0141622
0.014158
0.0141537
0.0141493
0.0141451
0.0141415
0.0141376
0.0141331
0.0141287
0.0141251
0.0141208
0.0141168
0.0141123
0.0141088
0.0141046
0.0141
0.0140961
0.0140924
0.0140884
0.0140839
0.0140797
0.0140756
0.0140719
0.0140681
0.0141819
0.0141776
0.0141739
0.0141696
0.0141655
0.0141613
0.0141574
0.0141535
0.0141487
0.0141451
0.0141414
0.0141374
0.0141332
0.0141286
0.0141242
0.0141205
0.0141167
0.0141121
0.0141082
0.0141044
0.0141003
0.0140959
0.0140921
0.0140882
0.014084
0.0140795
0.0140759
0.014071
0.0140675
0.0140638
0.0140591
0.0140553
0.0140513
0.0140472
0.0140432
0.014039
0.0140349
0.0140311
0.0140265
0.0140229
0.0140193
0.0140145
0.0140109
0.0140064
0.0140024
0.0139986
0.0139945
0.0139902
0.0139862
0.0139822
0.0139786
0.0139738
0.0139701
0.0139663
0.0139624
0.0140757
0.0140714
0.0140671
0.0140632
0.0140595
0.014055
0.0140512
0.0140471
0.0140432
0.0140389
0.0140352
0.0140313
0.0140272
0.014023
0.0140186
0.0140144
0.0140105
0.0140069
0.0140023
0.0139987
0.0139945
0.0139906
0.0139863
0.0139827
0.0139785
0.0139745
0.0139706
0.0139662
0.0139619
0.0139582
0.0139543
0.0139501
0.013946
0.0139421
0.0139385
0.0139336
0.01393
0.0139263
0.0139225
0.0139183
0.0139138
0.0139098
0.0139059
0.0139017
0.013898
0.0138938
0.01389
0.013886
0.0138814
0.0138779
0.0138747
0.0138698
0.0138661
0.0138617
0.0138578
0.0139707
0.0139663
0.0139625
0.0139584
0.0139545
0.0139506
0.013946
0.0139418
0.013938
0.0139343
0.0139307
0.0139263
0.0139223
0.0139183
0.0139143
0.0139098
0.0139064
0.0139026
0.0138988
0.0138946
0.0138899
0.0138862
0.0138823
0.0138782
0.0138744
0.0138702
0.0138661
0.0138625
0.0138578
0.0138546
0.0138499
0.0138463
0.0138428
0.0138382
0.0138342
0.0138304
0.0138265
0.0138219
0.0138183
0.0138147
0.0138102
0.0138069
0.0138022
0.0137985
0.0137945
0.0137905
0.0137866
0.0137826
0.0137788
0.0137747
0.0137704
0.0137665
0.0137624
0.0137587
0.0137549
0.0137507
0.0137468
0.0137429
0.0137391
0.0137346
0.0137311
0.0137263
0.013723
0.0137194
0.0137151
0.0137112
0.0137072
0.0137032
0.0136988
0.0136954
0.0136918
0.0138029
0.0137996
0.0137953
0.0137913
0.0137872
0.0137833
0.0137793
0.0137755
0.0137717
0.0137678
0.0137638
0.0137593
0.0137556
0.0137519
0.0137477
0.0137438
0.0137398
0.0137359
0.0137321
0.0137277
0.0137237
0.01372
0.0137163
0.0137123
0.0137081
0.0137041
0.0137004
0.0136967
0.0136922
0.013688
0.0136843
0.0136806
0.0136768
0.0136728
0.0136689
0.0136649
0.0136611
0.0136569
0.0136525
0.013649
0.0136449
0.0136417
0.0136375
0.0136335
0.0136297
0.0136257
0.0136214
0.013618
0.0136135
0.0136095
0.0136062
0.013602
0.0135981
0.0135944
0.0135905
0.013586
0.0135828
0.0135783
0.0135743
0.013571
0.0135668
0.013563
0.0135592
0.0135551
0.0135509
0.0135466
0.0135431
0.0135393
0.0135358
0.0135315
0.0135276
0.0135238
0.0135202
0.0135156
0.0136265
0.0136228
0.0136192
0.0136154
0.013611
0.0136072
0.0136035
0.0135999
0.0135955
0.0135915
0.0135875
0.0135837
0.01358
0.0135761
0.0135725
0.0135684
0.0135647
0.0135607
0.0135563
0.0135527
0.0135489
0.0135447
0.013541
0.0135372
0.0135336
0.0135298
0.0135258
0.0135214
0.0135176
0.0135139
0.0135101
0.0135057
0.0135021
0.0134988
0.0134942
0.0134909
0.0134863
0.0134828
0.0134789
0.013475
0.0134707
0.0134674
0.0134629
0.0134591
0.013456
0.0134518
0.0134476
0.0134439
0.0134403
0.013436
0.0134322
0.0134284
0.0134245
0.0134208
0.013417
0.013413
0.0134093
0.0134056
0.0134017
0.0133973
0.0133935
0.0133899
0.0133861
0.0133818
0.0133784
0.0133751
0.0133703
0.0133672
0.0133628
0.0133589
0.0133553
0.0133515
0.0133472
0.0133432
0.0133396
0.0133359
0.013332
0.0133282
0.0133247
0.0133207
0.013317
0.0133132
0.0133088
0.013305
0.0133014
0.0132976
0.0132933
0.0132902
0.0132853
0.0132821
0.0132787
0.0132744
0.0132707
0.0132669
0.0132633
0.0132589
0.0132552
0.0132515
0.0132477
0.0132439
0.0132399
0.0132363
0.0132327
0.0132286
0.0133385
0.0133343
0.0133307
0.0133266
0.0133229
0.0133187
0.0133154
0.013311
0.0133075
0.0133035
0.0132998
0.0132962
0.0132924
0.0132889
0.013285
0.0132807
0.0132768
0.0132729
0.0132695
0.0132651
0.0132619
0.0132575
0.0132539
0.0132502
0.0132463
0.0132425
0.0132387
0.0132351
0.0132316
0.0132272
0.0132233
0.01322
0.013216
0.0132117
0.0133215
0.0133171
0.0133142
0.0133115
0.0133082
0.0133045
0.0133019
0.0134077
0.013404
0.0133998
0.0133959
0.0133922
0.0133886
0.0133842
0.0133809
0.0133766
0.0133731
0.0133696
0.0133656
0.0133618
0.013358
0.0133545
0.0133505
0.0133463
0.0133427
0.0133387
0.0133352
0.0133308
0.0133269
0.0133234
0.0133197
0.013316
0.013312
0.0133083
0.0133049
0.0133007
0.0132974
0.0134056
0.0134016
0.0133982
0.0133945
0.0133902
0.0133864
0.0133827
0.0133792
0.0133753
0.0133713
0.0133675
0.0133631
0.01336
0.0133566
0.0133525
0.0133486
0.0133449
0.0133414
0.0133375
0.0133333
0.0133297
0.013326
0.0133221
0.0133178
0.013314
0.0133104
0.0133069
0.0133032
0.0132992
0.0132957
0.0132922
0.013288
0.0132845
0.0132803
0.0132764
0.0132729
0.0132692
0.0132656
0.0132613
0.0132576
0.0132537
0.0132501
0.0132462
0.0132429
0.0132387
0.0132349
0.0132313
0.0132273
0.0132239
0.0132203
0.0132162
0.0132127
0.0132085
0.0132048
0.0132013
0.0131976
0.0131941
0.0131899
0.013186
0.0131824
0.0131788
0.0131745
0.0131707
0.0131672
0.0131637
0.0131596
0.0131558
0.0131523
0.0131478
0.0131447
0.0131412
0.0131371
0.0131335
0.0131299
0.0131266
0.0131225
0.0131186
0.0131149
0.0132226
0.0132189
0.0132148
0.0132111
0.0132074
0.0133154
0.0133116
0.0133075
0.0133042
0.0132999
0.0132962
0.0132928
0.0132889
0.0132853
0.0132819
0.0132777
0.0132743
0.0132703
0.0132664
0.0132629
0.0132594
0.0132553
0.0132513
0.0132477
0.0132441
0.0132403
0.0132365
0.0133437
0.0133398
0.0133362
0.0133325
0.0133284
0.0133245
0.0133213
0.0133178
