0.989099
0.979392
0.969874
0.960539
0.951381
0.942397
0.93358
0.924926
0.916431
0.908091
0.899901
0.891857
0.883956
0.876193
0.868566
0.861069
0.853701
0.846458
0.839336
0.832334
0.825447
0.818672
0.812009
0.805452
0.799
0.792651
0.786402
0.78025
0.774194
0.768231
0.762359
0.756576
0.75088
0.745269
0.739741
0.734294
0.728927
0.723638
0.718425
0.713286
0.70822
0.703226
0.698301
0.693445
0.688655
0.683932
0.679273
0.674676
0.670141
0.665667
0.661252
0.656895
0.652595
0.648351
0.644162
0.640026
0.635943
0.631912
0.627931
0.624
0.620118
0.616284
0.612497
0.608756
0.605061
0.60141
0.597803
0.594238
0.590716
0.587236
0.583796
0.580396
0.577035
0.573713
0.570429
0.567182
0.563972
0.560798
0.55766
0.554556
0.551486
0.548451
0.545448
0.542479
0.539541
0.536635
0.53376
0.530915
0.528101
0.525316
0.52256
0.519834
0.517135
0.514464
0.511821
0.509204
0.506615
0.504051
0.501513
0.499
0.496513
0.49405
0.491611
0.489196
0.486805
0.484437
0.482092
0.47977
0.477469
0.475191
0.472934
0.470698
0.468484
0.46629
0.464116
0.461963
0.45983
0.457716
0.455621
0.453546
0.451489
0.449451
0.447431
0.445429
0.443445
0.441478
0.439529
0.437597
0.435681
0.433783
0.431901
0.430034
0.428185
0.42635
0.424533
0.422729
0.420941
0.419168
0.41741
0.415667
0.413938
0.412224
0.410523
0.408836
0.407164
0.405505
0.403859
0.402226
0.400607
0.399
0.397406
0.395826
0.394257
0.392701
0.391157
0.389625
0.388105
0.386597
0.385101
0.383615
0.382142
0.38068
0.379228
0.377788
0.376359
0.37494
0.373532
0.372134
0.370747
0.36937
0.368003
0.366647
0.365301
0.363964
0.362637
0.361319
0.360011
0.358712
0.357424
0.356143
0.354873
0.35361
0.352358
0.351113
0.349878
0.34865
0.347433
0.346223
0.345021
0.343828
0.342643
0.341466
0.340297
0.339137
0.337983
0.336838
0.335701
0.334571
0.333449
0.332334
0.331226
0.330126
0.329034
0.327948
0.326869
0.325797
0.324733
0.323676
0.322625
0.321581
0.320544
0.319513
0.318489
0.317471
0.316461
0.315456
0.314458
0.313465
0.31248
0.3115
0.310527
0.30956
0.308598
0.307642
0.306693
0.305749
0.304811
0.303879
0.302951
0.302031
0.301116
0.300205
0.299301
0.298402
0.297508
0.296619
0.295736
0.294858
0.293986
0.293118
0.292256
0.291398
0.290546
0.289698
0.288855
0.288018
0.287185
0.286357
0.285533
0.284714
0.283901
0.283091
0.282286
0.281486
0.28069
0.279899
0.279112
0.27833
0.277552
0.276778
0.276009
0.275243
0.274483
0.273726
0.272973
0.272225
0.27148
0.27074
0.272713
0.271973
0.271237
0.270506
0.269778
0.269054
0.268334
0.267617
0.266905
0.266196
0.265491
0.264789
0.264092
0.263399
0.262708
0.262021
0.261338
0.260659
0.259982
0.25931
0.258641
0.257974
0.257313
0.256653
0.255998
0.255345
0.254696
0.254051
0.253408
0.252769
0.252133
0.2515
0.250871
0.250244
0.24962
0.249
0.248383
0.247769
0.247157
0.246549
0.245944
0.245342
0.244743
0.244146
0.243552
0.242961
0.242374
0.241789
0.241207
0.240627
0.240051
0.239476
0.238905
0.238337
0.237772
0.237208
0.236647
0.23609
0.235534
0.234982
0.234431
0.233884
0.233339
0.232797
0.232257
0.231719
0.231184
0.230651
0.230121
0.229594
0.229068
0.228546
0.228025
0.227506
0.226991
0.226477
0.228214
0.2277
0.227188
0.226679
0.226172
0.225667
0.225165
0.224664
0.224166
0.22367
0.223176
0.222685
0.222195
0.221708
0.221222
0.22074
0.220259
0.21978
0.219302
0.218827
0.218355
0.217884
0.217415
0.216949
0.216485
0.216022
0.215561
0.215102
0.214645
0.21419
0.213738
0.213286
0.212837
0.212389
0.211943
0.2115
0.211058
0.210618
0.210181
0.209744
0.20931
0.208877
0.208446
0.208016
0.20759
0.207164
0.20674
0.206318
0.205897
0.205478
0.205061
0.204646
0.204232
0.20382
0.203409
0.203001
0.202594
0.202187
0.201784
0.201381
0.200981
0.200581
0.200184
0.199788
0.199393
0.199
0.198609
0.198219
0.197831
0.197445
0.197059
0.196675
0.196293
0.195912
0.195532
0.195154
0.194777
0.194403
0.194029
0.193656
0.193286
0.192916
0.192549
0.192182
0.191817
0.191453
0.19109
0.19073
0.19037
0.190012
0.189655
0.189298
0.188945
0.188592
0.188239
0.187889
0.187541
0.187192
0.186846
0.186501
0.186156
0.185813
0.185472
0.185132
0.184792
0.184455
0.184118
0.183782
0.183448
0.183116
0.182784
0.182453
0.182124
0.181796
0.181469
0.181144
0.180818
0.180495
0.180172
0.179851
0.179532
0.179212
0.178895
0.178578
0.178263
0.177947
0.177635
0.177322
0.17701
0.1767
0.176391
0.176084
0.175776
0.175471
0.175166
0.174863
0.17456
0.174258
0.173958
0.173658
0.173359
0.173062
0.172766
0.172469
0.172176
0.171881
0.171589
0.171297
0.171007
0.170718
0.170429
0.170141
0.169854
0.169568
0.169284
0.169
0.168717
0.168436
0.168154
0.167874
0.167595
0.167317
0.167039
0.166764
0.166488
0.166213
0.165939
0.165666
0.165395
0.165125
0.164854
0.164585
0.164316
0.164048
0.163782
0.163517
0.163252
0.162988
0.162724
0.162461
0.1622
0.161939
0.16168
0.161421
0.161162
0.160904
0.160649
0.160393
0.160138
0.159884
0.15963
0.159378
0.159126
0.158874
0.158625
0.158376
0.158126
0.157879
0.157632
0.157385
0.15714
0.156895
0.156651
0.156407
0.156165
0.155924
0.155683
0.155442
0.155202
0.154964
0.154726
0.154488
0.154252
0.154016
0.15378
0.153546
0.153311
0.153079
0.152846
0.152615
0.152384
0.152154
0.151924
0.151694
0.151467
0.151239
0.151013
0.150786
0.15056
0.150336
0.150112
0.149888
0.149665
0.149443
0.149221
0.149001
0.14878
0.148561
0.148342
0.148123
0.147906
0.147688
0.147682
0.147431
0.147179
0.146929
0.146679
0.14643
0.146186
0.147376
0.147127
0.146879
0.146631
0.146385
0.146139
0.145894
0.145649
0.14683
0.146585
0.14634
0.146097
0.145853
0.145611
0.145369
0.145128
0.144887
0.144648
0.144408
0.144171
0.143932
0.143696
0.143459
0.143224
0.142989
0.142754
0.142521
0.142288
0.142055
0.141823
0.141592
0.141361
0.142509
0.142278
0.142047
0.141818
0.141589
0.14136
0.141132
0.140904
0.140678
0.140452
0.140226
0.140001
0.139777
0.139553
0.13933
0.139107
0.138885
0.138664
0.138444
0.138223
0.138004
0.137785
0.137567
0.137349
0.137132
0.136915
0.136699
0.136484
0.136268
0.136055
0.135841
0.135627
0.135415
0.135203
0.134991
0.134781
0.13457
0.134361
0.134151
0.133942
0.133734
0.133526
0.133319
0.133113
0.132906
0.132701
0.132496
0.132292
0.132088
0.131885
0.131682
0.131479
0.131277
0.131076
0.130875
0.130675
0.130479
0.130284
0.13009
0.129898
0.129705
0.129512
0.12932
0.129129
0.128938
0.130012
0.12982
0.129629
0.129438
0.129249
0.129059
0.130049
0.129854
0.129659
0.129465
0.129272
0.129079
0.128886
0.128694
0.128502
0.128312
0.129359
0.129168
0.128977
0.128786
0.128596
0.128406
0.128217
0.128028
0.127839
0.128877
0.128688
0.1285
0.128311
0.128124
0.127937
0.12775
0.127564
0.127378
0.127192
0.127008
0.126823
0.126639
0.126455
0.127477
0.127293
0.127109
0.126926
0.126743
0.126561
0.126379
0.126198
0.126016
0.125836
0.125655
0.125476
0.125297
0.125117
0.124939
0.124761
0.124584
0.124406
0.124229
0.124053
0.123877
0.123701
0.123526
0.123352
0.123177
0.123003
0.122829
0.122656
0.122484
0.122312
0.12214
0.121968
0.121797
0.121626
0.121456
0.121286
0.121117
0.120947
0.120778
0.12061
0.120442
0.120275
0.120107
0.11994
0.119774
0.119608
0.119442
0.119277
0.119112
0.118947
0.118783
0.11862
0.118456
0.118293
0.11813
0.117968
0.117806
0.117644
0.117483
0.117322
0.117161
0.117001
0.116841
0.116683
0.116524
0.116365
0.116206
0.116048
0.11589
0.115733
0.115576
0.115419
0.115263
0.115108
0.114952
0.114797
0.114641
0.114487
0.114333
0.114179
0.114025
0.113872
0.11372
0.113567
0.113414
0.114356
0.114203
0.11405
0.113898
0.113747
0.113596
0.113444
0.113293
0.113143
0.112993
0.112843
0.112694
0.112545
0.112396
0.112248
0.1121
0.111952
0.111804
0.111657
0.11151
0.111363
0.111217
0.111072
0.110926
0.11078
0.110635
0.110491
0.110346
0.111263
0.111118
0.110973
0.110829
0.110685
0.110542
0.110397
0.110255
0.110112
0.109969
0.109827
0.109685
0.109543
0.109402
0.109261
0.10912
0.108981
0.10884
0.1087
0.10856
0.108421
0.108282
0.108144
0.108005
0.107867
0.107729
0.107592
0.107455
0.107318
0.107181
0.107044
0.106909
0.106773
0.107662
0.107526
0.107389
0.107254
0.107118
0.106983
0.106848
0.106713
0.106579
0.10746
0.107325
0.107191
0.107056
0.106922
0.106788
0.106655
0.106521
0.106389
0.106256
0.106123
0.105991
0.105859
0.105727
0.105596
0.105465
0.105335
0.105204
0.105073
0.104943
0.104813
0.104684
0.104554
0.104426
0.104296
0.104168
0.10404
0.103912
0.103784
0.103656
0.103529
0.103402
0.103275
0.103149
0.103023
0.102896
0.102771
0.102645
0.10252
0.102395
0.10227
0.102146
0.102021
0.101897
0.101773
0.101649
0.101526
0.101403
0.10128
0.102124
0.102001
0.101878
0.101755
0.101633
0.101511
0.101388
0.101266
0.101144
0.101023
0.100902
0.100781
0.10066
0.10054
0.100419
0.100299
0.100179
0.10006
0.0999402
0.0998212
0.099702
0.0995834
0.0994646
0.0993474
0.0992293
0.0991105
0.0989933
0.0988756
0.0987588
0.0986417
0.0985255
0.0984086
0.0982928
0.0981763
0.0980607
0.0979449
0.0978293
0.0977144
0.0985323
0.0984166
0.0983014
0.0981859
0.098071
0.0979562
0.0978417
0.0977272
0.0976136
0.0974994
0.0973856
0.0972722
0.0971588
0.0970456
0.0969325
0.0968203
0.0967078
0.0965956
0.0964832
0.0963714
0.0962597
0.0961485
0.096037
0.0959259
0.0958152
0.0957047
0.0955944
0.095484
0.0953743
0.0952646
0.0951549
0.095045
0.0949358
0.0948271
0.0947184
0.0946094
0.094501
0.094393
0.0942848
0.0941771
0.0940696
0.0939619
0.0938548
0.0937476
0.0936409
0.0935338
0.0934277
0.0933213
0.0932148
0.0931093
0.0930033
0.0928976
0.0927928
0.0926875
0.0929645
0.092848
0.0927316
0.0926157
0.0924996
0.0923835
0.0922679
0.0930352
0.0929193
0.0928034
0.0926879
0.0925726
0.0924574
0.0923424
0.0922276
0.0921131
0.0919989
0.0918848
0.0917707
0.0916569
0.0915435
0.0914302
0.091317
0.0912039
0.091091
0.0909787
0.090866
0.0916212
0.0915086
0.0922619
0.092149
0.0920359
0.0919234
0.0918106
0.0916986
0.0915862
0.0914745
0.0913627
0.0912513
0.0911399
0.0910286
0.0912883
0.0910923
0.0908969
0.0907015
0.0913607
0.0911654
0.0909705
0.0907759
0.0905817
0.0903876
0.090194
0.0908497
0.0906559
0.0904625
0.0902695
0.0900769
0.0898845
0.0896925
0.0895007
0.0893092
0.0891182
0.0897691
0.0895781
0.0902275
0.0900364
0.0898455
0.0896549
0.0894647
0.0892747
0.0899213
0.0897312
0.0895416
0.0901862
0.0899965
0.0898071
0.089618
0.0894292
0.0892407
0.0898824
0.0896938
0.0895057
0.0901455
0.0907843
0.0905957
0.0904074
0.0902193
0.0900316
0.0898441
0.0896571
0.0902925
0.0901054
0.0899186
0.0897319
0.0895457
0.0893598
0.089174
0.0889887
0.0896207
0.0894352
0.0892502
0.0890654
0.0888808
0.0886967
0.0885128
0.0883291
0.0881492
0.0880467
0.0879442
0.0878417
0.0877396
0.0876375
0.0875356
0.0874338
0.0873325
0.0880371
0.087935
0.0878332
0.0883808
0.0881993
0.0880182
0.0878373
0.0876566
0.0882771
0.0880965
0.0879161
0.0877361
0.0875564
0.0873768
0.0871978
0.0870187
0.0868402
0.0866618
0.0872781
0.0878932
0.0877146
0.0875361
0.0873579
0.0871801
0.0877929
0.087615
0.0874374
0.0872599
0.0870829
0.0869058
0.0867294
0.0865532
0.0863771
0.0862013
0.0860259
0.0858508
0.0856758
0.0855011
0.0853269
0.085934
0.0857596
0.0855854
0.0854115
0.0860167
0.0858428
0.0864468
0.0862727
0.0868753
0.0874771
0.0873027
0.0871286
0.0869546
0.0867812
0.0866078
0.0864347
0.0862619
0.0868604
0.0866876
0.0872849
0.0871119
0.0869393
0.0875349
0.0873621
0.0871897
0.0870175
0.0868457
0.086674
0.0865027
0.0863315
0.0861606
0.08599
0.0858196
0.0864113
0.0862408
0.0860707
0.0859008
0.0857311
0.0863205
0.0861507
0.0859814
0.0858122
0.0856433
0.0854746
0.0853062
0.0858927
0.0857241
0.085556
0.0853881
0.0852203
0.085053
0.0848857
0.0847188
0.084552
0.0843856
0.0842194
0.0840533
0.0846356
0.0844696
0.0843039
0.0841382
0.0839731
0.0838079
0.0836431
0.0842226
0.0840579
0.0846363
0.0844712
0.0843067
0.0841422
0.0847187
0.0845543
0.08439
0.084226
0.0840622
0.0838987
0.0837355
0.0835725
0.0834095
0.0832471
0.0830848
0.0829226
0.0827608
0.0825991
0.0824379
0.0822767
0.0821159
0.0826868
0.0825257
0.082365
0.0822045
0.0820443
0.0818842
0.0817245
0.0815648
0.0814055
0.0812466
0.0810877
0.080929
0.0807706
0.0806125
0.0804544
0.0802968
0.0801393
0.0799822
0.0798251
0.0796682
0.0795116
0.0793553
0.0799191
0.0797627
0.0796065
0.0794504
0.0800126
0.0798566
0.0797007
0.0795452
0.0793898
0.0792347
0.0790798
0.078925
0.0787705
0.0786163
0.0784624
0.0783085
0.0781548
0.0780016
0.0778482
0.0776953
0.0775426
0.0773901
0.0772379
0.0770857
0.0776416
0.0774894
0.0773375
0.0771857
0.0770343
0.0768829
0.0774367
0.0772852
0.0771341
0.076983
0.0768324
0.0766819
0.0765316
0.0763815
0.0762315
0.0760819
0.0759324
0.0757832
0.0756342
0.0754853
0.0753367
0.0751882
0.07504
0.0748921
0.0747442
0.0746045
0.0751442
0.0750549
0.0749756
0.0748961
0.0748168
0.0747375
0.0746584
0.0745791
0.0745011
0.0744224
0.0743667
0.0742652
0.0741861
0.0741079
0.0740297
0.0739517
0.0738739
0.0737958
0.0738897
0.0737448
0.0736001
0.0734856
0.0734082
0.0733305
0.0732536
0.0731765
0.0737824
0.0737051
0.0738121
0.0736682
0.074205
0.0740612
0.0739173
0.0744531
0.074309
0.0748438
0.0753778
0.0752336
0.0750896
0.0749457
0.0748022
0.0746587
0.0745154
0.0743724
0.0742294
0.0747607
0.0746177
0.0751479
0.0750049
0.0748621
0.0747195
0.074577
0.0744348
0.0742928
0.0741508
0.0740092
0.0738677
0.0737265
0.0735854
0.0734444
0.0739708
0.0744966
0.0743553
0.0742142
0.0740733
0.0739326
0.0737922
0.0736517
0.0735118
0.0740349
0.0738947
0.0737547
0.0736149
0.0734753
0.0733359
0.0731966
0.0737177
0.0735784
0.0734391
0.0733002
0.0731615
0.0730228
0.0728844
0.0734032
0.0739213
0.0737826
0.073644
0.0735056
0.0733675
0.0732295
0.0737458
0.0736075
0.0734697
0.073332
0.0731944
0.0730572
0.07292
0.0727831
0.0726462
0.0725095
0.072373
0.0722367
0.0721006
0.0719647
0.0718291
0.0716934
0.071558
0.0714228
0.0712877
0.0711527
0.071018
0.0708836
0.0707492
0.0706151
0.071125
0.0709907
0.0708566
0.0707228
0.070589
0.0704554
0.070322
0.0701888
0.0700558
0.0699229
0.0697901
0.0696577
0.0695252
0.0693931
0.069261
0.0691292
0.0689974
0.0688659
0.0687345
0.0686141
0.0685456
0.0684767
0.0684083
0.0683399
0.0682712
0.0682028
0.0687681
0.0687
0.0686312
0.0685629
0.0684945
0.0684263
0.0683581
0.0682902
0.0682222
0.0681543
0.0680868
0.0680189
0.0679513
0.0685121
0.0684439
0.0683764
0.0683087
0.0682414
0.0681739
0.0681062
0.0680391
0.0679717
0.0679047
0.0678375
0.0677707
0.0677037
0.0676368
0.06757
0.067848
0.0677203
0.0675929
0.0674654
0.0673382
0.0672112
0.0671052
0.0670393
0.0669734
0.0669073
0.0668413
0.066776
0.0669438
0.0668175
0.0673082
0.067182
0.0670559
0.06693
0.0668041
0.0666785
0.0665531
0.0664278
0.0669163
0.0667911
0.0666658
0.0665406
0.0664157
0.0669029
0.0673894
0.0672643
0.0671391
0.0670142
0.0668893
0.0667648
0.0666403
0.0671251
0.0676091
0.0674844
0.0673598
0.0672352
0.0671109
0.0669867
0.0674692
0.067345
0.0672208
0.067097
0.0675781
0.0674542
0.0673302
0.0672067
0.067083
0.0669598
0.0674393
0.0673158
0.0671926
0.0670693
0.0669463
0.0668235
0.0673013
0.0677786
0.0682553
0.068132
0.0680087
0.0678857
0.0677627
0.0676401
0.0675174
0.0673949
0.0672727
0.0671504
0.0670284
0.0669066
0.0667847
0.0666632
0.0665417
0.0664204
0.0662993
0.0661782
0.0660573
0.0659366
0.065816
0.0656955
0.0655751
0.0660468
0.0659264
0.0658063
0.065686
0.0655662
0.0654464
0.0653266
0.0657965
0.0656767
0.0655571
0.0654376
0.0653184
0.0651992
0.0656673
0.066135
0.0666021
0.0664825
0.066363
0.0668291
0.0667095
0.06659
0.0664707
0.0663517
0.0662326
0.0666972
0.0665782
0.0664592
0.0663404
0.0662217
0.066685
0.0665663
0.0664477
0.0669099
0.0667913
0.0666729
0.0665544
0.0664362
0.0663182
0.0667789
0.0666607
0.0671209
0.0670025
0.0674618
0.0673435
0.0672253
0.0671074
0.0669896
0.0674476
0.0673296
0.0672118
0.0670942
0.0669767
0.0668593
0.0667421
0.0671983
0.0670811
0.0669639
0.0674192
0.0673019
0.0671849
0.0670679
0.0669511
0.0668344
0.0667178
0.0666013
0.066485
0.0663689
0.0662528
0.066137
0.0660213
0.0659056
0.0657901
0.0662422
0.0661266
0.0660113
0.0658959
0.0657808
0.0656658
0.0655507
0.065436
0.0653214
0.0652068
0.0656567
0.0655422
0.0654277
0.0653133
0.0651991
0.0650852
0.0649713
0.0648574
0.0647436
0.0646302
0.0650778
0.0655251
0.0654114
0.0652976
0.0651841
0.0650706
0.0649573
0.065403
0.0652899
0.0651766
0.0650634
0.0649504
0.0648377
0.0647249
0.0651692
0.0650564
0.0649437
0.0653869
0.0652743
0.0657169
0.0656042
0.0654916
0.065379
0.0652665
0.0651543
0.0650421
0.0649301
0.0648183
0.065259
0.065147
0.0650352
0.0649235
0.0653631
0.0652514
0.0651397
0.0650281
0.0649167
0.0648053
0.0646942
0.0645832
0.0644724
0.0643616
0.0642509
0.0641403
0.0640299
0.0639196
0.0638095
0.0642461
0.0641358
0.0645718
0.0644616
0.0643514
0.0642413
0.0641314
0.0640215
0.0639119
0.0638023
0.0636928
0.0641268
0.0640175
0.0644509
0.0643412
0.0642319
0.0641225
0.0640132
0.0639042
0.0637951
0.0642271
0.0641181
0.0645493
0.0644404
0.0643313
0.0642225
0.0641137
0.0645438
0.0644351
0.0643265
0.0642177
0.0641094
0.0640011
0.0638928
0.0637847
0.0636767
0.0635688
0.0634612
0.0633535
0.063246
0.0631385
0.0630312
0.0629241
0.062817
0.06271
0.0626032
0.0624965
0.0623899
0.0622833
0.062177
0.0626029
0.0624964
0.0623901
0.0622839
0.0627089
0.0631335
0.063027
0.0629207
0.0628145
0.0627084
0.0626023
0.0630257
0.0629195
0.0628136
0.0627078
0.062602
0.0624965
0.0629184
0.0628128
0.0627072
0.0626018
0.0624964
0.0623912
0.0622861
0.0621812
0.0620763
0.0619715
0.0618669
0.0617623
0.061658
0.0615536
0.0614493
0.0613453
0.0612413
0.0611374
0.0610335
0.06093
0.0608264
0.0607228
0.061141
0.0615585
0.061455
0.0613512
0.0612478
0.0611444
0.0610412
0.0609381
0.060835
0.060732
0.0606293
0.0605266
0.0609421
0.0608392
0.0607367
0.0606341
0.0605316
0.0604293
0.0603271
0.0602249
0.0601229
0.060021
0.0599191
0.0598174
0.0597159
0.0596144
0.059513
0.0594117
0.0593105
0.0592093
0.0591084
0.0590076
0.0594196
0.0598313
0.0597301
0.0596291
0.0595282
0.0594276
0.0593268
0.0592262
0.0591258
0.0590253
0.0589251
0.0588249
0.0587249
0.0586249
0.0585251
0.0584252
0.0583256
0.058226
0.0581267
0.0580273
0.0579279
0.0578288
0.0577297
0.0576308
0.057532
0.0574332
0.0573346
0.057236
0.0571375
0.0570391
0.057446
0.0573475
0.0572493
0.0571511
0.057053
0.0569549
0.056857
0.0567592
0.0566615
0.0565639
0.0564663
0.0563689
0.0562716
0.0561744
0.0560772
0.0559802
0.0558833
0.0557864
0.0556898
0.055593
0.0554965
0.0554
0.0553037
0.0552075
0.0551112
0.0550151
0.0554177
0.0558199
0.0562217
0.0561252
0.0560288
0.0559326
0.0558364
0.0557404
0.0556444
0.0555486
0.0554528
0.0553572
0.0552616
0.0551661
0.0555658
0.0554703
0.0553749
0.0552795
0.0551843
0.0550891
0.0554876
0.0558858
0.0557904
0.0556951
0.0560926
0.0559973
0.0559019
0.0562988
0.0562035
0.0561082
0.0560132
0.0559183
0.0558233
0.0557284
0.056124
0.0560291
0.0559343
0.0558396
0.055745
0.0556505
0.0555562
0.0554619
0.0553676
0.0552735
0.0551795
0.0550855
0.0549916
0.0548978
0.0548042
0.0547106
0.0546172
0.0545237
0.0544305
0.0543372
0.0547295
0.0546362
0.054543
0.05445
0.0543569
0.0542641
0.0541713
0.0540785
0.0539859
0.0538934
0.0538008
0.0537084
0.0536162
0.053524
0.0534318
0.0533398
0.0532478
0.0531561
0.0530644
0.0529727
0.0528811
0.0532703
0.0531785
0.0535671
0.0534755
0.0538633
0.0537717
0.0536801
0.0540673
0.0539757
0.0538841
0.0537925
0.0541791
0.0540875
0.0539961
0.0539046
0.0538133
0.0541989
0.0541077
0.0540162
0.053925
0.053834
0.0537429
0.0536519
0.0535612
0.0539454
0.0538545
0.0537637
0.053673
0.0535824
0.0534918
0.0534013
0.0533109
0.0532205
0.0531303
0.0530401
0.0529502
0.0528601
0.0527703
0.0526806
0.0530625
0.0529727
0.0528829
0.0527933
0.0527036
0.0526141
0.0525247
0.0524354
0.0523461
0.052257
0.0521678
0.0520788
0.05199
0.051901
0.0518123
0.052192
0.0521032
0.0524824
0.0523936
0.0523048
0.0522162
0.0521274
0.0520388
0.0519505
0.0523285
0.0522401
0.0521517
0.0520633
0.0519751
0.0518869
0.052264
0.0521757
0.0520875
0.0519996
0.0519115
0.0518236
0.0517358
0.0516481
0.0515604
0.0514729
0.0513854
0.051298
0.0512107
0.0511234
0.0510362
0.0509491
0.0508621
0.0507752
0.0511497
0.0510626
0.0514367
0.0518101
0.0517231
0.0516359
0.0515489
0.0514619
0.0513752
0.0517477
0.0516609
0.051574
0.0514874
0.0514007
0.051314
0.0516857
0.0515991
0.0515125
0.0514261
0.0513397
0.0512534
0.0516239
0.0515375
0.0514513
0.0513651
0.0512789
0.0511929
0.051107
0.0514765
0.0513904
0.0513045
0.0512186
0.0515875
0.0515015
0.0514157
0.0513298
0.0512443
0.0511586
0.0510731
0.0509877
0.0509024
0.050817
0.0507317
0.0506466
0.0505615
0.0504766
0.0503917
0.0503069
0.0502222
0.0501375
0.0500528
0.0499683
0.0498838
0.0497995
0.0501652
0.0500808
0.0499965
0.0499123
0.0498281
0.049744
0.0496599
0.0495759
0.0494921
0.0494082
0.0497724
0.0501364
0.0500525
0.0499685
0.0498846
0.049801
0.0497172
0.0496337
0.0495501
0.0494666
0.0493832
0.0492999
0.0492166
0.0491334
0.0494956
0.0494123
0.0493293
0.0492461
0.0491631
0.0490803
0.0489975
0.0489146
0.0488318
0.0491928
0.0491099
0.0490273
0.0489447
0.0488622
0.0487797
0.0486973
0.048615
0.0485328
0.0484506
0.0483684
0.0482864
0.0482044
0.0485635
0.0484814
0.0483996
0.0483177
0.048236
0.0481543
0.0480726
0.047991
0.0479096
0.0478281
0.047765
0.0477307
0.0476967
0.0476625
0.047628
0.047594
0.0475599
0.0475257
0.047492
0.0474573
0.0474238
0.04739
0.0473558
0.0473222
0.0472876
0.0472538
0.0472201
0.0471864
0.0471526
0.0475539
0.0475205
0.0474865
0.0474527
0.0474187
0.0473852
0.0473511
0.0473175
0.0472839
0.0472503
0.0472164
0.0471829
0.0471494
0.0471158
0.0470821
0.0470485
0.0470154
0.0469817
0.0469483
0.0469151
0.0468813
0.0468482
0.0468151
0.0467816
0.0467486
0.0467152
0.0471125
0.0470794
0.047046
0.0470122
0.0469794
0.046946
0.046913
0.0468795
0.0468466
0.0468135
0.0467803
0.046747
0.0467145
0.0466815
0.0466482
0.0466152
0.0465826
0.0465493
0.0465167
0.0464836
0.046451
0.046418
0.0468122
0.046779
0.0467464
0.0467132
0.0466806
0.0466478
0.046615
0.0465822
0.0465495
0.046517
0.0464846
0.0464517
0.0464192
0.0463867
0.0463541
0.0463212
0.0462887
0.0462562
0.0462238
0.0466145
0.046582
0.0465494
0.0465168
0.0469067
0.0468741
0.0468416
0.0468093
0.0467768
0.046744
0.0467118
0.0466796
0.046647
0.0466143
0.0465818
0.0465495
0.0465171
0.0464851
0.0464526
0.0464202
0.0463883
0.0463562
0.0463238
0.0462917
0.0462596
0.0462277
0.0461953
0.0461637
0.0461313
0.0460995
0.0464855
0.0464533
0.0464211
0.046389
0.0463573
0.0463251
0.0462929
0.0462613
0.0462294
0.0461975
0.0461656
0.0461335
0.0461022
0.0460702
0.0460386
0.0460067
0.0459746
0.0459433
0.0459117
0.04588
0.0458482
0.0458174
0.0457854
0.045754
0.0457225
0.0456911
0.0456596
0.0456284
0.045597
0.0455654
0.0455341
0.045503
0.0458837
0.0458523
0.0458209
0.0457895
0.0457582
0.0461383
0.0461067
0.0464864
0.0464548
0.0464236
0.0463917
0.0463605
0.0463284
0.0462973
0.0462655
0.0462347
0.0462031
0.0461717
0.0461403
0.046109
0.0460778
0.0460468
0.0460156
0.045984
0.045953
0.0459219
0.0458906
0.0458597
0.0458286
0.0457975
0.0457667
0.0457356
0.0457044
0.0456736
0.0456429
0.045612
0.0455811
0.0455502
0.0455191
0.0454885
0.0454577
0.0454271
0.0453961
0.0453656
0.0453349
0.0453042
0.0452735
0.0452433
0.0452124
0.0451821
0.0451513
0.045121
0.0450905
0.0450603
0.0450298
0.0449993
0.0449687
0.0449387
0.0449084
0.0448778
0.0448478
0.0448172
0.044787
0.0447568
0.0447268
0.0446966
0.0446667
0.0446367
0.0446068
0.0445764
0.0445462
0.0445163
0.0444863
0.0444563
0.0444263
0.0443965
0.0443665
0.0443367
0.0443072
0.0442774
0.0442475
0.0442176
0.044188
0.0441584
0.0441286
0.044099
0.0440692
0.0440394
0.0440098
0.0439804
0.0439506
0.0439211
0.0438915
0.0438622
0.0442292
0.0441999
0.0441704
0.0441408
0.0441117
0.0444782
0.0444485
0.0444186
0.0443888
0.0443594
0.04433
0.0443005
0.0442713
0.0442418
0.044212
0.0441829
0.0441533
0.044124
0.0440946
0.0440654
0.0440357
0.0440068
0.0439776
0.0439482
0.0439191
0.0438899
0.0438604
0.0438315
0.0438024
0.0437731
0.0437441
0.0437151
0.0436861
0.0436569
0.0436279
0.043599
0.0435702
0.0435413
0.0435125
0.0434836
0.0434546
0.0434257
0.0433973
0.043368
0.0433394
0.0433106
0.0432819
0.0432534
0.0432245
0.0431958
0.0431677
0.0431386
0.0431103
0.0430819
0.043053
0.0430245
0.0429959
0.0429677
0.042939
0.0429108
0.0428824
0.0428539
0.0428255
0.0427973
0.042769
0.0427405
0.0427123
0.0426839
0.0426559
0.0426277
0.0425994
0.0425712
0.0425432
0.0425149
0.0424868
0.0424589
0.042816
0.042788
0.0427599
0.0427313
0.0427033
0.0426753
0.0426473
0.0430035
0.0429751
0.0429471
0.0429184
0.0428908
0.0428625
0.0428343
0.0428066
0.0427785
0.0427505
0.0427225
0.0426946
0.0426666
0.0426386
0.0426107
0.042583
0.042555
0.0425271
0.0424997
0.0424716
0.0424438
0.0424159
0.0423884
0.0423605
0.0423331
0.0423056
0.0422777
0.04225
0.0422226
0.0421948
0.042167
0.0421399
0.0421125
0.0424641
0.0424365
0.042409
0.0427604
0.0427326
0.0427049
0.042677
0.0426497
0.042622
0.0425943
0.0425667
0.0425391
0.0425118
0.0424844
0.042457
0.0424291
0.0424014
0.0423743
0.0423471
0.0423196
0.0422921
0.0426414
0.0426134
0.0425861
0.0425589
0.0425313
0.0425043
0.0424767
0.0424492
0.0424221
0.042395
0.0423675
0.04234
0.0423129
0.0422856
0.0422587
0.0422312
0.0422038
0.0421769
0.0421497
0.0421224
0.0420955
0.0420687
0.0424153
0.0423878
0.0423608
0.0423339
0.0423064
0.0422794
0.0422528
0.042225
0.0421978
0.0421709
0.042144
0.0421172
0.0420902
0.0420637
0.0420362
0.0420097
0.0419827
0.041956
0.0419293
0.0419024
0.0418756
0.0418487
0.0421925
0.0421653
0.0421383
0.0421116
0.042085
0.0420583
0.0420313
0.0420049
0.0419779
0.0419511
0.0419243
0.0418981
0.0418715
0.0418447
0.0418183
0.0417913
0.0417646
0.0417384
0.0417118
0.0416855
0.0420265
0.0419997
0.0419734
0.0419467
0.0419199
0.0418932
0.041867
0.0418407
0.0418139
0.041787
0.0417612
0.0417349
0.0417082
0.0416817
0.0416555
0.0416297
0.0416031
0.0415765
0.0415503
0.0415246
0.0414977
0.0414718
0.0414456
0.0414197
0.041393
0.0413675
0.0413412
0.0413152
0.0412893
0.0412629
0.0412366
0.0412108
0.0411848
0.0411588
0.041133
0.0411067
0.0410809
0.0410551
0.0410289
0.0410032
0.0409774
0.0409518
0.0409258
0.0408998
0.040874
0.040848
0.0408227
0.0407971
0.0411323
0.0411065
0.0410805
0.0410551
0.0410294
0.0410038
0.0409778
0.0409521
0.0409269
0.0409008
0.0408753
0.0408494
0.0408239
0.0407984
0.0407731
0.0407474
0.0407218
0.0406958
0.0406707
0.0406449
0.0406203
0.0405943
0.0405688
0.0405435
0.0408759
0.0408506
0.040825
0.0407997
0.0407743
0.0407489
0.0407234
0.0406977
0.0406725
0.040647
0.0406221
0.0405965
0.0405712
0.0405461
0.0405204
0.0404954
0.0404702
0.0404447
0.0404201
0.0403947
0.0403693
0.0403445
0.0403189
0.0402941
0.040269
0.0402437
0.0402191
0.0401938
0.0401687
0.040144
0.0401189
0.0400936
0.0400687
0.0400442
0.0400191
0.039994
0.0399694
0.0399446
0.0399193
0.0398951
0.0398703
0.039845
0.0398204
0.0397958
0.039771
0.0397462
0.0397215
0.0396971
0.0396723
0.0396475
0.039623
0.0395986
0.0395738
0.0395495
0.0395245
0.0395
0.0394755
0.0394512
0.0394266
0.0394021
0.0397279
0.039704
0.0396791
0.0396543
0.0396299
0.0396054
0.0399308
0.0399063
0.0398817
0.0398573
0.0398328
0.039808
0.0397831
0.039759
0.0397345
0.0397102
0.0396855
0.0396613
0.039637
0.0396122
0.0399362
0.0399115
0.0398872
0.0398628
0.039839
0.0398143
0.0397899
0.0397654
0.0397412
0.0397166
0.0396927
0.0396684
0.0396439
0.0396195
0.0395955
0.0395712
0.0395469
0.0395225
0.0394983
0.039474
0.0394503
0.0394261
0.0394021
0.039378
0.0393539
0.0393299
0.0393059
0.039282
0.0392574
0.0392334
0.0392097
0.0391858
0.039162
0.0391378
0.0391139
0.03909
0.0390665
0.0390423
0.0390185
0.0389947
0.0389709
0.0392905
0.0392663
0.039242
0.0392182
0.0391946
0.0391707
0.0391471
0.0391231
0.0390995
0.0390756
0.0390518
0.0390283
0.0390044
0.0389806
0.0389568
0.0389333
0.03891
0.0388863
0.0388626
0.038839
0.0388153
0.0387916
0.0387682
0.0387447
0.0387211
0.0386978
0.0386738
0.0386505
0.0386268
0.0386035
0.0385802
0.0385568
0.0385332
0.0385099
0.0384869
0.0384637
0.0384399
0.0387555
0.0387325
0.038709
0.0386857
0.0386619
0.0386385
0.0386153
0.038592
0.0385687
0.0385452
0.0385224
0.0384988
0.0384757
0.0384525
0.0384292
0.0384056
0.0383825
0.0383596
0.0383365
0.0383133
0.0382901
0.0382674
0.038244
0.0382209
0.038198
0.0381744
0.0381517
0.0381287
0.038106
0.0380826
0.0380601
0.038037
0.0380141
0.0379913
0.0379678
0.0379452
0.0379225
0.0378996
0.0378765
0.037854
0.0378312
0.0378084
0.0377858
0.0377626
0.0377401
0.0377173
0.0376946
0.0376719
0.0376492
0.0376266
0.0376037
0.0375811
0.0375587
0.0375357
0.0375133
0.0374908
0.0374683
0.0374454
0.037423
0.0374007
0.0373778
0.0373557
0.037333
0.0373107
0.0372881
0.0372658
0.0372431
0.037221
0.0371987
0.0375076
0.0374846
0.0374624
0.0374399
0.0374177
0.0373949
0.0373729
0.0373501
0.0373279
0.0373055
0.0372833
0.0372611
0.0372387
0.0372162
0.0371942
0.0372425
0.0372176
0.0371922
0.037167
0.0374706
0.0374457
0.0374202
0.0373948
0.0373694
0.0373443
0.0373189
0.0372939
0.0372685
0.0372436
0.0375463
0.0375208
0.0374954
0.0374707
0.0374453
0.03742
0.0373949
0.0373693
0.0373446
0.0373195
0.0372943
0.037269
0.037244
0.0372188
0.0371938
0.037169
0.0371439
0.037119
0.0370938
0.0370688
0.037044
0.0370188
0.0369942
0.0369692
0.0369442
0.0369194
0.0368947
0.0368697
0.0368448
0.03682
0.036795
0.0367704
0.0367455
0.036721
0.0366961
0.0366716
0.0366469
0.036622
0.0365974
0.0365729
0.0365481
0.0365234
0.0364989
0.0367979
0.0367729
0.0367481
0.036724
0.036699
0.0369976
0.0369731
0.0369479
0.0369235
0.0368987
0.036874
0.0368494
0.036825
0.0368002
0.0367756
0.0370731
0.0370486
0.0370237
0.0369992
0.0369744
0.0369499
0.0369253
0.0369006
0.0368761
0.0368518
0.0368273
0.0368028
0.0367783
0.0367538
0.0367293
0.0367049
0.0366804
0.036656
0.0366319
0.0366072
0.036583
0.0365587
0.0365344
0.0365102
0.0364858
0.0364617
0.0364373
0.036413
0.0367078
0.0366833
0.0366591
0.0366352
0.0366107
0.0365866
0.0365622
0.0365379
0.0368318
0.0368075
0.0367833
0.0367592
0.0367346
0.0367108
0.0370038
0.0369797
0.0369553
0.0369311
0.0369068
0.0368825
0.0368583
0.0368341
0.03681
0.0367858
0.0367615
0.0367377
0.0367135
0.0366893
0.0366654
0.0366411
0.0366172
0.036593
0.0365689
0.036545
0.0365208
0.0364971
0.036473
0.0364491
0.0364252
0.0364012
0.0363773
0.0366685
0.0369591
0.0369348
0.0372254
0.0372014
0.0371771
0.037153
0.0371288
0.0371048
0.0370809
0.0370565
0.0370328
0.0370089
0.0369847
0.0369608
0.0369368
0.036913
0.0368891
0.0368649
0.0368412
0.0368172
0.0367931
0.0367694
0.0367455
0.0367216
0.0366979
0.0366741
0.0366502
0.0366266
0.0366029
0.0365794
0.0365553
0.0365315
0.0365076
0.0364841
0.0364603
0.0364368
0.0364133
0.0363896
0.0363659
0.0363422
0.0363187
0.0362951
0.0362714
0.0362481
0.0362247
0.0362014
0.0361778
0.0364643
0.0364407
0.0364171
0.0363939
0.0363703
0.0363465
0.036323
0.0362996
0.0362762
0.0362527
0.0362293
0.036206
0.0361823
0.0361591
0.0361359
0.0361121
0.036089
0.0360656
0.0360422
0.036019
0.0359958
0.0362805
0.0362574
0.0362338
0.0362107
0.0361873
0.0361639
0.0361407
0.0361176
0.0360942
0.0360712
0.0360478
0.0360246
0.0360012
0.0359783
0.035955
0.0359318
0.0359086
0.0358856
0.0358625
0.0358397
0.0361221
0.0360991
0.0360764
0.036053
0.0360298
0.0360067
0.0359841
0.0359604
0.0359375
0.0359146
0.0358917
0.0358685
0.0358456
0.0358225
0.0357995
0.0357768
0.0357537
0.0357307
0.0357077
0.035685
0.0356618
0.0356391
0.0356163
0.0355932
0.0355707
0.0355477
0.0355248
0.0355021
0.0354792
0.0354564
0.0354338
0.0354109
0.0353883
0.0353658
0.035343
0.0353204
0.0352976
0.0352747
0.0352522
0.0352296
0.035207
0.0351845
0.0351619
0.0351392
0.0351166
0.0350938
0.0350718
0.0350491
0.0350268
0.035004
0.0349815
0.0349591
0.0349365
0.0349141
0.0348916
0.0348693
0.034847
0.0348246
0.0348022
0.0347798
0.0347575
0.0347351
0.0347129
0.0346906
0.0346683
0.0346462
0.0346237
0.0346013
0.0345792
0.0345569
0.0345345
0.0345124
0.0344903
0.0344679
0.0344461
0.034424
0.0344018
0.0343797
0.0343575
0.0343354
0.0343133
0.0342914
0.0342694
0.0342472
0.0342252
0.0342032
0.034181
0.034159
0.0341369
0.0341151
0.0340931
0.0340713
0.0340494
0.0340275
0.0340054
0.0339836
0.0339619
0.03394
0.033918
0.0338963
0.0338743
0.0340464
0.0340104
0.0339742
0.0339383
0.0339022
0.0338662
0.0338302
0.0337943
0.0337581
0.0337224
0.0336866
0.0336507
0.0336149
0.033579
0.0335487
0.0335271
0.0335054
0.0334839
0.0334622
0.0334408
0.033419
0.0333976
0.0336712
0.0336499
0.0336282
0.0336065
0.0335852
0.0335633
0.0338365
0.033815
0.0337934
0.0337719
0.0337499
0.0337285
0.0337136
0.0336856
0.0336641
0.0336425
0.0336208
0.0335994
0.0335781
0.0335567
0.0337227
0.0336871
0.033945
0.0339092
0.0338737
0.0341312
0.0340956
0.0340599
0.0340242
0.0339888
0.0339533
0.0342103
0.0341746
0.0344315
0.0346879
0.0346522
0.0346166
0.0345809
0.0345452
0.0345098
0.0344742
0.0344387
0.0344031
0.0343675
0.0343322
0.0342967
0.0342612
0.0342258
0.0341904
0.034155
0.0341194
0.0340843
0.0340488
0.0340136
0.0339782
0.033943
0.0339078
0.0338726
0.0338373
0.0338022
0.033767
0.0337318
0.0336967
0.0336615
0.0336264
0.0335914
0.0335563
0.0335213
0.0337757
0.0337405
0.0337055
0.0336705
0.0336354
0.0336004
0.0335654
0.0335305
0.0334957
0.0334607
0.0334259
0.0333909
0.0333561
0.0333214
0.0332864
0.0332518
0.033217
0.0331821
0.0331474
0.0331128
0.0330781
0.0330434
0.0330088
0.0332615
0.0332268
0.0331923
0.0331575
0.0331228
0.0330883
0.0330537
0.0330192
0.0329846
0.03295
0.0329156
0.0328811
0.0328466
0.0328121
0.0327776
0.0330296
0.032995
0.0330349
0.0329987
0.0329627
0.0329266
0.0328907
0.0328547
0.0328187
0.0327828
0.0327469
0.0327109
0.0326749
0.0326393
0.0326033
0.0325674
0.0325317
0.0324958
0.0324601
0.0324244
0.0323887
0.032353
0.0323172
0.0322816
0.0322461
0.0322103
0.0324589
0.032423
0.0323874
0.032357
0.0323392
0.0323219
0.0323038
0.032286
0.0325518
0.0325341
0.0325159
0.0324982
0.0324808
0.0324626
0.032445
0.0324271
0.0324092
0.0323916
0.032374
0.0323558
0.0323383
0.0323204
0.0323028
0.0322851
0.0322674
0.0322499
0.0325144
0.0324965
0.0324787
0.0324613
0.0324432
0.0324256
0.0324079
0.0323901
0.0323725
0.0323551
0.0323375
0.0323197
0.0323023
0.0322845
0.0322667
0.0322491
0.0322321
0.032214
0.0321967
0.0321792
0.0321617
0.0321441
0.0321263
0.0321089
0.0320908
0.032074
0.0320567
0.0320388
0.0320216
0.032004
0.0319868
0.0319693
0.0319516
0.0319344
0.0319171
0.0318999
0.0318821
0.0318648
0.0318474
0.0318301
0.0318126
0.0317953
0.0317781
0.0317609
0.0317435
0.0317264
0.0317088
0.0316917
0.0316744
0.0316571
0.0316397
0.0316225
0.0316054
0.0315881
0.0315711
0.0315539
0.0315365
0.0315194
0.0315022
0.0314854
0.0314677
0.0314507
0.0314338
0.0314164
0.0313993
0.031382
0.0313651
0.031348
0.031331
0.0313139
0.0312967
0.0312799
0.0312628
0.0312459
0.0312287
0.0312117
0.0311949
0.0311775
0.0311609
0.0311437
0.0311266
0.0311096
0.0310928
0.0310761
0.031059
0.0310419
0.0310252
0.0310085
0.0309914
0.0309747
0.0309575
0.0309407
0.0309238
0.0309071
0.0308898
0.0308735
0.0308567
0.0308398
0.0308233
0.0308061
0.0307893
0.0307727
0.0307561
0.0307391
0.0307229
0.0307056
0.0306887
0.0306722
0.0306556
0.0306389
0.030622
0.0306054
0.0305887
0.030572
0.0305551
0.030539
0.0305222
0.0305057
0.0304886
0.0304724
0.0304559
0.0304391
0.0304222
0.0304059
0.0303896
0.0303729
0.0303562
0.0303397
0.0303234
0.0303066
0.03029
0.0302737
0.0302567
0.0302408
0.0302244
0.0302076
0.0301913
0.0301749
0.0301585
0.0301421
0.0301257
0.0301093
0.0300927
0.0300763
0.0300601
0.0300438
0.0300276
0.0300107
0.0299947
0.029978
0.0299621
0.029946
0.0299292
0.0299131
0.0298966
0.0298805
0.0298638
0.0298477
0.0298319
0.0298153
0.0297993
0.0297828
0.0297667
0.0297503
0.0297344
0.0297177
0.0297019
0.0299547
0.0299389
0.0299225
0.0299064
0.02989
0.0298739
0.0298578
0.0298417
0.0298252
0.0298092
0.0297931
0.029777
0.0297604
0.0297446
0.0297283
0.0297122
0.0296963
0.0296799
0.0296639
0.0296474
0.0296319
0.029616
0.0295998
0.0295838
0.0295678
0.0295516
0.0295357
0.0295194
0.0295036
0.0294878
0.0294716
0.0294557
0.0294395
0.0294235
0.0294072
0.0293916
0.0293758
0.0293598
0.029344
0.0293279
0.0293121
0.0292963
0.0292802
0.0292645
0.0292485
0.0293546
0.0293237
0.0292925
0.0292615
0.0292305
0.0291995
0.0291685
0.0291375
0.0291066
0.0290903
0.0290743
0.0290588
0.0290429
0.0290273
0.0291862
0.0291553
0.0291245
0.0290936
0.0293275
0.0292965
0.0292656
0.0292348
0.029204
0.0291732
0.0291421
0.0291113
0.0290807
0.0290498
0.0292831
0.0292523
0.0292214
0.0291908
0.0291599
0.0291293
0.0290985
0.0290678
0.0290369
0.0290064
0.0289755
0.0289448
0.0289142
0.0288836
0.028853
0.0288224
0.028806
0.0287904
0.0287748
0.0287592
0.0287439
0.0287278
0.0287126
0.0286971
0.0286816
0.0286661
0.0286506
0.0286353
0.0286196
0.0286043
0.0285885
0.028573
0.028558
0.0285426
0.0285266
0.0287731
0.0287576
0.0287428
0.0287269
0.0287116
0.0286964
0.0286804
0.0287954
0.0287801
0.0287645
0.0287485
0.028733
0.0287178
0.028702
0.0286862
0.0286709
0.0286555
0.0286397
0.0286242
0.0286089
0.0285928
0.0285775
0.028562
0.0285465
0.0285309
0.0285154
0.0285001
0.0284844
0.0284691
0.0284536
0.0284382
0.0284231
0.0284075
0.0284531
0.0284355
0.0284176
0.0284004
0.0283825
0.0283649
0.0283473
0.0283298
0.0283123
0.0282949
0.0282769
0.0282596
0.028242
0.0282245
0.0282071
0.0284482
0.0284303
0.0284129
0.0283953
0.0283778
0.0283603
0.0283428
0.0283252
0.0283078
0.0282901
0.0282727
0.0282553
0.0282378
0.028221
0.0282058
0.028448
0.0284328
0.0284175
0.0284021
0.0283866
0.0283718
0.0283561
0.028341
0.0283257
0.0283104
0.0282954
0.0282801
0.0282648
0.0282497
0.0282347
0.0282189
0.028204
0.0281889
0.0281734
0.0281582
0.0281434
0.0281283
0.0281129
0.0280979
0.0280829
0.0280673
0.0280525
0.0280373
0.0280221
0.0280071
0.0279922
0.0279771
0.027962
0.0279468
0.027932
0.0279166
0.0279016
0.0278869
0.0278717
0.0278567
0.0278417
0.027827
0.0278117
0.0277968
0.0277817
0.027767
0.0277521
0.0277368
0.0277219
0.0277069
0.0276922
0.0276771
0.0276619
0.0276474
0.0276327
0.0276175
0.0276026
0.027588
0.0275732
0.0275577
0.0275433
0.0275285
0.0275133
0.0274989
0.0274838
0.0274692
0.0277073
0.0276925
0.0276777
0.0276628
0.0276483
0.0276332
0.0276181
0.0276036
0.0275887
0.0275738
0.0275592
0.0275444
0.0275293
0.0277671
0.0277522
0.0277372
0.0277226
0.0277078
0.0276929
0.0276784
0.0276633
0.0276486
0.0276339
0.0276191
0.0276043
0.0275896
0.027575
0.0275602
0.0275447
0.0275306
0.0275158
0.027501
0.0274864
0.0274717
0.0274572
0.0274426
0.027428
0.0274129
0.0273985
0.0273839
0.0273694
0.0273544
0.0273398
0.0273253
0.0275611
0.0275462
0.0275313
0.0275172
0.0275025
0.027488
0.0274733
0.0274586
0.0274439
0.0274294
0.0274147
0.0274004
0.0273857
0.0273709
0.0273563
0.0273419
0.0273274
0.0273129
0.0272982
0.0272838
0.0272692
0.0272546
0.0272401
0.0272256
0.0272109
0.0271967
0.0271823
0.0271678
0.0271533
0.0271387
0.0271243
0.0271097
0.0270954
0.0270808
0.0270666
0.0270521
0.0270379
0.0270237
0.0270092
0.0269943
0.0269799
0.0269657
0.0269515
0.0269372
0.0269229
0.0269085
0.0271416
0.0271273
0.0271127
0.0270983
0.0270841
0.0270695
0.0273025
0.0272879
0.0272735
0.0272593
0.0272448
0.0272302
0.0272161
0.0274485
0.0274341
0.0276663
0.0276517
0.0276374
0.0276231
0.0276087
0.027594
0.0275795
0.0275652
0.0275506
0.027536
0.0277679
0.0277531
0.0278556
0.0278272
0.027799
0.0280164
0.027988
0.0279596
0.0279313
0.0279031
0.0278746
0.0278464
0.027818
0.0277897
0.0277616
0.0277332
0.0277051
0.0276769
0.0278935
0.0278653
0.027837
0.0278087
0.0277806
0.0279971
0.0279689
0.0279407
0.028157
0.0281287
0.0281004
0.0280722
0.0280439
0.0280157
0.0279875
0.0279595
0.0279313
0.0279032
0.0278751
0.0278469
0.0278188
0.0277906
0.0277625
0.0277343
0.0277063
0.0276784
0.0276504
0.0276224
0.0275945
0.0275664
0.0275384
0.0275105
0.0274825
0.0274546
0.0274267
0.0273988
0.027371
0.027343
0.0273152
0.0272874
0.0272594
0.0272316
0.0272039
0.0271759
0.0273907
0.0273629
0.0275772
0.0275494
0.0275214
0.0274937
0.0274658
0.0274381
0.0274102
0.0273824
0.0273547
0.0273271
0.0272993
0.0272716
0.0272437
0.0272162
0.0274298
0.0274022
0.0276157
0.0275878
0.0275601
0.0275323
0.0275046
0.0274769
0.0274493
0.0274216
0.0273941
0.0273663
0.0273386
0.0273112
0.027524
0.0274963
0.0274686
0.0274411
0.0274134
0.0273858
0.0273582
0.0273306
0.0273032
0.0272756
0.0272481
0.0272205
0.027193
0.0271656
0.027138
0.0271106
0.027083
0.0272953
0.0272678
0.0272403
0.0272126
0.0274248
0.0273973
0.0273697
0.0273422
0.0273147
0.0272874
0.0272599
0.0272325
0.0274441
0.0276554
0.0278667
0.0278391
0.0278117
0.0277842
0.0277568
0.0277293
0.0277017
0.0276743
0.0276469
0.0276194
0.027592
0.0275646
0.0275372
0.0275099
0.0274824
0.0276932
0.0276657
0.0276382
0.0276109
0.0278214
0.0277939
0.0277664
0.0277392
0.0277118
0.0276845
0.0276571
0.0276298
0.0276024
0.0275751
0.027548
0.0275205
0.0274934
0.0274661
0.0274389
0.0274116
0.0276213
0.027594
0.0275669
0.0275395
0.0275124
0.0274851
0.027458
0.0274308
0.0274037
0.0273766
0.0273494
0.0273224
0.0272952
0.0272681
0.027477
0.02745
0.0274229
0.0276315
0.0276044
0.0275773
0.0275501
0.027523
0.0274961
0.0274689
0.0274419
0.0274148
0.0273879
0.0273607
0.0273337
0.0273068
0.0272797
0.027488
0.0274609
0.0274338
0.0276418
0.0276147
0.0275878
0.0275607
0.0275337
0.0275068
0.0274798
0.0276873
0.0276603
0.0276333
0.0276064
0.0275795
0.0275525
0.0275255
0.0274986
0.0277056
0.0276787
0.0276518
0.027625
0.027598
0.0275711
0.0275443
0.0275174
0.0274904
0.0274635
0.0274368
0.02741
0.027383
0.0273564
0.0273297
0.0273029
0.0273299
0.0273004
0.0272709
0.0272413
0.0272117
0.0271822
0.0271527
0.0271232
0.0273266
0.0272971
0.0272675
0.0272381
0.0272086
0.0271791
0.0271496
0.0273526
0.0273231
0.0272937
0.0272642
0.0272348
0.0272053
0.0274079
0.0273785
0.027581
0.0275515
0.027522
0.0274926
0.0274632
0.0274338
0.0274044
0.027375
0.027577
0.0275477
0.0275183
0.0274889
0.0274594
0.0276614
0.0276321
0.0276025
0.0275733
0.0275437
0.0275145
0.0274851
0.0274559
0.0274265
0.0273973
0.0275987
0.0275693
0.0277706
0.0277413
0.0277116
0.0276827
0.0276534
0.0276241
0.0275946
0.0277959
0.0277664
0.027737
0.0277079
0.0276785
0.0276493
0.0276201
0.0275908
0.0275615
0.0275323
0.0275031
0.027474
0.0274448
0.0274159
0.0273866
0.0273576
0.0275577
0.0275286
0.0274994
0.0274704
0.0274412
0.0274121
0.027383
0.0273539
0.0275539
0.0275248
0.0274957
0.0274665
0.0274377
0.0274085
0.0273795
0.0273505
0.0273215
0.0272925
0.0272635
0.0272347
0.0274339
0.0274051
0.0273759
0.0275752
0.0275463
0.0275173
0.0274884
0.0274593
0.0274304
0.0274014
0.0273725
0.0275714
0.0275425
0.0275136
0.0274845
0.0274557
0.0274269
0.0273978
0.027369
0.0273402
0.0273114
0.0272826
0.0272537
0.0274521
0.0274233
0.0273944
0.0273656
0.0273368
0.027308
0.0272793
0.0272505
0.0272216
0.027193
0.0271643
0.0271356
0.0271069
0.0270781
0.0270495
0.0270209
0.0269921
0.0269635
0.026935
0.0269063
0.0268777
0.0268492
0.0268205
0.0267921
0.0269893
0.0269608
0.0271582
0.0271295
0.027101
0.0270724
0.0270439
0.0270152
0.0269866
0.0269582
0.0269296
0.0269011
0.0268726
0.0268442
0.0268157
0.0267873
0.0267588
0.0267304
0.026702
0.0266736
0.0266452
0.0266168
0.0265884
0.0265601
0.0267564
0.0269527
0.0269243
0.0268961
0.0268677
0.0268393
0.0268109
0.0267825
0.0267543
0.0267258
0.0266975
0.0266692
0.026641
0.0268368
0.0268084
0.0267801
0.0267518
0.0267236
0.0266954
0.0266671
0.0266389
0.0266106
0.0265825
0.0267782
0.0267527
0.0267271
0.0269165
0.0268882
0.0268601
0.0268319
0.0270268
0.0269986
0.0269704
0.0269422
0.0269141
0.0271088
0.0270805
0.0270522
0.027024
0.0269959
0.0269678
0.0269395
0.0269114
0.0268833
0.026855
0.026827
0.0270213
0.0269932
0.0269651
0.0269369
0.0269088
0.0268807
0.0268526
0.0268245
0.0267965
0.0267685
0.0267404
0.0267125
0.0266843
0.0266565
0.0268503
0.0268221
0.026794
0.0267661
0.0267382
0.0267103
0.0266822
0.0266543
0.0266264
0.0265985
0.0265706
0.0265427
0.0265148
0.0264868
0.026459
0.0264311
0.0264034
0.0263755
0.0263478
0.02632
0.0262921
0.0262645
0.0262367
0.0262116
0.0261973
0.0261831
0.0261684
0.026154
0.0261396
0.0261248
0.0261106
0.0260962
0.0260816
0.0260671
0.0260525
0.0260385
0.0260239
0.0260094
0.0259951
0.0259807
0.0259662
0.025952
0.0259375
0.0259233
0.0259089
0.0258945
0.0260139
0.025989
0.0259641
0.0259393
0.0259144
0.0258897
0.0258647
0.0258399
0.025815
0.0257902
0.0257654
0.0257406
0.0257159
0.0256939
0.0256795
0.0256653
0.0256511
0.0258554
0.0258411
0.0258269
0.0258129
0.0257985
0.0257841
0.0258806
0.025856
0.0258313
0.0258067
0.0257818
0.0257571
0.0257325
0.0257076
0.025683
0.0256585
0.0256338
0.0256131
0.0255992
0.025585
0.0255709
0.0255564
0.0255426
0.0255283
0.0255142
0.0255
0.0254861
0.0254717
0.0254576
0.0254436
0.0254294
0.0254155
0.0254012
0.0253873
0.0254089
0.0253845
0.02536
0.0253355
0.0253167
0.0253026
0.0255052
0.0254912
0.0254772
0.0254631
0.025449
0.0254351
0.0254208
0.0254067
0.0253925
0.0253789
0.0253648
0.0253508
0.0253364
0.0253226
0.0255245
0.0255106
0.0254967
0.0254828
0.0254685
0.0254546
0.0254405
0.0254266
0.0254126
0.0253984
0.0253845
0.0253706
0.0253565
0.0253425
0.0253285
0.0255299
0.0255159
0.0255017
0.0254878
0.025474
0.0254599
0.025446
0.0254321
0.0254182
0.0254039
0.02539
0.0253762
0.025362
0.025348
0.0253345
0.0253205
0.0253063
0.0252926
0.0252786
0.0252649
0.0252507
0.0252368
0.025223
0.025209
0.0251952
0.0251815
0.0251676
0.0251536
0.0251398
0.0251261
0.0251123
0.0250984
0.0250845
0.0250705
0.0250566
0.0250431
0.0250293
0.0250155
0.0250016
0.0252014
0.0251878
0.0251741
0.0251601
0.0251464
0.0251325
0.0251185
0.025105
0.0250909
0.0250772
0.0250637
0.0250496
0.0250453
0.0250223
0.0250083
0.0249947
0.0249808
0.0249671
0.0249534
0.02494
0.0249263
0.0249124
0.0248988
0.0248851
0.0248715
0.0248577
0.024844
0.0248302
0.0248165
0.0248032
0.0247895
0.0247755
0.0247621
0.0247484
0.0247347
0.024721
0.0247074
0.024906
0.0248922
0.0248789
0.0248649
0.0248511
0.0248376
0.0248241
0.0248103
0.0247967
0.0247831
0.0247698
0.0247558
0.0247422
0.0247287
0.0247154
0.0247016
0.0248991
0.0248856
0.0248724
0.0248584
0.0248447
0.0248313
0.0248181
0.0248041
0.0247908
0.024777
0.0247633
0.0247501
0.0247366
0.0247229
0.0247092
0.0246958
0.0246824
0.0246688
0.0246552
0.0246418
0.0246283
0.0246148
0.0246013
0.0245879
0.0245744
0.0245609
0.0245474
0.0247439
0.0247304
0.0247168
0.0247034
0.02469
0.0247906
0.0247671
0.0247436
0.0247201
0.0246966
0.0248827
0.024859
0.0248356
0.024812
0.024998
0.0251837
0.0251601
0.0251366
0.0251131
0.0250895
0.025066
0.0250425
0.0250189
0.0249954
0.0249718
0.0249484
0.024925
0.0249014
0.024878
0.0248546
0.0248311
0.0248076
0.0247843
0.0247608
0.0247374
0.0247141
0.0246907
0.0246673
0.024644
0.0246206
0.0248055
0.0247822
0.0247588
0.0247353
0.0247121
0.0246887
0.0246654
0.024642
0.0246188
0.0245954
0.0245723
0.0247567
0.0247334
0.0247099
0.0246868
0.0246634
0.0246403
0.024617
0.0245936
0.0245703
0.0245471
0.0245239
0.0245008
0.0244775
0.0244543
0.0244312
0.0246151
0.024592
0.0245687
0.0245456
0.0245224
0.0244992
0.0244759
0.0244527
0.0244296
0.0244065
0.0243834
0.0243603
0.0243371
0.0243148
0.0243014
0.0242882
0.0242751
0.0242617
0.024249
0.0242358
0.0243589
0.0243359
0.0243129
0.0242898
0.0242667
0.0244498
0.0246328
0.0246099
0.0245867
0.0245637
0.0245405
0.0245175
0.0244945
0.0244714
0.0244502
0.0244371
0.024608
0.0245849
0.0245619
0.0245389
0.0245158
0.0244929
0.0244698
0.0244469
0.024424
0.0244008
0.0243779
0.024355
0.024332
0.0243091
0.0242862
0.0242633
0.0242404
0.0242177
0.0243996
0.0243799
0.0243669
0.0245585
0.0245455
0.0245324
0.0245192
0.0247108
0.0246975
0.0246845
0.0246714
0.0246581
0.024645
0.0246321
0.0246187
0.0246056
0.0245928
0.0246237
0.024601
0.0245782
0.0245552
0.0245323
0.0245142
0.024501
0.0244881
0.0246788
0.024666
0.0246528
0.0246395
0.0246265
0.0246133
0.0246004
0.0245875
0.0245741
0.0245613
0.0245481
0.0245351
0.0245221
0.0245092
0.0244963
0.0244832
0.0244703
0.0244571
0.024444
0.0244312
0.0244182
0.0244051
0.0243924
0.0243792
0.0243661
0.0243532
0.0243405
0.0243276
0.0243145
0.0243016
0.0242885
0.0242756
0.0242627
0.0242499
0.0242368
0.0242239
0.0242112
0.0241982
0.0241854
0.0241725
0.0241596
0.0241466
0.0241339
0.0241211
0.0241084
0.0240951
0.0240823
0.0240697
0.0240567
0.024044
0.0240309
0.0240182
0.0240055
0.0239927
0.0239795
0.023967
0.0239541
0.0239415
0.0239286
0.0239159
0.023903
0.0238903
0.0238776
0.0238646
0.0240532
0.0240405
0.0240278
0.0240147
0.024002
0.0239894
0.0239766
0.0239636
0.023951
0.0239383
0.0239256
0.0239128
0.0239002
0.0238874
0.0238747
0.0238619
0.0238492
0.0238366
0.0238237
0.0238112
0.0237982
0.0237859
0.0237729
0.0237603
0.0237477
0.0237351
0.0237224
0.0237097
0.0236968
0.0236844
0.0236716
0.0236592
0.0236465
0.0236337
0.0236212
0.0236086
0.023596
0.0235832
0.0235709
0.0235582
0.0235458
0.023533
0.0235205
0.0235079
0.0234953
0.0234827
0.0234703
0.0234576
0.023445
0.0234327
0.02342
0.0234075
0.0233949
0.0233824
0.0234051
0.0235821
0.0235599
0.0235378
0.0235187
0.0235062
0.0234936
0.0234811
0.0234685
0.0236546
0.0236421
0.0236297
0.023617
0.0236046
0.0235921
0.0235795
0.0237652
0.0237527
0.0237405
0.0237279
0.0237151
0.0237026
0.0236901
0.0236774
0.0236651
0.0236526
0.0236402
0.0236276
0.023615
0.0236026
0.0235898
0.0235776
0.0235652
0.0235527
0.02354
0.0235279
0.023515
0.0235028
0.0234906
0.0234778
0.0234656
0.0234528
0.0234407
0.0234281
0.0234156
0.0234033
0.0233909
0.0235757
0.0235631
0.0235507
0.0235382
0.0235259
0.0235134
0.023501
0.0234886
0.0234761
0.0234638
0.0234513
0.0234391
0.0234266
0.0234145
0.023402
0.0233896
0.0233772
0.023365
0.0233524
0.0233402
0.0233278
0.0233153
0.023303
0.0232908
0.0232784
0.0232661
0.0232537
0.0232413
0.0232292
0.0232167
0.0232047
0.0231924
0.0231801
0.0231677
0.0231553
0.0231431
0.0231308
0.0231189
0.0231063
0.0230942
0.0232775
0.0232651
0.0232528
0.0232404
0.0232285
0.023216
0.0232038
0.0231917
0.0231794
0.0231673
0.0231546
0.0231426
0.0231302
0.0231181
0.0231059
0.0230935
0.0230815
0.0230691
0.0232521
0.0232399
0.0232275
0.0232152
0.0232028
0.0231909
0.0231786
0.0231663
0.0231541
0.0233368
0.0233244
0.0235071
0.0234946
0.0234822
0.0234701
0.0234576
0.0234454
0.0234332
0.023421
0.0234087
0.0233967
0.0233844
0.0233721
0.02336
0.0233477
0.0233356
0.0233235
0.0233111
0.0232989
0.0232866
0.0232747
0.0232623
0.0232504
0.0232381
0.0232258
0.0232137
0.0232015
0.0231897
0.0231772
0.0231652
0.0231532
0.023141
0.0231289
0.0231167
0.0231047
0.0230928
0.0230805
0.0232617
0.0232495
0.0232373
0.0232252
0.0232131
0.0232011
0.0231889
0.0231767
0.0231649
0.0231526
0.0231405
0.0231285
0.0231164
0.0231041
0.0230922
0.0230799
0.023068
0.023056
0.023044
0.0230321
0.02302
0.0230078
0.0229959
0.022984
0.0229717
0.0229598
0.0229477
0.0229357
0.0229236
0.0229118
0.0228997
0.0228879
0.0228756
0.0228637
0.0228517
0.0230318
0.0230196
0.0231997
0.0231876
0.0231755
0.0231637
0.0231516
0.0231395
0.0231276
0.023307
0.0232949
0.0232829
0.023271
0.0232587
0.0232467
0.023235
0.0232229
0.0232108
0.0231991
0.0231867
0.0231749
0.0231625
0.0231511
0.0231389
0.0231269
0.0231151
0.0231031
0.0230909
0.0230791
0.0230672
0.0230551
0.0230432
0.0230315
0.0230194
0.0230075
0.0229956
0.0229837
0.0229717
0.02296
0.0229478
0.0229362
0.022924
0.0229123
0.0229003
0.0228887
0.0228768
0.0228645
0.0228529
0.0228409
0.0228292
0.0228172
0.0228054
0.0227938
0.0227817
0.0227699
0.0227579
0.0227466
0.0229244
0.0229123
0.0229004
0.0228886
0.0228772
0.0228651
0.0228534
0.0228413
0.0228297
0.0228178
0.0228058
0.022794
0.022782
0.0227704
0.0227588
0.0227471
0.0227353
0.0227239
0.0227118
0.0226998
0.022688
0.0226764
0.022665
0.0227243
0.0227035
0.0226827
0.0226619
0.0226409
0.0226202
0.0225995
0.0227675
0.0227467
0.0227259
0.0227051
0.0226844
0.0226635
0.0226428
0.022622
0.0226012
0.0225806
0.0225598
0.0227275
0.0227068
0.0226859
0.0226651
0.0226445
0.0226237
0.022603
0.0225825
0.0225617
0.022541
0.0225203
0.0224996
0.0224789
0.0224583
0.0224378
0.0226048
0.022584
0.0225635
0.022543
0.0225222
0.0225015
0.0224809
0.0224601
0.0224398
0.0224192
0.0223985
0.0223779
0.0223573
0.0223367
0.0223162
0.0222956
0.022275
0.0222545
0.0222339
0.0222134
0.0221928
0.0223595
0.022526
0.0226924
0.0226718
0.0228384
0.0230047
0.0229839
0.0229633
0.0229425
0.022922
0.0229014
0.0228808
0.02286
0.0228395
0.022819
0.0227983
0.0227779
0.0227572
0.0227368
0.0227162
0.0226957
0.0226751
0.0226545
0.0226341
0.0227997
0.0227793
0.0227589
0.0227382
0.0227177
0.0226972
0.0226767
0.0228422
0.0228218
0.0228014
0.0227808
0.0227602
0.0227397
0.0227194
0.0226988
0.0226785
0.022658
0.0226374
0.0226172
0.0225966
0.0227618
0.0227413
0.0227209
0.0227003
0.02268
0.0226596
0.0228246
0.022804
0.022969
0.0229485
0.0229281
0.0229076
0.0228871
0.0228667
0.0228464
0.0228259
0.0228055
0.022785
0.0227647
0.0227443
0.0227239
0.0228884
0.0228681
0.0228478
0.0228272
0.0228068
0.0227864
0.0227662
0.0229304
0.0229101
0.0228896
0.0228693
0.022849
0.0228285
0.0228083
0.0227879
0.0227676
0.0229318
0.0230955
0.0230752
0.0230549
0.0230345
0.0231982
0.0231779
0.0231575
0.0231373
0.0231169
0.0230964
0.023076
0.0230557
0.0230355
0.0230151
0.0229948
0.0229746
0.0229542
0.0229339
0.0229137
0.0228934
0.0228732
0.022853
0.0228326
0.0228125
0.0227921
0.022772
0.0229353
0.0229149
0.0228947
0.0228745
0.0228542
0.0228339
0.0228138
0.0227935
0.0227734
0.0227532
0.0227331
0.0228957
0.0228758
0.0228555
0.0228352
0.0228152
0.0227952
0.0227748
0.0227548
0.0227346
0.0227144
0.0226944
0.0226741
0.0226541
0.022634
0.022614
0.0225938
0.0225736
0.0225537
0.0225336
0.0225133
0.0224934
0.0224735
0.0226357
0.0226155
0.0225955
0.0225754
0.0225555
0.0225354
0.0225154
0.0224953
0.0224754
0.0224553
0.0224353
0.0224153
0.0223953
0.0223753
0.0223554
0.0223354
0.0224972
0.0224773
0.0224572
0.0226189
0.022599
0.0225791
0.022559
0.022539
0.0225191
0.0224992
0.0224792
0.0224591
0.0224394
0.0224193
0.0223994
0.0223796
0.0223596
0.0223397
0.0223199
0.0222999
0.0222801
0.0222602
0.0222403
0.0224014
0.0223815
0.0223617
0.0223418
0.022322
0.0223022
0.0222824
0.0222625
0.0222425
0.0222229
0.022203
0.0221832
0.0223439
0.022324
0.0223044
0.0222845
0.0222647
0.0222449
0.0222251
0.0222053
0.0221856
0.0221657
0.022146
0.0221263
0.0221065
0.0220867
0.022067
0.0220473
0.0220276
0.0220078
0.0219882
0.0219685
0.0219489
0.0221089
0.0220892
0.0220696
0.02205
0.0220302
0.0220104
0.0219909
0.0219712
0.0219516
0.0221115
0.0222713
0.0224312
0.0224115
0.0223918
0.022372
0.0223525
0.0223326
0.0223129
0.0222933
0.0222737
0.0222539
0.0222342
0.0222148
0.0221949
0.0221753
0.0223347
0.0223151
0.0222955
0.0222758
0.0222563
0.0222367
0.022217
0.0221974
0.0221778
0.022158
0.0221384
0.0221188
0.0220993
0.0220797
0.0220601
0.0220407
0.0220211
0.0220015
0.0219819
0.0219623
0.0219429
0.0219234
0.0219039
0.0218844
0.021865
0.0218453
0.0220041
0.0219847
0.0219651
0.0219457
0.0221041
0.0220847
0.0220653
0.0220457
0.0220262
0.0220068
0.0219873
0.0219678
0.0219483
0.0219289
0.0219095
0.0218899
0.0218706
0.0218511
0.0218317
0.0219899
0.0219705
0.0219511
0.0219316
0.0219122
0.0218928
0.0220508
0.0220315
0.0220121
0.0219926
0.0219731
0.0219538
0.0219343
0.0219151
0.0218955
0.0218762
0.0218568
0.0220147
0.0219953
0.0219758
0.0219565
0.0219371
0.0219176
0.0218983
0.021879
0.0218596
0.0218403
0.021821
0.0218018
0.0217824
0.0217631
0.0217437
0.0217245
0.0217052
0.021686
0.0216666
0.0216474
0.0218046
0.0217853
0.0217661
0.0217468
0.0217276
0.0217083
0.0216891
0.0216699
0.0216505
0.0216312
0.021612
0.0215929
0.0215736
0.0215544
0.0215353
0.0215161
0.021497
0.0214776
0.0216345
0.0216153
0.0215961
0.021577
0.0217335
0.0217144
0.0216953
0.0216761
0.0216569
0.0216377
0.0216186
0.0215995
0.0215803
0.0215611
0.021542
0.0215228
0.0216792
0.02166
0.0216408
0.0216217
0.0216026
0.0215836
0.0215644
0.0215453
0.0215262
0.0215071
0.0214879
0.0214689
0.0214499
0.0214309
0.0214118
0.0213927
0.0215486
0.0215295
0.0215105
0.0214914
0.0214723
0.0214533
0.0214343
0.0214152
0.0213962
0.0213771
0.0215328
0.0215139
0.0214947
0.0216503
0.0216314
0.0217868
0.0217676
0.0217487
0.0217296
0.0217105
0.0216916
0.0216725
0.0218279
0.0218086
0.0217897
0.0217707
0.0217516
0.0217326
0.0217136
0.0216945
0.0216756
0.0216566
0.0218117
0.0219667
0.0219476
0.0219285
0.0219095
0.0220644
0.0220453
0.0220262
0.0220072
0.0219883
0.0219693
0.0219502
0.0219312
0.0219122
0.0218933
0.0218742
0.0218554
0.0218363
0.0218173
0.0217984
0.0217795
0.0217605
0.0217416
0.0217226
0.0217038
0.0218582
0.0218391
0.0218202
0.0218014
0.0219556
0.0219365
0.0219176
0.0220717
0.0220528
0.0222068
0.0221878
0.0221689
0.0221499
0.022131
0.0221121
0.0220932
0.0220742
0.0220553
0.0220365
0.0220174
0.0219986
0.0221522
0.0221334
0.0221145
0.0220956
0.0220767
0.0220579
0.0220387
0.02202
0.0221734
0.0221546
0.0223081
0.0222891
0.0222701
0.0222514
0.0222324
0.0222134
0.0221947
0.0221758
0.022157
0.0221379
0.0221193
0.0221004
0.0220816
0.0220627
0.0220439
0.0220249
0.0220063
0.0219874
0.0219687
0.0219498
0.0219311
0.0219123
0.0218934
0.0218747
0.0218559
0.0218371
0.0218183
0.0217997
0.021781
0.0217621
0.0217435
0.0217248
0.021706
0.0216873
0.0216687
0.0216499
0.0216312
0.0216125
0.0215938
0.0215752
0.0215565
0.021538
0.0215192
0.0215007
0.021482
0.0214633
0.0214449
0.0214262
0.0214074
0.0213889
0.0213702
0.0213517
0.021333
0.0213146
0.0214668
0.0214481
0.0214295
0.0214111
0.0213925
0.0213738
0.0213553
0.0213366
0.0213181
0.0212995
0.021281
0.0212625
0.0214143
0.0213959
0.0213772
0.0213587
0.0215105
0.0214919
0.0214733
0.0214548
0.0216064
0.0215878
0.0215693
0.0215508
0.0215324
0.0215138
0.0214951
0.0216467
0.0216281
0.0216095
0.021591
0.0215726
0.0215541
0.0215355
0.021517
0.0214985
0.0214801
0.0214615
0.0214431
0.0214247
0.0214061
0.0213877
0.0213692
0.0213507
0.0213323
0.0213138
0.0212954
0.0212771
0.0212587
0.0212401
0.0212218
0.0212033
0.021185
0.0211666
0.0211484
0.0211298
0.0211115
0.0210932
0.0210749
0.0210565
0.0210381
0.0210199
0.0210015
0.0209832
0.0209648
0.0209466
0.0209282
0.0209099
0.0208917
0.0208735
0.0210238
0.0210053
0.0209872
0.0209689
0.0209507
0.0209324
0.020914
0.0208957
0.0208775
0.0208594
0.0208412
0.0208228
0.0208046
0.0207863
0.0207681
0.0207499
0.0207316
0.0207135
0.0206953
0.0206772
0.020659
0.0206409
0.0206226
0.0206045
0.0205862
0.0207362
0.0207179
0.0206997
0.0206816
0.0206634
0.0206454
0.0206271
0.0206091
0.0205909
0.0205728
0.0205546
0.0205365
0.0205185
0.0205002
0.0204822
0.0204642
0.0204461
0.0204279
0.0204099
0.0203918
0.0203739
0.0203558
0.0203378
0.0203197
0.0203017
0.0204509
0.0204328
0.0205821
0.020564
0.0205458
0.0205278
0.0205098
0.0204919
0.0204738
0.0204557
0.0204377
0.0204197
0.0204017
0.0205507
0.0205325
0.0205145
0.0204964
0.0204785
0.0204604
0.0206092
0.0205913
0.0207399
0.0207221
0.0207038
0.0206859
0.0206677
0.0206498
0.0206318
0.0206138
0.0205958
0.0205778
0.0205598
0.0207083
0.0206903
0.0206722
0.0206543
0.0208026
0.0207846
0.0207666
0.0207486
0.0207307
0.0207127
0.0206947
0.0206767
0.0208249
0.0208068
0.020789
0.0209369
0.020919
0.021067
0.0210489
0.021031
0.0210129
0.020995
0.0209768
0.020959
0.020941
0.020923
0.0209052
0.0208871
0.0208691
0.0208511
0.0208333
0.0208154
0.0207974
0.0207795
0.0207617
0.0207438
0.0207258
0.0207078
0.02069
0.0206721
0.0206542
0.0208016
0.0207838
0.0207659
0.020748
0.0207301
0.0207123
0.0206944
0.0206766
0.0206587
0.020641
0.0206231
0.0206053
0.0205873
0.0205696
0.0205517
0.020534
0.0205162
0.0204983
0.0204805
0.0204628
0.020445
0.0204272
0.0204095
0.0203916
0.0203739
0.0203562
0.0203384
0.0203207
0.0204675
0.0206141
0.0205964
0.0205787
0.0205609
0.0205431
0.0205253
0.0205078
0.0204899
0.0204723
0.0204545
0.0204367
0.020419
0.0204013
0.0203837
0.0203659
0.0203483
0.0203305
0.0203128
0.0202951
0.0202774
0.0202598
0.020242
0.0202244
0.0202069
0.0201893
0.0201716
0.0201539
0.0201363
0.0201189
0.020101
0.0200834
0.0200658
0.0200483
0.0201944
0.0203401
0.0203224
0.020305
0.0202875
0.0202696
0.0202522
0.0202346
0.020217
0.0203626
0.0203452
0.0204909
0.0204732
0.0204557
0.0206013
0.0205835
0.0205659
0.0205484
0.0205306
0.0205131
0.0204955
0.0204778
0.0204602
0.0204427
0.0204251
0.0204075
0.0203899
0.0203725
0.0203547
0.0203373
0.0203198
0.0203022
0.0202846
0.0202671
0.0204123
0.0203947
0.0203772
0.0203596
0.0203422
0.0203246
0.0203071
0.0202895
0.020272
0.0202546
0.020237
0.0202194
0.020202
0.0201846
0.0201672
0.0201496
0.0201322
0.020277
0.0202594
0.020242
0.0202247
0.0202071
0.0201897
0.0201723
0.0201547
0.0201373
0.0201198
0.0201024
0.020085
0.0200676
0.0200502
0.0200328
0.0200154
0.0199979
0.0199807
0.0199631
0.0199459
0.0199285
0.0199112
0.0198936
0.0198762
0.0200206
0.0200032
0.0199859
0.0199687
0.0199512
0.0199338
0.0199164
0.0198992
0.0198818
0.0198646
0.0198473
0.0198299
0.0198126
0.0197954
0.0197779
0.0197606
0.0197434
0.019726
0.0197089
0.0198527
0.0198354
0.0198181
0.0199621
0.0199447
0.0199273
0.0199101
0.0198928
0.0198755
0.0200191
0.0200019
0.0199845
0.0199673
0.01995
0.0200934
0.0200761
0.020059
0.0200417
0.0200242
0.0200072
0.0199898
0.0199727
0.0199553
0.0199381
0.0199208
0.0199036
0.0198863
0.0198693
0.019852
0.0198346
0.0198176
0.0198004
0.019783
0.019766
0.0197487
0.0197316
0.0197144
0.0196973
0.0196801
0.019663
0.0196457
0.0196287
0.0196115
0.0195943
0.0195771
0.0195601
0.0195429
0.0195258
0.0195087
0.0194917
0.0194747
0.0194575
0.0194404
0.0194233
0.0194061
0.0195488
0.0195318
0.0195148
0.0194975
0.0194804
0.0194633
0.0196061
0.0195889
0.0195719
0.0195548
0.0196973
0.0198396
0.0198225
0.0198053
0.0197883
0.0197712
0.0197541
0.019737
0.0198791
0.0198622
0.019845
0.0198278
0.0198108
0.0197937
0.0197766
0.0197596
0.0197425
0.0197256
0.0197085
0.0196915
0.0196744
0.0196573
0.0196404
0.0196233
0.0196064
0.0195892
0.0195722
0.0195553
0.0195383
0.0195214
0.0195044
0.0194874
0.0194705
0.0194535
0.0194365
0.0194195
0.0194027
0.0193857
0.0193688
0.0193518
0.0194933
0.0194764
0.0194595
0.0194425
0.0194256
0.0194086
0.0193917
0.0193748
0.0193579
0.019341
0.0193241
0.0193072
0.0192902
0.0192734
0.0192567
0.0192398
0.0192229
0.0192059
0.0191892
0.0191723
0.0191554
0.0191386
0.0191216
0.019105
0.0190882
0.0190714
0.0190545
0.0191954
0.0191786
0.0191619
0.019145
0.019128
0.0191113
0.0190945
0.0190778
0.019061
0.0192018
0.0191849
0.0191681
0.0191514
0.0192921
0.0192752
0.0194158
0.0193992
0.0193824
0.0193654
0.0193486
0.0193318
0.0193149
0.0192982
0.0192816
0.0192646
0.0192479
0.019231
0.0192143
0.0191976
0.0193378
0.0193211
0.0193043
0.0192876
0.0192708
0.0192542
0.0192374
0.0192207
0.0192038
0.0191872
0.0191705
0.0191537
0.019137
0.0191203
0.0192603
0.0192434
0.0193834
0.0193668
0.0193501
0.0193333
0.0194732
0.0194565
0.0194396
0.0195795
0.0195627
0.019546
0.0196857
0.0196689
0.0196521
0.0197917
0.019775
0.0197583
0.0197414
0.0197247
0.019708
0.0196912
0.0196746
0.0196579
0.0196409
0.0196244
0.0196077
0.0195908
0.0195742
0.0195575
0.0195408
0.0196801
0.0196634
0.0196467
0.0196301
0.0196133
0.0195966
0.0195799
0.0195632
0.0195466
0.0196856
0.0196689
0.0196523
0.0196356
0.0196189
0.0196021
0.0195855
0.0197245
0.0197078
0.0196911
0.0196746
0.0198133
0.0197966
0.01978
0.0197634
0.0197467
0.0197301
0.0197134
0.0196968
0.0196802
0.0198187
0.019802
0.0197853
0.0197688
0.0197522
0.0197356
0.0197188
0.0197023
0.0196856
0.019669
0.0198075
0.0197906
0.0197742
0.0197576
0.0197409
0.0197244
0.0197077
0.0196911
0.0196745
0.019658
0.0196415
0.0196248
0.0196083
0.0197464
0.0197299
0.0197132
0.0196967
0.0196801
0.0196635
0.0196469
0.0196304
0.0196137
0.0195974
0.0197352
0.0197186
0.019702
0.0196855
0.0196691
0.0196525
0.019636
0.0196194
0.0196029
0.0195864
0.0195699
0.0195534
0.0195369
0.0195204
0.019504
0.0194874
0.0194709
0.0194546
0.019438
0.0194215
0.0194051
0.0193887
0.0193722
0.0193557
0.0193394
0.0193228
0.0193064
0.01929
0.0192736
0.0192571
0.0192407
0.0192243
0.019208
0.0193452
0.0193288
0.0193126
0.0192961
0.0192797
0.0192633
0.0192469
0.0192306
0.0193676
0.0193512
0.0193349
0.0193185
0.0193021
0.0192857
0.0192693
0.0192531
0.0193899
0.0193735
0.0193571
0.0193406
0.0193245
0.0193081
0.0192918
0.0192754
0.019259
0.0192426
0.0192263
0.01921
0.0193468
0.0193304
0.019314
0.0192976
0.0192814
0.0192651
0.0192487
0.0192324
0.0192161
0.0191998
0.0191835
0.0191672
0.0191509
0.0191347
0.019271
0.0192549
0.0192384
0.0193748
0.0193584
0.0193422
0.0194786
0.0194621
0.0194458
0.0194296
0.0194132
0.019397
0.019533
0.0195168
0.0195004
0.0194842
0.019468
0.0194517
0.0194353
0.0194191
0.0194027
0.0193864
0.0193703
0.019354
0.0193377
0.0193215
0.0194575
0.0194409
0.0194249
0.0194086
0.0193924
0.0193761
0.0193599
0.0193436
0.0193273
0.0193112
0.0192952
0.0192789
0.0192626
0.0192463
0.0192302
0.019214
0.0191979
0.0191817
0.0191655
0.0191492
0.019133
0.019117
0.0191008
0.0190847
0.0192202
0.019204
0.0191877
0.0191716
0.0191554
0.0191393
0.0191232
0.0191069
0.0190908
0.0190747
0.0190587
0.0190425
0.0190264
0.0190104
0.0189943
0.018978
0.0189621
0.0189459
0.0189298
0.0189137
0.0188978
0.0188816
0.0188657
0.0188496
0.0188335
0.0188174
0.0188013
0.0187854
0.0189201
0.0189042
0.0188881
0.0188718
0.018856
0.0188399
0.018824
0.018808
0.0187919
0.0189266
0.0189105
0.0188947
0.0188786
0.0188625
0.0188463
0.0188305
0.0188145
0.0187985
0.0187824
0.018917
0.0189011
0.0190353
0.0190194
0.0190034
0.0189875
0.0189714
0.0191058
0.0190898
0.0190736
0.0190577
0.0190417
0.0190257
0.0191599
0.0191438
0.0191278
0.0191118
0.019096
0.0190799
0.0190639
0.0190479
0.0190319
0.0190159
0.019
0.018984
0.0191179
0.019102
0.019086
0.0190701
0.0190541
0.0191879
0.0191719
0.0191559
0.0191399
0.019124
0.0191081
0.0190922
0.0190763
0.0192098
0.0191938
0.019178
0.0191619
0.0191461
0.0191301
0.0191141
0.0190983
0.0190824
0.0190664
0.0190505
0.0190346
0.0190187
0.0190029
0.0189869
0.0191203
0.0191044
0.0190884
0.0190725
0.0190568
0.0190408
0.019025
0.0191581
0.0191423
0.0191264
0.0191105
0.0190945
0.0190788
0.0190627
0.019047
0.019031
0.0190152
0.0189993
0.0189836
0.0189676
0.0189518
0.0189359
0.0189201
0.0189043
0.0188887
0.0188727
0.0190056
0.0189898
0.0189741
0.0189582
0.0189424
0.0189264
0.0190594
0.0190434
0.0190277
0.0190118
0.0189959
0.0189802
0.0189644
0.0189486
0.0190812
0.0190654
0.0191979
0.0191821
0.0191664
0.0191505
0.0191348
0.019119
0.019103
0.0190873
0.0190715
0.0190556
0.01904
0.0190242
0.0190083
0.0189925
0.0189769
0.0189611
0.0189454
0.0189297
0.018914
0.0188983
0.0188823
0.0188667
0.018851
0.0188352
0.0188197
0.0188039
0.0187881
0.0187725
0.0189044
0.0188889
0.018873
0.0188573
0.0188417
0.0188259
0.0188102
0.0187946
0.0187789
0.0187632
0.0187476
0.0187318
0.0187163
0.0187005
0.0186849
0.0188166
0.0189484
0.0189328
0.018917
0.0189013
0.0188857
0.0190174
0.0190018
0.018986
0.0189704
0.0189547
0.0189391
0.0189232
0.0190547
0.0190391
0.0190235
0.0190077
0.0189922
0.0191235
0.0191078
0.0190922
0.0190765
0.0190609
0.0190453
0.0190295
0.0190139
0.0189982
0.0189826
0.0189671
0.0190982
0.0190827
0.0192136
0.0191979
0.0191823
0.0191666
0.019151
0.0191356
0.0191197
0.0191042
0.0190886
0.0190729
0.0190574
0.0190418
0.0190262
0.0190106
0.018995
0.0189794
0.0191101
0.0190946
0.019079
0.0190634
0.0190479
0.0190323
0.0190167
0.0190012
0.0189856
0.01897
0.0189545
0.0189389
0.0189235
0.0189078
0.0188922
0.0188766
0.0190071
0.0189918
0.0189762
0.0189606
0.0189449
0.0189296
0.0189139
0.0190444
0.0190289
0.0190132
0.0189978
0.0189822
0.0189667
0.0189512
0.0189357
0.019066
0.0190505
0.0191805
0.0191652
0.0191495
0.019134
0.0192642
0.0192486
0.0192329
0.0192174
0.0192019
0.0193318
0.0193164
0.0193009
0.0192854
0.0192698
0.0192544
0.0192387
0.0192233
0.0192078
0.0191923
0.0191768
0.0191613
0.0191458
0.0191303
0.0191149
0.0190994
0.0190839
0.0190684
0.0191981
0.0191826
0.0191671
0.0191517
0.0191362
0.0191206
0.0191053
0.0190899
0.0190744
0.0190589
0.0190436
0.0190281
0.0191576
0.0191421
0.0191266
0.0191112
0.0190958
0.0190804
0.0190649
0.0190495
0.0191788
0.0191634
0.0191479
0.0191326
0.0191171
0.0192463
0.0193754
0.01936
0.0193446
0.0193291
0.0193136
0.0192982
0.0192828
0.0192674
0.019252
0.0192366
0.0192214
0.0192058
0.0191904
0.019175
0.0191597
0.0191443
0.0191289
0.0191134
0.019098
0.0190827
0.0190673
0.019052
0.0191808
0.0191655
0.01915
0.0191348
0.0191195
0.019104
0.0192326
0.0192173
0.019202
0.0191867
0.0191711
0.019156
0.0191405
0.0191253
0.01911
0.0190945
0.0190793
0.019064
0.0190488
0.0190333
0.019018
0.0190027
0.0189875
0.0189721
0.0189569
0.0189416
0.0189263
0.018911
0.0188958
0.0188804
0.0188651
0.01885
0.0188348
0.0188195
0.0188043
0.0187891
0.0187738
0.0187586
0.0187434
0.0187281
0.0187129
0.0186977
0.0186824
0.0186673
0.0186521
0.0186369
0.0186216
0.0186065
0.0185913
0.0185761
0.0185609
0.0185458
0.0185305
0.0186586
0.0186432
0.0186281
0.0186129
0.0185978
0.0185826
0.0185676
0.0186952
0.0186801
0.0186648
0.0186498
0.0187774
0.0187622
0.0187471
0.0187319
0.0187168
0.0187016
0.0188292
0.018814
0.0187988
0.0187836
0.0187684
0.0187533
0.0187382
0.0187231
0.0188505
0.0188353
0.0188202
0.018805
0.01879
0.0187747
0.0187596
0.0187445
0.0187294
0.0187142
0.0188416
0.0188262
0.0188112
0.0187961
0.0187809
0.018766
0.0187508
0.0187357
0.0187206
0.0187055
0.0186904
0.0186753
0.0186602
0.0186452
0.018772
0.018757
0.0187418
0.0187269
0.0188538
0.0188387
0.0188238
0.0188084
0.0189352
0.0189202
0.0190469
0.0191737
0.0191586
0.0191434
0.0191283
0.0191132
0.019098
0.019083
0.0190679
0.0190528
0.0190375
0.0190227
0.0190076
0.019134
0.019119
0.0191039
0.0190887
0.0190737
0.0190587
0.0190436
0.0191699
0.0191548
0.0191398
0.0192661
0.0192509
0.019236
0.0192209
0.019347
0.0193319
0.0193169
0.0193018
0.0192866
0.0192717
0.0192566
0.0192415
0.0192265
0.0192114
0.0191965
0.0191813
0.0191662
0.0191513
0.0191362
0.0191212
0.0191061
0.0190911
0.0190761
0.0190611
0.0190461
0.019031
0.0190161
0.0190011
0.0189862
0.0191119
0.0190969
0.019082
0.0190669
0.0190519
0.0190369
0.0190218
0.019007
0.0189919
0.0189771
0.0189621
0.0189471
0.0189322
0.0190577
0.0190428
0.0191683
0.0191533
0.0191383
0.0192639
0.019249
0.0192338
0.0192189
0.0192038
0.0191888
0.0191739
0.0191589
0.0191439
0.0191291
0.0191141
0.0190992
0.0190842
0.0190694
0.0190544
0.0191795
0.0191646
0.0191498
0.0191348
0.0191197
0.0191049
0.0190899
0.0190751
0.0190601
0.0190452
0.0190303
0.0190156
0.0190005
0.0189857
0.0189708
0.0189559
0.018941
0.0189261
0.0189111
0.0188965
0.0190213
0.0190066
0.0189915
0.0189766
0.0189618
0.0189469
0.018932
0.0189173
0.0189024
0.0188875
0.0190123
0.0189974
0.019122
0.0191071
0.0190923
0.0190774
0.019202
0.0191871
0.0191722
0.0191575
0.0191424
0.0191277
0.0191128
0.019098
0.0190833
0.0190683
0.0190535
0.0190386
0.0190239
0.019009
0.0189943
0.0189794
0.0191037
0.0190889
0.0190742
0.0191982
0.0191835
0.0191687
0.0191537
0.0191391
0.0191243
0.0192483
0.0192335
0.0192187
0.019204
0.0191889
0.0191743
0.0191595
0.0191446
0.0191298
0.0191151
0.0191002
0.0190855
0.0190707
0.0191945
0.0191799
0.019165
0.0191504
0.0191356
0.0191207
0.0191061
0.0190912
0.0190765
0.0192002
0.0191854
0.0191707
0.0191558
0.0191412
0.0192649
0.01925
0.0192352
0.0192205
0.0192057
0.0191909
0.019176
0.0191615
0.0191467
0.0191321
0.0192554
0.0192407
0.0193641
0.0193495
0.0193346
0.01932
0.0193051
0.0192904
0.0192755
0.0192609
0.0192462
0.0192314
0.0192168
0.019202
0.0191873
0.0191726
0.0191578
0.0191432
0.0191285
0.0191138
0.0190991
0.0190845
0.0190698
0.0190551
0.0190404
0.0190257
0.0190111
0.0189964
0.0189818
0.0189671
0.0189525
0.0189378
0.0189233
0.0189086
0.0188938
0.0188792
0.0188646
0.01885
0.0188353
0.0188207
0.0188062
0.0187916
0.018777
0.0187623
0.0187477
0.0187331
0.0187185
0.0187041
0.0186894
0.0186748
0.0187975
0.0189202
0.0190427
0.0190282
0.0190136
0.018999
0.0189843
0.01897
0.0189552
0.0189406
0.0189261
0.0189115
0.0188969
0.0188822
0.0188677
0.0188532
0.0188386
0.0188239
0.0188095
0.0187949
0.0189172
0.0189028
0.019025
0.0190104
0.0189958
0.0189814
0.0189667
0.0189522
0.0189377
0.0189231
0.0189086
0.018894
0.0188796
0.018865
0.0188505
0.0189725
0.0189581
0.0189434
0.0189289
0.0189143
0.0188999
0.0188853
0.0188708
0.0188562
0.0188418
0.0188272
0.0188128
0.0187982
0.0187838
0.0187692
0.0187548
0.0188767
0.0188623
0.0188476
0.0188331
0.0188187
0.0188042
0.0187898
0.0187753
0.0188969
0.0188826
0.0188681
0.0188536
0.0188391
0.0188246
0.0189463
0.0189318
0.0189173
0.0189028
0.0188884
0.0188738
0.0188594
0.0188451
0.0188305
0.0188161
0.0188016
0.0187873
0.0187728
0.0187583
0.018744
0.0187295
0.018715
0.0187007
0.0186862
0.0186718
0.0186576
0.0187788
0.0187643
0.01875
0.0187355
0.0187213
0.0187067
0.0186924
0.0186779
0.0186634
0.0187847
0.0189059
0.0188914
0.018877
0.0188625
0.0188481
0.0189691
0.0189546
0.0189403
0.018926
0.0189115
0.0188971
0.019018
0.0190037
0.0189893
0.0189748
0.0189604
0.0189461
0.0189315
0.0189174
0.018903
0.0188885
0.0188743
0.0188597
0.0188454
0.0189662
0.0189519
0.0189374
0.0189231
0.0189087
0.0188944
0.0188801
0.0188657
0.0188513
0.018837
0.0188226
0.0188082
0.018794
0.0187796
0.0187653
0.018751
0.0187365
0.0188571
0.0188428
0.0188286
0.0188142
0.0187999
0.0187855
0.0187714
0.0187569
0.0187426
0.0187283
0.0187141
0.0186997
0.0186855
0.0186711
0.018657
0.0187771
0.0187628
0.0187486
0.0187343
0.0187201
0.0187057
0.0186915
0.0186771
0.018663
0.0187831
0.0187689
0.0187544
0.01874
0.0187261
0.0187116
0.0186974
0.0186831
0.0186691
0.0186548
0.0186404
0.0186263
0.0186121
0.0185978
0.0185836
0.0185694
0.0185552
0.0185409
0.0185267
0.0185125
0.0184983
0.0186182
0.0187379
0.0187237
0.0187095
0.0188291
0.0189487
0.0189345
0.0190541
0.0190398
0.0190256
0.0190114
0.018997
0.0189828
0.0189686
0.0189543
0.0189402
0.0189259
0.0189117
0.0188975
0.0188833
0.0188692
0.0188548
0.0188407
0.0188265
0.0188124
0.0187981
0.0187837
0.0187696
0.0187554
0.0187414
0.0187272
0.0187129
0.0186989
0.0186847
0.0186706
0.0186565
0.0186422
0.0186282
0.018614
0.0185999
0.0185857
0.0185716
0.0185575
0.0185432
0.0185294
0.0185152
0.018501
0.018487
0.0184728
0.0184587
0.0184447
0.0184306
0.0184165
0.0184024
0.0183882
0.0183741
0.0183601
0.0183461
0.0183319
0.0183179
0.0183039
0.0182897
0.0182757
0.0182617
0.0182475
0.0183664
0.0183523
0.0183383
0.0183243
0.0183102
0.0182962
0.0182823
0.0182682
0.0182542
0.01824
0.018226
0.0182121
0.018198
0.0181841
0.0181701
0.0181561
0.0181421
0.018128
0.018114
0.0181
0.0180861
0.0180721
0.0180581
0.0180442
0.0180302
0.0180163
0.0180024
0.0179883
0.0179744
0.0179605
0.0180787
0.0180649
0.0180509
0.018037
0.018023
0.0180091
0.0179952
0.0181134
0.0180994
0.0180855
0.0180715
0.0180576
0.0180436
0.0180297
0.0180158
0.0180018
0.017988
0.017974
0.01796
0.0179461
0.0179323
0.0179184
0.0179045
0.0178906
0.0178767
0.0178629
0.0178488
0.017835
0.0178212
0.0178073
0.0177934
0.0177796
0.0178975
0.0178836
0.0178696
0.0178559
0.017842
0.0178281
0.0178143
0.0178003
0.0177866
0.0177728
0.017759
0.0177451
0.0177312
0.0177174
0.0177035
0.0176896
0.0176759
0.017662
0.0176482
0.0176345
0.0176206
0.0176069
0.017593
0.0175793
0.0175654
0.0175517
0.0175379
0.017524
0.0175103
0.0174966
0.0174829
0.017469
0.0174552
0.0174416
0.0174277
0.017414
0.0174001
0.0173865
0.0173727
0.0173591
0.0173452
0.0173316
0.0173178
0.0173042
0.0172904
0.0172767
0.017263
0.0172493
0.0172356
0.0172219
0.0172082
0.0171944
0.0171807
0.0171671
0.0171534
0.0171397
0.0171261
0.0171124
0.0170987
0.017085
0.0170714
0.0170577
0.0170442
0.0170305
0.0170168
0.0170032
0.0169894
0.0169758
0.0169623
0.0169486
0.0170655
0.0170518
0.0170382
0.0170245
0.0170109
0.0171278
0.0171142
0.0171005
0.0170868
0.0170732
0.0170596
0.017046
0.0170323
0.0170187
0.017005
0.0169915
0.0169778
0.0169643
0.0169507
0.0169371
0.0169235
0.0169099
0.0168964
0.0168827
0.0168692
0.0168557
0.016842
0.0168284
0.0168151
0.0168014
0.0167878
0.0167742
0.0167607
0.0167472
0.0167336
0.0167201
0.0167067
0.016693
0.0166796
0.0166661
0.0166525
0.016639
0.0166255
0.016612
0.0165985
0.0165848
0.0165714
0.016558
0.0165443
0.016531
0.016647
0.0166336
0.0166202
0.0166066
0.0165932
0.0165796
0.0165662
0.0165529
0.0165393
0.0165259
0.0165123
0.0164989
0.0164855
0.0164721
0.0164586
0.016445
0.0164317
0.0164183
0.0164048
0.0163913
0.0163778
0.0163645
0.016351
0.0163376
0.0163242
0.0163108
0.0162973
0.016284
0.0162706
0.0162572
0.0162438
0.0162303
0.016217
0.0162036
0.0161902
0.0161768
0.0161635
0.0161501
0.0161367
0.0161234
0.01611
0.0160968
0.0162123
0.0161989
0.0161856
0.0161722
0.0161589
0.0161454
0.0161321
0.0161188
0.0161054
0.0160921
0.0160787
0.0160655
0.016052
0.0160388
0.0160254
0.0160121
0.0159989
0.0159855
0.0159723
0.0159588
0.0159456
0.0159323
0.0159189
0.0159057
0.0158923
0.0158792
0.0158659
0.0158525
0.0158394
0.0158261
0.0158126
0.0157995
0.0157862
0.015773
0.0157598
0.0157465
0.0157332
0.0157198
0.0157068
0.0156936
0.0156803
0.015667
0.0156537
0.0156407
0.0156274
0.0156142
0.015601
0.0155877
0.0155745
0.0156895
0.0158044
0.0157911
0.0157778
0.0157647
0.0157514
0.0157382
0.0157251
0.0157119
0.0158266
0.0158133
0.0158002
0.0157868
0.0159017
0.0158885
0.0158752
0.015862
0.0158488
0.0158356
0.0158224
0.0158092
0.0157959
0.0157828
0.0157696
0.0157563
0.0157432
0.0157301
0.0157169
0.0158314
0.0158182
0.015805
0.015792
0.0157787
0.0157655
0.0157524
0.0157392
0.0157261
0.0157128
0.0156996
0.0156865
0.0158008
0.0157877
0.0157745
0.0157614
0.0157483
0.0157351
0.015722
0.0157087
0.0156956
0.0156825
0.0156694
0.0156563
0.0156432
0.0157574
0.015744
0.0157309
0.0157179
0.0157048
0.0156917
0.0156786
0.0156655
0.0156522
0.0156392
0.0156261
0.0156129
0.0155999
0.0155867
0.0155735
0.0155604
0.0155475
0.0155344
0.0155214
0.0155083
0.0154952
0.0154822
0.015596
0.0157098
0.0156966
0.0158104
0.0157973
0.0157843
0.0157711
0.0157581
0.0157449
0.015732
0.0157188
0.0157058
0.0156928
0.0156797
0.0156667
0.0156535
0.0156404
0.0156274
0.0156144
0.0156013
0.0155882
0.0155752
0.0155621
0.0155491
0.0155361
0.015523
0.01551
0.0154971
0.0154839
0.0154709
0.0155844
0.0155713
0.0155584
0.0155454
0.0155324
0.0155193
0.0155063
0.0154932
0.0154803
0.0154673
0.0154542
0.0154412
0.0154281
0.0154154
0.0154023
0.0155155
0.0156286
0.0156156
0.0156028
0.0155897
0.0155768
0.0155637
0.0155508
0.0155376
0.0155247
0.0155119
0.0154988
0.0154858
0.0154728
0.0154598
0.0154468
0.0154338
0.015421
0.015408
0.0153951
0.0153821
0.0153691
0.0153562
0.0153434
0.0153303
0.0153174
0.0153046
0.0152915
0.0154043
0.0153915
0.0153786
0.0153655
0.0153526
0.0153397
0.0153269
0.0153138
0.0153012
0.0152881
0.0152753
0.0152624
0.0152493
0.0152365
0.0152235
0.0152108
0.015198
0.015185
0.0151721
0.0151592
0.0151464
0.0151335
0.0151207
0.0151078
0.015095
0.015082
0.0150691
0.0150564
0.0150436
0.0150306
0.0151431
0.0151302
0.0152427
0.0152297
0.0152169
0.015204
0.0151912
0.0151783
0.0151655
0.0151526
0.0151398
0.015127
0.0151142
0.0151014
0.0150886
0.0150756
0.0150629
0.0150501
0.0150373
0.0150244
0.0151366
0.0151237
0.0151109
0.0150981
0.0150853
0.0150723
0.0150598
0.0150468
0.0150341
0.0150213
0.0150085
0.0149958
0.0149829
0.0149702
0.0150821
0.0150694
0.0150566
0.0150437
0.0151557
0.0151429
0.0151301
0.0151172
0.0151046
0.0152163
0.0153282
0.0153154
0.0153025
0.0152898
0.015277
0.0152642
0.0152513
0.0152386
0.0152259
0.015213
0.0152003
0.015312
0.015299
0.0152863
0.0152734
0.0152608
0.015248
0.0152352
0.0152225
0.015334
0.0153212
0.0153084
0.0152957
0.015283
0.0152702
0.0152573
0.0152447
0.0152319
0.015219
0.0152064
0.0151936
0.0151809
0.0151682
0.0151553
0.0151426
0.0151299
0.0151172
0.0151045
0.0150919
0.0150791
0.0150663
0.0150537
0.0150409
0.0150284
0.0150156
0.0150028
0.0149902
0.0149775
0.0149648
0.0149521
0.0150632
0.0150505
0.0150378
0.0150252
0.0150125
0.0149998
0.0149872
0.0149745
0.0149617
0.0149491
0.0149364
0.0149238
0.0149112
0.0148984
0.0148857
0.0148731
0.014984
0.0149714
0.0149587
0.0149461
0.015057
0.0150444
0.0150318
0.0150191
0.0150063
0.0149937
0.0149811
0.0149685
0.0149558
0.0149431
0.0149304
0.0149179
0.0149053
0.0148927
0.0148799
0.0148674
0.0148547
0.0149653
0.0149528
0.0149401
0.0149276
0.014915
0.0150255
0.0150129
0.0150002
0.0149875
0.0150982
0.0150855
0.015196
0.0151834
0.0151707
0.015158
0.0152685
0.015256
0.0152434
0.0152307
0.015218
0.0152054
0.0151927
0.0151801
0.0151675
0.0151549
0.0151423
0.0151297
0.0151172
0.0151044
0.0150918
0.0150793
0.0150666
0.015054
0.0150415
0.015029
0.0150164
0.0150037
0.014991
0.0149785
0.0149661
0.0149535
0.0150636
0.015051
0.0150384
0.015026
0.0151359
0.0151234
0.0151107
0.0150981
0.0150855
0.0150731
0.0150606
0.0150479
0.0150353
0.0151451
0.0151327
0.0151203
0.0151076
0.0150951
0.0150824
0.01507
0.0150573
0.0150449
0.0150324
0.0150197
0.0151296
0.015117
0.0151045
0.015092
0.0150794
0.0150669
0.0150545
0.0150418
0.0150293
0.0150168
0.0150043
0.0149918
0.014979
0.0149667
0.0149542
0.0149418
0.014929
0.0149167
0.0149043
0.0150138
0.0150011
0.0149888
0.0149764
0.0149638
0.0149513
0.0149388
0.0149264
0.0149138
0.0149014
0.0148889
0.0148764
0.0148639
0.0148515
0.014839
0.0149482
0.0149358
0.0150451
0.0150326
0.0150202
0.0150076
0.0149952
0.0149828
0.0149704
0.0149578
0.0149454
0.0149329
0.0149205
0.014908
0.0148956
0.0148831
0.0148707
0.0148582
0.0148458
0.0148335
0.014821
0.0148085
0.0147962
0.0147837
0.0148928
0.0150017
0.0149893
0.0149769
0.0149643
0.0149519
0.0149394
0.014927
0.0149147
0.0149023
0.0148898
0.0148774
0.014865
0.0148526
0.0148403
0.0149491
0.0149367
0.0149242
0.0149118
0.0148994
0.0148871
0.0148746
0.0148621
0.0148499
0.0148374
0.0148251
0.0148126
0.0148003
0.0147879
0.0147756
0.0147631
0.0147507
0.0147384
0.0147262
0.0147138
0.0147014
0.014689
0.0146767
0.0147853
0.0147728
0.0147606
0.0147481
0.0147359
0.0147234
0.0147111
0.0148196
0.0149279
0.0149156
0.0149032
0.0148908
0.0148785
0.0148662
0.0148538
0.0148414
0.0148291
0.0148167
0.0148045
0.0147921
0.0149004
0.014888
0.0148757
0.0148634
0.014851
0.0148386
0.0148263
0.014814
0.0148018
0.0147893
0.0147771
0.0147647
0.0147525
0.0147402
0.014728
0.0147155
0.0147032
0.0146909
0.0146787
0.0146664
0.014654
0.0146418
0.0146297
0.0146172
0.014605
0.0145927
0.0145804
0.0145682
0.0146762
0.0146638
0.0146516
0.0146393
0.014627
0.0146148
0.0146027
0.0145903
0.014578
0.0145658
0.0145534
0.0145413
0.014529
0.0145169
0.0145045
0.0144924
0.0144802
0.0144679
0.0144556
0.0144435
0.0144313
0.014419
0.0144068
0.0143946
0.0143824
0.0143703
0.014358
0.0143459
0.0143337
0.0143214
0.0143092
0.0142971
0.0142848
0.0142727
0.0142605
0.0142483
0.0142362
0.0142239
0.0142118
0.0143192
0.0143072
0.0142949
0.0144023
0.0143902
0.0143781
0.0143658
0.0143536
0.0143415
0.0143294
0.014317
0.0143049
0.0142928
0.0142806
0.0142686
0.0142564
0.0142443
0.0143514
0.0143393
0.0143273
0.0143149
0.0143029
0.0142908
0.0142786
0.0142665
0.0142543
0.0142422
0.0142302
0.014218
0.014206
0.0141937
0.0141817
0.0141696
0.0141575
0.0141454
0.0141333
0.0141212
0.0141123
0.014097
0.0140849
0.0140781
0.0140607
0.0140486
0.0140365
0.0140244
0.0140123
0.0140002
0.0139881
0.0139761
0.0139641
0.0140709
0.0140589
0.0140468
0.0141536
0.0141414
0.0141294
0.0141173
0.0141618
0.0142296
0.0141786
0.0142464
0.0143142
0.0143819
0.014331
0.0143987
0.0144664
0.0144154
0.0143645
0.0143135
0.0142626
0.0143303
0.0142794
0.0142285
0.0141776
0.0141377
0.0141256
0.0141136
0.0141016
0.0140896
0.0140774
0.0141839
0.0141719
0.0141599
0.0141479
0.014136
0.0141237
0.0141117
0.0140997
0.0140877
0.0140756
0.0140637
0.0140516
0.0140396
0.0140277
0.0140156
0.0140036
0.0139917
0.0140237
0.013973
0.0139557
0.0139437
0.0139391
0.0139197
0.0139077
0.0138958
0.0138837
0.0138717
0.01386
0.0138479
0.013836
0.0138239
0.0138119
0.0138543
0.0138037
0.013776
0.0137642
0.0137699
0.0137404
0.0137867
0.0137361
0.0137045
0.0137528
0.0138202
0.0137866
0.0137747
0.0138806
0.0138687
0.0138567
0.0138448
0.0138329
0.013821
0.0138089
0.013797
0.0139028
0.0140088
0.0139967
0.0139848
0.0139728
0.0139609
0.0139489
0.0139371
0.0139253
0.0139132
0.0139013
0.0138894
0.0138775
0.0138656
0.0138535
0.0139592
0.0139473
0.0139354
0.0139235
0.0139115
0.0138997
0.0138877
0.0138759
0.0138641
0.0138521
0.0138402
0.0138283
0.0138164
0.0138046
0.0137926
0.0137808
0.013769
0.0137571
0.0137451
0.0138506
0.0138387
0.0138267
0.013815
0.013803
0.0137911
0.0137793
0.0137675
0.0137556
0.0137438
0.013732
0.01372
0.0138252
0.0138134
0.0138015
0.0137897
0.0137779
0.0137661
0.0137542
0.0137424
0.0137305
0.0137186
0.0137069
0.0136949
0.0136831
0.0137883
0.0137764
0.0138484
0.0138351
0.0138219
0.0138087
0.0137953
0.0137821
0.0137689
0.0137557
0.0137424
0.0137292
0.0137159
0.0137028
0.0136895
0.0136762
0.013663
0.0136499
0.0136368
0.0136236
0.0136102
0.0135971
0.013584
0.0135707
0.0135575
0.0135443
0.0135672
0.013518
0.0135049
0.0134916
0.013484
0.0135505
0.0135006
0.0135672
0.0136337
0.0135838
0.0135339
0.0136005
0.0135505
0.0135007
0.0135671
0.0135173
0.0134674
0.0134239
0.0134106
0.0134342
0.0133845
0.0134509
0.013401
0.0133512
0.013332
0.0133188
0.0133057
0.0132927
0.0132794
0.0132664
0.0133695
0.0133564
0.0133432
0.01333
0.013317
0.0133039
0.0132918
0.0132799
0.0132684
0.0132565
0.013361
0.0133492
0.0133376
0.0133258
0.0133143
0.0133025
0.0132909
0.0132791
0.0133834
0.0133717
0.01336
0.0133483
0.0133366
0.0133249
0.0133133
0.0133017
0.01329
0.0132784
0.0132666
0.0132551
0.0133247
0.0133116
0.0132985
0.0132855
0.0132723
0.0132594
0.0132463
0.0132332
0.0132203
0.0132071
0.0131942
0.0131812
0.013168
0.0132708
0.0132577
0.0132446
0.0132315
0.0132185
0.0132055
0.0131924
0.0132949
0.0132819
0.0132689
0.0132558
0.0132428
0.0132298
0.0132169
0.0133192
0.0133061
0.0132931
0.0132801
0.0132672
0.0132542
0.0132412
0.013228
0.0132151
0.0132021
0.013189
0.0131762
0.0132784
0.0133805
0.0134828
0.013585
0.013572
0.0135589
0.013661
0.013648
0.013635
0.0136219
0.0136089
0.0135959
0.0135829
0.0135699
0.0135568
0.0135438
0.0135309
0.0135178
0.0135049
0.013501
0.0134788
0.0135175
0.0135832
0.0135548
0.0135417
0.0135503
0.0136307
0.0137325
0.0137196
0.0137066
0.0138084
0.0137954
0.0137824
0.0137694
0.0137563
0.013747
0.0137304
0.0137634
0.0137142
0.0136915
0.0137305
0.0137961
0.0137671
0.0138687
0.0138558
0.0138428
0.0138298
0.0138168
0.0138038
0.0137909
0.0138122
0.0137649
0.0137519
0.0137389
0.0137302
0.0137956
0.0137466
0.0136975
0.0137628
0.0137138
0.0136647
0.0136352
0.0136811
0.0136319
0.0135964
0.0136483
0.0137137
0.0137789
0.0138443
0.0137952
0.0137462
0.0136972
0.0136482
0.0135992
0.0135813
0.0135685
0.0135555
0.0135426
0.0135296
0.0135168
0.0135038
0.0134909
0.0134781
0.0134652
0.0134522
0.0134393
0.0134264
0.0134135
0.0134007
0.0133879
0.013375
0.0133621
0.0133492
0.0134504
0.0134374
0.0134246
0.0134116
0.0133988
0.013386
0.0133731
0.0133603
0.0133473
0.0133345
0.0133216
0.0133088
0.013296
0.0132831
0.0132704
0.0132574
0.0132446
0.0132318
0.0132189
0.0132062
0.0131933
0.0131804
0.0132814
0.0132685
0.0132557
0.0132428
0.0132301
0.0132173
0.0132044
0.0131916
0.0131788
0.0132795
0.0133803
0.0133676
0.0133547
0.013342
0.0133291
0.0133164
0.0133036
0.0132908
0.0133914
0.0133785
0.0133657
0.0133529
0.01334
0.0133273
0.0133145
0.0133017
0.0132889
0.013276
0.0132633
0.0132505
0.0132377
0.0133383
0.0133256
0.0133127
0.0133001
0.0132871
0.0132744
0.0132616
0.0132488
0.0132361
0.0132234
0.0132107
0.0131978
0.0131851
0.0131723
0.0131595
0.0131468
0.013134
0.0131214
0.0131086
0.0130958
0.0130831
0.0130703
0.0130576
0.0130449
0.0130321
0.0130194
0.0130067
0.0129941
0.0129813
0.0129685
0.012956
0.0129433
0.0130433
0.0130306
0.0131308
0.0131182
0.0131053
0.0130927
0.0130801
0.0130674
0.0130545
0.0130419
0.0131421
0.0131292
0.0131165
0.0131039
0.0130911
0.0130785
0.0130659
0.0130531
0.0130404
0.0130278
0.0130833
0.0130351
0.0130994
0.0130512
0.0131156
0.01318
0.0132444
0.0131962
0.0132605
0.0132123
0.0131642
0.0131159
0.0130882
0.0131322
0.0131965
0.0131483
0.0131001
0.013052
0.0130121
0.0130682
0.01302
0.0130843
0.0130362
0.0129881
0.0130523
0.0130043
0.0129562
0.0130205
0.0130847
0.0130366
0.0131008
0.0130528
0.013117
0.0131811
0.013133
0.013085
0.013037
0.0129889
0.0129409
0.012893
0.0129571
0.0130212
0.0129732
0.0129253
0.0129894
0.0130535
0.0130055
0.0129576
0.0130216
0.0129737
0.0129257
0.0128778
0.0129419
0.0128939
0.012958
0.0129101
0.0128622
0.0129262
0.0129902
0.0129423
0.0128945
0.0128466
0.0129106
0.0129746
0.0129267
0.0129907
0.0129428
0.0130067
0.0129589
0.0130228
0.012975
0.0130389
0.0131029
0.013055
0.0130072
0.0129594
0.0129116
0.0128638
0.0129277
0.0128798
0.012832
0.0128959
0.0129598
0.0130236
0.0130875
0.0130397
0.0131035
0.0130557
0.0131196
0.0130718
0.013024
0.0130878
0.0131516
0.0132154
0.0131676
0.0132313
0.0132951
0.0133588
0.013311
0.0133747
0.013327
0.0133907
0.013343
0.0132953
0.013359
0.0133112
0.0133749
0.0133272
0.0132795
0.0132318
0.0132954
0.0132478
0.0133114
0.013375
0.0133274
0.0132797
0.0132321
0.0131844
0.013248
0.0132004
0.0131528
0.0132164
0.0132799
0.0133435
