0.415038
0.415038
0.415038
0.165038
0.215038
0.251629
0.156391
0.165038
0.192815
0.137504
0.137504
0.137503
0.137504
0.137504
0.137504
0.137504
0.137504
0.125531
0.125531
0.125531
0.125531
0.125531
0.125531
0.126629
0.125531
0.123424
0.103481
0.0898166
0.0910481
0.0921975
0.0932728
0.0942808
0.0952278
0.0667074
0.068388
0.0699754
0.0612899
0.0790709
0.0959399
0.0869656
0.078429
0.0702989
0.0858027
0.0778747
0.0925211
0.0847917
0.0773911
0.0702989
0.0634962
0.0576075
0.0521173
0.0660691
0.0606265
0.0553854
0.0503348
0.0633219
0.070299
0.0645518
0.0589995
0.0536322
0.0648344
0.0595462
0.0544259
0.0529771
0.0539387
0.0548711
0.0557756
0.0566537
0.057506
0.0583345
0.0591391
0.0599217
0.0606827
0.0479095
0.0488105
0.0365298
0.0373478
0.0340177
0.0352907
0.0401075
0.0368669
0.0369887
0.0415435
0.0340852
0.0385669
0.0450494
0.0472214
0.0400375
0.044251
0.0483708
0.0524001
0.0493467
0.0494461
0.043565
0.0466165
0.0504542
0.0456488
0.0476906
0.0514011
0.0550375
0.0586019
0.0620963
0.0558142
0.0592683
0.0626566
0.056547
0.0598973
0.0631857
0.0664137
0.069583
0.0726952
0.0668232
0.0699048
0.0641603
0.0672114
0.0620903
0.0682058
0.0675799
0.0717252
0.0776075
0.0751282
0.0726895
0.0702906
0.0679302
0.0656075
0.0712584
0.0768201
0.0744826
0.0721812
0.0699152
0.0753174
0.0806378
0.0783595
0.0835776
0.0813113
0.0790782
0.084177
0.0892018
0.0894836
0.0869656
0.0844833
0.0820361
0.0796229
0.0772434
0.0748966
0.0725821
0.070299
0.0681481
0.0661981
0.0642742
0.0689983
0.0670812
0.0717252
0.0698153
0.0679302
0.0660691
0.0642318
0.0624177
0.0606264
0.0588576
0.0571107
0.0553854
0.0536812
0.0540387
0.052117
0.0502186
0.0483428
0.0464894
0.0446579
0.0428479
0.0469071
0.045105
0.0435035
0.0419754
0.0404646
0.0389711
0.0374945
0.0360346
0.0345908
0.0369656
0.0353081
0.0336689
0.0375121
0.0358787
0.0342629
0.0380408
0.0364309
0.0348379
0.0385529
0.0369656
0.0406305
0.0390489
0.0374837
0.0359347
0.0395297
0.037986
0.0415341
0.0450464
0.0485234
0.0469656
0.0454233
0.0438963
0.0473105
0.0457892
0.0442826
0.0427909
0.0413134
0.0398502
0.038401
0.0417274
0.0402831
0.0388524
0.0374351
0.0407039
0.0392912
0.0378915
0.0411131
0.0397179
0.0383354
0.0369656
0.040133
0.0387674
0.0418984
0.0450013
0.0436322
0.0467001
0.0453357
0.0439831
0.0470093
0.0500091
0.0486539
0.0473104
0.0459785
0.0446579
0.0433486
0.0462877
0.0449825
0.0478899
0.046589
0.0452989
0.0440195
0.0427507
0.0456076
0.048441
0.0471697
0.0459086
0.0446579
0.0474494
0.0462025
0.0449656
0.0477226
0.0464894
0.045266
0.0440522
0.0428479
0.0455593
0.0443586
0.0431672
0.0419849
0.0408118
0.043479
0.0423091
0.0411481
0.0399958
0.0388524
0.0377175
0.0365911
0.035473
0.0343634
0.0332619
0.0321685
0.0310833
0.0300059
0.032586
0.031511
0.0340671
0.0329944
0.0319297
0.0344566
0.0333942
0.035898
0.0383841
0.0373189
0.0397825
0.0422287
0.0411614
0.0401015
0.0390489
0.0414639
0.0404139
0.0393711
0.0417601
0.0441328
0.043088
0.0454402
0.0443981
0.0467299
0.0456904
0.0446579
0.0436323
0.0426134
0.0416014
0.0405959
0.0395972
0.038605
0.0376192
0.0398972
0.0389136
0.0379364
0.0369656
0.0392164
0.0382476
0.04048
0.0395134
0.0417275
0.0407631
0.0398047
0.0388524
0.0379061
0.0400906
0.0391463
0.0382079
0.0403711
0.0394347
0.041581
0.0406466
0.042776
0.0418437
0.0439565
0.0430262
0.0421016
0.0411825
0.0402689
0.0393608
0.0414432
0.0405371
0.0396363
0.0387408
0.0378506
0.0369656
0.0360858
0.0381352
0.0372571
0.0363842
0.0355163
0.0375436
0.0366774
0.0358161
0.0378252
0.0369656
0.0389599
0.038102
0.0372488
0.0364007
0.0355572
0.0376921
0.0370468
0.0364052
0.0357672
0.0351327
0.0345017
0.0338743
0.0332502
0.0326297
0.0320124
0.0313987
0.0335129
0.0356158
0.0377073
0.0397874
0.0391609
0.0385377
0.0379179
0.0399752
0.039355
0.038738
0.0381242
0.0375136
0.0369063
0.0389338
0.038326
0.0403392
0.0397308
0.0417299
0.0411211
0.0405155
0.039913
0.0393137
0.0387174
0.0381241
0.0400915
0.0420489
0.0414516
0.0408574
0.0402663
0.0396781
0.0390929
0.0385107
0.0379314
0.0398549
0.0417689
0.0411857
0.0406055
0.0400282
0.0394537
0.038882
0.0383132
0.0377471
0.0371838
0.0366232
0.0384985
0.0379375
0.0373791
0.0368235
0.0362706
0.0357203
0.0351726
0.0346276
0.0340852
0.0335454
0.0330081
0.0348431
0.0343053
0.0337701
0.0332373
0.032707
0.0321794
0.031654
0.0311311
0.0329363
0.0324129
0.0318919
0.0313734
0.0331614
0.0326422
0.0321256
0.0316113
0.0310993
0.0305895
0.032355
0.0318447
0.0313367
0.0308312
0.0303279
0.0298268
0.029328
0.0288315
0.0305691
0.030072
0.0295773
0.0290844
0.0308062
0.030313
0.0298219
0.0293329
0.0288461
0.0283614
0.0278789
0.0273985
0.0290941
0.028613
0.0302987
0.029817
0.0293376
0.0288603
0.028385
0.030053
0.0295771
0.0291033
0.0286316
0.0302848
0.0298125
0.0314564
0.0309836
0.032618
0.0321448
0.0316736
0.0312043
0.0307369
0.0302716
0.0298081
0.0293465
0.028887
0.0284293
0.0300354
0.0295772
0.0311742
0.0307156
0.0323038
0.0318447
0.0313875
0.0309322
0.0304787
0.030027
0.0295772
0.0291291
0.0286829
0.0282385
0.0277957
0.027355
0.0289118
0.0284704
0.0280308
0.027593
0.029137
0.0286988
0.0282623
0.0278274
0.0273942
0.0269627
0.0265329
0.0280581
0.0276278
0.0271993
0.0267723
0.0263472
0.0259237
0.0274321
0.0270081
0.0285088
0.0280843
0.0276614
0.0272402
0.0268205
0.0264026
0.0259861
0.0255712
0.025158
0.0247462
0.0243361
0.0258107
0.0254
0.024991
0.0245835
0.0241774
0.0237729
0.0233698
0.0229683
0.0225683
0.0221698
0.0217727
0.0232221
0.0228246
0.0224285
0.0220339
0.0226798
0.0221576
0.0216371
0.0211186
0.020602
0.0201266
0.0198964
0.0214755
0.0221641
0.0235711
0.0231822
0.0245901
0.0242008
0.0256017
0.0252121
0.0248237
0.0262161
0.0258274
0.02544
0.0250541
0.0264362
0.0260498
0.0256647
0.0252811
0.0266532
0.0262691
0.0276347
0.0272502
0.0268671
0.0264853
0.0261049
0.027459
0.0288082
0.0301528
0.0297687
0.0293859
0.0290043
0.0286243
0.0282453
0.0278677
0.0274914
0.0271164
0.0267426
0.0263702
0.025999
0.025629
0.0252603
0.0248928
0.0245266
0.0241616
0.0237978
0.0234354
0.023074
0.0227138
0.022355
0.0219972
0.0216407
0.0212852
0.0209311
0.0205781
0.0202262
0.0199382
0.0197513
0.0196136
0.0194765
0.0193396
0.019203
0.0190673
0.0189318
0.0187968
0.0186621
0.0185277
0.019329
0.0206021
0.0202582
0.0199153
0.0211813
0.0208381
0.020496
0.0217549
0.0214124
0.0226659
0.0223231
0.0219813
0.0216406
0.0213011
0.0209626
0.0222048
0.021866
0.0215282
0.0211914
0.0208558
0.020521
0.0201876
0.0198549
0.0195234
0.0192531
0.0206121
0.020414
0.0202166
0.0200199
0.0198237
0.0196281
0.0194331
0.0192386
0.019045
0.0203855
0.0201905
0.0199962
0.0198024
0.0196094
0.0194166
0.0192248
0.0205507
0.0203577
0.0201649
0.0199732
0.0197817
0.0195909
0.0194007
0.0207126
0.0205211
0.0203304
0.0201403
0.0199506
0.0197615
0.0195729
0.019385
0.0191977
0.0190108
0.0188246
0.0186388
0.0184538
0.0182689
0.0180848
0.0179014
0.0177184
0.0175359
0.0173538
0.0171725
0.0169916
0.0168111
0.0166314
0.016452
0.0177225
0.0175422
0.0173623
0.018626
0.0184451
0.0197036
0.0195217
0.020775
0.020592
0.0204096
0.0202277
0.0200464
0.0198655
0.0196852
0.0195054
0.019326
0.0191473
0.018969
0.0202035
0.0214347
0.0212538
0.0210736
0.0208938
0.0221171
0.0219363
0.0217562
0.0215765
0.0227921
0.0226114
0.0238219
0.0236404
0.0234594
0.0232788
0.0230987
0.022919
0.0241193
0.0239389
0.0237588
0.0235794
0.0234005
0.0232219
0.0230439
0.0228662
0.0226892
0.0225127
0.0223367
0.0221609
0.0219859
0.0218112
0.021637
0.0214633
0.0212899
0.0211173
0.020945
0.0207732
0.0206015
0.0204306
0.0202602
0.0200903
0.0199207
0.0197514
0.0195827
0.0207444
0.020575
0.0204059
0.0202373
0.0200689
0.0199013
0.019734
0.0195671
0.0207164
0.0218629
0.0216939
0.0215253
0.0213572
0.0211895
0.0210223
0.0208554
0.0206891
0.0205231
0.0203575
0.0201926
0.0200279
0.0198637
0.0196998
0.0208268
0.0206621
0.0204981
0.0203343
0.0201709
0.020008
0.0198454
0.0196834
0.0195215
0.0193602
0.0191996
0.019039
0.0188791
0.0199884
0.0198275
0.0196671
0.0195072
0.0193475
0.0191883
0.0190294
0.018871
0.018713
0.0185554
0.0183982
0.0182413
0.0180848
0.0191773
0.0190201
0.0188633
0.0187067
0.0185508
0.0196357
0.0194789
0.0193225
0.0191665
0.0190108
0.0188555
0.0187007
0.0197761
0.0196205
0.0194652
0.0205359
0.0203799
0.0202243
0.020069
0.0199142
0.0197597
0.0208222
0.0206669
0.020512
0.0203577
0.0202036
0.0200498
0.0198965
0.0197434
0.019591
0.020642
0.0204888
0.0203358
0.0201831
0.020031
0.019879
0.0197276
0.0195765
0.0194258
0.0192754
0.0191253
0.0189757
0.0188263
0.0186773
0.0185287
0.0195625
0.0194132
0.0192641
0.0191154
0.0189671
0.0188193
0.0186716
0.0185245
0.0183776
0.018231
0.0180849
0.0179392
0.0177934
0.0176483
0.0175035
0.017359
0.0172148
0.0175868
0.0180468
0.0173497
0.0178089
0.0176524
0.017572
0.0180295
0.0173364
0.0182285
0.0180849
0.0179418
0.0180123
0.0176562
0.0175141
0.0173722
0.0172307
0.0170895
0.0173103
0.0168079
0.0166676
0.0165278
0.0163879
0.0162486
0.0172383
0.0170984
0.0169587
0.0179443
0.017804
0.0176641
0.0175244
0.017385
0.0172459
0.0172722
0.0177161
0.018159
0.0178064
0.0179296
0.0183709
0.0188111
0.0181417
0.0185813
0.0190198
0.0194574
0.019894
0.0203297
0.019663
0.0189979
0.0183342
0.0176719
0.0181077
0.0185424
0.0189763
0.0194091
0.019841
0.020272
0.020702
0.020043
0.0204723
0.0209007
0.0202436
0.0195879
0.0200158
0.020443
0.0197891
0.0191368
0.0195634
0.0199891
0.0193386
0.0186895
0.0191148
0.0195391
0.0188919
0.0193156
0.0197384
0.0201603
0.0205812
0.0199363
0.0203567
0.0197134
0.020133
0.0205518
0.0199104
0.0203285
0.0196887
0.0190502
0.0184131
0.0177772
0.0171428
0.0175612
0.0179787
0.017346
0.0177629
0.0181789
0.018594
0.0190083
0.0194216
0.0198342
0.0202459
0.0206566
0.0200271
0.0204373
0.0208466
0.0212551
0.0206276
0.0200013
0.0204094
0.0208167
0.0201921
0.0195689
0.0199758
0.0203818
0.020787
0.0201657
0.0195457
0.0199505
0.0203545
0.0207576
0.0211599
0.0215615
0.0219622
0.0213447
0.0217448
0.0211289
0.0215284
0.0219271
0.022325
0.022722
0.0221082
0.0225047
0.0229004
0.0232953
0.0236894
0.0230777
0.0224673
0.022861
0.022252
0.0226451
0.0220375
0.0224301
0.022822
0.023213
0.0236033
0.0239928
0.0233874
0.0237764
0.0241645
0.0235608
0.0239484
0.0243353
0.0247213
0.0251066
0.024505
0.0248897
0.0242895
0.0246737
0.0250571
0.0254399
0.0248414
0.0242442
0.0236481
0.0240307
0.023436
0.023818
0.0241993
0.0245799
0.0249597
0.0253388
0.0247462
0.0251248
0.0245336
0.0249116
0.0243219
0.0246993
0.0241109
0.0244879
0.0248641
0.0252396
0.0246529
0.0250279
0.0244426
0.0238582
0.0242329
0.0236499
0.0240241
0.0234425
0.0238162
0.0232358
0.0236089
0.0239814
0.0243531
0.0237744
0.0231969
0.0226204
0.022992
0.0233629
0.0237331
0.0241027
0.0244715
0.0248396
0.025207
0.0255737
0.0259398
0.0253661
0.0257317
0.0260966
0.0264607
0.0268242
0.027187
0.0266155
0.026045
0.0264075
0.0267693
0.0271305
0.027491
0.0278509
0.02821
0.0285686
0.0280005
0.0283585
0.0277917
0.0272259
0.0275837
0.0270191
0.0273764
0.027733
0.028089
0.027526
0.0278816
0.0282364
0.0276749
0.0280293
0.028383
0.0278229
0.0272638
0.0276173
0.0279701
0.0283223
0.0286739
0.0281165
0.0284677
0.0288181
0.0282621
0.0286122
0.0280574
0.028407
0.0278534
0.0282025
0.0276501
0.0279988
0.0274476
0.0277959
0.0281435
0.0275936
0.0270447
0.0264968
0.0268443
0.0271912
0.0275375
0.0278832
0.0282282
0.0285727
0.0280268
0.0283709
0.0287142
0.029057
0.0285127
0.0288551
0.0291968
0.029538
0.0289951
0.0293359
0.0287941
0.0291345
0.0285938
0.0280542
0.0275155
0.0278558
0.0281954
0.027658
0.0279973
0.027461
0.0277997
0.0272646
0.0267304
0.0270689
0.0274068
0.0277442
0.0272114
0.0275484
0.0270167
0.0273532
0.0276892
0.0271587
0.0266292
0.0269649
0.0273001
0.0267718
0.0271065
0.0265793
0.0269136
0.0272473
0.0267214
0.0261963
0.0265298
0.0268627
0.027195
0.0266714
0.0270033
0.0264807
0.0268123
0.0262907
0.0266218
0.0269524
0.0272824
0.0267622
0.0270919
0.0265727
0.026902
0.0272306
0.0275587
0.0278862
0.0273686
0.0276957
0.0280223
0.0283484
0.0278322
0.0281578
0.0276425
0.0279678
0.0282925
0.0286167
0.0281028
0.0284266
0.0287499
0.0282372
0.0277253
0.0280483
0.0275375
0.0270275
0.0265183
0.0260101
0.0263332
0.0258259
0.0261486
0.0256423
0.0259647
0.0254593
0.0249549
0.0244512
0.0247735
0.0250952
0.0254164
0.0249141
0.0244125
0.0247335
0.0242329
0.0245535
0.0248736
0.0243741
0.0246938
0.0241953
0.0236977
0.0240171
0.024336
0.0246544
0.024158
0.0244761
0.0247936
0.0251106
0.0254271
0.0257431
0.0252482
0.0255638
0.0258789
0.0261935
0.0256999
0.0260141
0.0255214
0.0250294
0.0253435
0.0256569
0.0251662
0.0246761
0.0249894
0.0253022
0.0256144
0.0259262
0.0262375
0.025749
0.0252612
0.0255722
0.0258828
0.0253961
0.0249101
0.0244249
0.0239405
0.0242512
0.0245613
0.024871
0.0243878
0.0246971
0.0242147
0.0245237
0.0240422
0.0243509
0.024659
0.0241786
0.0244863
0.0240068
0.0243143
0.0246212
0.0249276
0.0252336
0.0255391
0.025061
0.0245837
0.0241071
0.0244125
0.0247175
0.0250219
0.0245465
0.0248506
0.0251542
0.0254574
0.0257601
0.025286
0.0255883
0.0258902
0.0254171
0.0249447
0.0252463
0.0255476
0.0258483
0.025377
0.0256774
0.0259774
0.0262769
0.0258068
0.0261059
0.0256366
0.0259354
0.025467
0.0249992
0.0252979
0.025596
0.0251293
0.0254271
0.0257245
0.0252587
0.0255558
0.0258524
0.0261486
0.0256839
0.0259798
0.0262752
0.0265701
0.0268646
0.0271587
0.0274523
0.0269891
0.0272824
0.0275753
0.0278677
0.0281597
0.0284512
0.0287423
0.0282806
0.0285714
0.0281104
0.0276501
0.0279408
0.0282309
0.0277716
0.0280614
0.027603
0.0271451
0.0274348
0.0269778
0.0265215
0.026811
0.0263554
0.0259006
0.0254464
0.0249929
0.0252825
0.0255716
0.0258603
0.0254079
0.0256963
0.0252446
0.0255327
0.0258204
0.0261077
0.025657
0.0259439
0.0262305
0.0257807
0.0253316
0.025618
0.0251697
0.0254557
0.0250082
0.0252939
0.0248471
0.0251326
0.0246866
0.0242413
0.0245266
0.024082
0.024367
0.0239232
0.0242078
0.024492
0.0247759
0.0250593
0.0253423
0.0248997
0.0251824
0.0247406
0.0242994
0.024582
0.0248641
0.0251458
0.0247056
0.024987
0.0252681
0.0255486
0.0258289
0.0261087
0.0256697
0.0259492
0.025511
0.0257902
0.026069
0.0263475
0.0259102
0.0254735
0.0257518
0.0260296
0.0255939
0.0258714
0.0254364
0.0257137
0.0259905
0.0262671
0.0265432
0.0261092
0.0256758
0.0259517
0.0255191
0.0250871
0.0253628
0.0256382
0.025207
0.0247764
0.0250516
0.0253265
0.0248967
0.0244675
0.0240389
0.0236109
0.0231836
0.0234586
0.0237331
0.0233066
0.0235809
0.0231551
0.0234292
0.0230039
0.0225794
0.0221555
0.0224294
0.022703
0.0229763
0.0225532
0.0228261
0.0230986
0.0226764
0.0222547
0.0225271
0.0221061
0.0223782
0.02265
0.0222298
0.0225012
0.0220817
0.0223529
0.0226237
0.022205
0.0217868
0.0220575
0.0223278
0.0219104
0.0221804
0.02245
0.0220334
0.0223027
0.0225717
0.0228404
0.0231086
0.0233766
0.0236441
0.0239112
0.024178
0.0244445
0.0240294
0.0236148
0.0232008
0.0227873
0.0230538
0.0226411
0.0222288
0.0224952
0.0220836
0.0223496
0.0219387
0.0222045
0.0224699
0.022735
0.0223249
0.0219154
0.0221804
0.0217716
0.0213632
0.0209554
0.0212203
0.0214848
0.0217489
0.021342
0.0216058
0.0211996
0.0207939
0.0203887
0.019984
0.0202479
0.0205115
0.0207747
0.0210375
0.0213
0.0208964
0.0204933
0.0207556
0.0210176
0.0212792
0.0215405
0.0218014
0.0213994
0.0209978
0.0205967
0.0208576
0.0211182
0.0213783
0.0209781
0.0205784
0.0208384
0.0204394
0.0206991
0.0209585
0.0205602
0.0208194
0.0210782
0.0206805
0.0202834
0.0205421
0.0208005
0.0210584
0.0213161
0.0215735
0.0211773
0.0214344
0.0210388
0.0212957
0.0215522
0.0211573
0.020763
0.0210193
0.0212753
0.021531
0.0211375
0.0213929
0.0209999
0.0212551
0.0208628
0.0211177
0.020726
0.0203347
0.0199439
0.0201988
0.0198087
0.0200633
0.0203176
0.0205716
0.0201822
0.020436
0.0206894
0.0209425
0.0211953
0.0208067
0.0204187
0.0206713
0.0202838
0.0205362
0.0207883
0.0210401
0.0206534
0.0202671
0.0205187
0.02077
0.0210209
0.0206355
0.0208862
0.0211366
0.0207518
0.0203674
0.0199836
0.020234
0.0198507
0.0194679
0.0190856
0.0193359
0.0189542
0.0192042
0.0194539
0.0190728
0.0186922
0.0183121
0.0185617
0.0181822
0.0184316
0.0180526
0.0183018
0.0185507
0.0187992
0.0190476
0.0192955
0.0189174
0.0191651
0.0187875
0.019035
0.0192822
0.0195291
0.0191522
0.0193989
0.0196452
0.019269
0.0188932
0.0191395
0.0193853
0.0196309
0.0198762
0.0201212
0.0203659
0.0206103
0.0208544
0.0210981
0.0207236
0.0209671
0.0212104
0.0214533
0.021696
0.0219383
0.0221803
0.0224221
0.0220486
0.0222901
0.0225314
0.0227723
0.0223995
0.0226402
0.0222679
0.0218961
0.0221366
0.022377
0.022617
0.0228567
0.0224856
0.022115
0.0223546
0.0225939
0.0222238
0.022463
0.0220935
0.0223324
0.0219634
0.0222021
0.0218337
0.0214657
0.0217042
0.0213367
0.021575
0.0212081
0.0214462
0.0216841
0.0213177
0.0215553
0.0217927
0.0214269
0.021664
0.0219009
0.0221374
0.0223737
0.0226096
0.0228453
0.0230807
0.0233158
0.0235507
0.0231861
0.0228219
0.0224582
0.022693
0.0229275
0.0225644
0.0227987
0.0224361
0.0226702
0.0223081
0.022542
0.0221804
0.0224141
0.0220529
0.0222865
0.0219259
0.0221592
0.0223922
0.022625
0.022265
0.0219055
0.0221381
0.0223705
0.0220115
0.0222437
0.0224755
0.0227072
0.0223488
0.021991
0.0216335
0.0218651
0.0215081
0.0211515
0.0207955
0.021027
0.0212582
0.0214891
0.0217198
0.0213644
0.0215949
0.02124
0.0214702
0.0211158
0.0207618
0.0204082
0.0200551
0.0202853
0.0199326
0.0201627
0.0203925
0.0206221
0.0208514
0.0204995
0.0201479
0.020377
0.0206059
0.0208346
0.021063
0.0207121
0.0203616
0.0205898
0.0208179
0.0204679
0.0206957
0.0203462
0.0199971
0.0202248
0.0198762
0.0201037
0.020331
0.0205579
0.0207846
0.0204367
0.0200891
0.0203158
0.0205421
0.0201951
0.0204213
0.0200747
0.0203007
0.0205263
0.0201803
0.0198348
0.0200604
0.0202857
0.0199406
0.0201657
0.0203906
0.0206152
0.0202707
0.0204952
0.0207193
0.0209433
0.0211669
0.0208231
0.0204797
0.0201367
0.0203602
0.0205836
0.0208067
0.0204643
0.0206872
0.0209099
0.0211323
0.0207905
0.0210127
0.0212347
0.0208933
0.0211152
0.0207743
0.0209959
0.0206555
0.0203154
0.020537
0.0207582
0.0209792
0.0206398
0.0208606
0.0205216
0.0207422
0.0209626
0.0211828
0.0208443
0.0210643
0.0207263
0.0203887
0.0206085
0.0202714
0.0199345
0.0201543
0.0198179
0.0200375
0.0197016
0.019366
0.0190309
0.0192504
0.0189157
0.0185813
0.0182472
0.0184667
0.0181332
0.0183524
0.0180193
0.0182384
0.0179057
0.0181246
0.0183433
0.0180111
0.0176792
0.0173478
0.0175664
0.0172353
0.0174538
0.0171231
0.0173414
0.0170112
0.0172293
0.0168995
0.0171174
0.0167881
0.0170058
0.0166768
0.0168945
0.0171118
0.0173289
0.0175457
0.0172173
0.017434
0.0171061
0.0167785
0.0169951
0.016668
0.0163411
0.0160147
0.0162312
0.0164475
0.0166636
0.0168793
0.0170949
0.0173103
0.0169845
0.0166591
0.0168743
0.0170894
0.0167645
0.0169793
0.0166548
0.0163306
0.0165453
0.0167598
0.016974
0.0166504
0.0168645
0.0165412
0.0162184
0.0164323
0.0161099
0.0163237
0.0165372
0.0167506
0.0164286
0.0166418
0.0163202
0.0165333
0.016746
0.0169585
0.0171708
0.0168499
0.0165293
0.0167415
0.0164213
0.0166333
0.016845
0.0165253
0.0162058
0.0158868
0.0160985
0.0157799
0.0154614
0.0156731
0.0153551
0.0155666
0.0157779
0.0159889
0.0161997
0.0158823
0.0155652
0.0157759
0.0154592
0.0151429
0.0153534
0.0155638
0.015774
0.0159839
0.0156681
0.0158778
0.0160874
0.0162967
0.0165058
0.0161906
0.0163995
0.0160846
0.0162934
0.0159789
0.0156648
0.015351
0.0155597
0.0157682
0.0159765
0.0156631
0.0153502
0.0155584
0.0157663
0.015974
0.0161816
0.0158691
0.015557
0.0157644
0.0154526
0.0151412
0.0148302
0.0145194
0.0147268
0.0144164
0.0141063
0.0143136
0.0145207
0.0147276
0.0149343
0.0146247
0.0148312
0.0150375
0.0152436
0.0154495
0.0156552
0.0158606
0.0155516
0.015757
0.0154484
0.0151402
0.0153453
0.0155503
0.0157551
0.0154474
0.0151399
0.0148328
0.014526
0.0147308
0.0144243
0.0146289
0.0148333
0.0145273
0.0142216
0.0139162
0.0141206
0.0138155
0.0135108
0.013715
0.0134107
0.0136148
0.0138186
0.0135146
0.0137184
0.0139219
0.0141252
0.0143283
0.0145312
0.0142278
0.0139247
0.0141275
0.0143301
0.0145324
0.0147346
0.0144321
0.0141298
0.0143319
0.0145338
0.0142319
0.0144336
0.0141321
0.0138309
0.0140325
0.0137316
0.0139331
0.0141343
0.0138339
0.014035
0.0137349
0.0134351
0.0131356
0.0128364
0.0125375
0.0122389
0.0124401
0.0126411
0.0128419
0.0130425
0.0127444
0.0124466
0.0126471
0.0128474
0.01255
0.0127501
0.012453
0.0121562
0.0123563
0.0125561
0.0127558
0.0129552
0.012659
0.012363
0.0125623
0.0127614
0.0129604
0.0126648
0.0123695
0.0120746
0.0117798
0.0119788
0.0121775
0.0118833
0.0115892
0.0117879
0.0114942
0.0116927
0.011891
0.0120891
0.0117959
0.0119938
0.0117009
0.0114083
0.0116061
0.0118038
0.0120013
0.0117091
0.0119064
0.0116146
0.0118117
0.0120087
0.0117172
0.011426
0.011135
0.0108445
0.0110414
0.0107511
0.0109479
0.010658
0.0103682
0.0100788
0.0102756
0.0104722
0.0106686
0.0108647
0.0105758
0.0107719
0.0104833
0.0101949
0.0103909
0.0105866
0.0107822
0.0104942
0.0106897
0.0104843
0.0106347
0.0103101
0.0105052
0.0107002
0.0104132
0.0106081
0.0103214
0.0105161
0.0103896
0.0105394
0.0102086
0.0098781
0.00956726
0.00976175
0.009956
0.00967097
0.00938618
0.00958037
0.00929588
0.00948995
0.00920582
0.00939965
0.00959337
0.0097869
0.00950319
0.00969654
0.00941312
0.00960636
0.00954717
0.00969583
0.00984436
0.00951725
0.00919038
0.00933903
0.00952941
0.00972188
0.00991416
0.0101063
0.0100797
0.0102274
0.010375
0.0105225
0.0106698
0.010817
0.010964
0.0111108
0.0112577
0.0114043
0.0115507
0.0112256
0.011372
0.0115183
0.0116644
0.0118104
0.0114859
0.0116319
0.0113078
0.0114537
0.01113
0.0108066
0.0104834
0.0106295
0.0103067
0.0104527
0.0105985
0.0107442
0.010422
0.0105677
0.0107131
0.0108585
0.0110037
0.0106822
0.0108273
0.0109724
0.0106513
0.0103305
0.0100101
0.0101551
0.0103002
0.0104451
0.0105898
0.0107344
0.0104146
0.0100952
0.00977594
0.00945711
0.00913846
0.00928336
0.00896513
0.00910997
0.00925463
0.00939924
0.0095436
0.0096879
0.00983202
0.00951463
0.00965869
0.00934166
0.00948566
0.00962961
0.00977343
0.00991702
0.0100605
0.00974417
0.00942808
0.00957161
0.00925595
0.00939941
0.00954276
0.00968599
0.0093708
0.00951397
0.00965703
0.00934231
0.00948524
0.00962812
0.00977087
0.00991344
0.010056
0.00974184
0.00942808
0.0095706
0.00971293
0.00985521
0.00999731
0.00968409
0.00982618
0.00951332
0.0096553
0.00934291
0.0090307
0.00871885
0.00886095
0.00900292
0.00869149
0.00883335
0.00897521
0.00911683
0.00925839
0.00939983
0.00954109
0.0096823
0.00937164
0.00906128
0.00875121
0.00889242
0.00903356
0.00917464
0.008865
0.00900596
0.00869673
0.00883764
0.00852883
0.00866967
0.00836116
0.00805295
0.00819379
0.00833458
0.00847512
0.00861567
0.00830799
0.00844842
0.00858879
0.00872892
0.00886905
0.009009
0.00914878
0.00884187
0.00853521
0.0082289
0.00792277
0.00806272
0.00820255
0.0078969
0.00803673
0.00773138
0.00787115
0.0080108
0.00815028
0.00784546
0.00798494
0.00812429
0.00781983
0.00795907
0.0080983
0.00823736
0.00793344
0.00807244
0.00821126
0.00790769
0.00804651
0.00818521
0.00832379
0.00846231
0.00815934
0.00829774
0.00843602
0.00813347
0.00827169
0.00796944
0.00810766
0.00824565
0.00838369
0.00808197
0.00821984
0.00791842
0.00805628
0.00775522
0.00789303
0.00803065
0.00816822
0.00786763
0.0080052
0.00814253
0.00784236
0.00754237
0.00724274
0.00738025
0.00751764
0.0072183
0.00691938
0.00705677
0.00675809
0.00645965
0.0065971
0.00629902
0.00643635
0.00657356
0.00671071
0.00684768
0.00698459
0.00712132
0.00682396
0.00696063
0.00709718
0.00723362
0.00693673
0.00707316
0.00720948
0.00691301
0.0070492
0.00675303
0.00688916
0.0070253
0.00716126
0.0072971
0.00700146
0.00670606
0.0068419
0.00654674
0.00625193
0.00638783
0.00609326
0.0062291
0.00636494
0.00650048
0.00620645
0.00634199
0.00647742
0.00661272
0.00631917
0.00615382
0.00611955
0.0060851
0.006051
0.00601667
0.00598246
0.00598109
0.00611615
0.00625098
0.00638586
0.00652051
0.00665504
0.00636303
0.00649756
0.00663191
0.0067662
0.00690043
0.00703448
0.00674307
0.0064519
0.00658602
0.00629514
0.00642914
0.00656307
0.00669682
0.00683051
0.00654024
0.00667387
0.00680739
0.00651741
0.00622773
0.00593823
0.00607187
0.00620532
0.00633872
0.00647205
0.00660515
0.00673819
0.00687116
0.00700396
0.00713664
0.00726926
0.00740176
0.00711328
0.00724572
0.00737804
0.00751024
0.00764239
0.00735438
0.00706667
0.00677907
0.00691134
0.00704336
0.00717539
0.00730723
0.00743896
0.00715202
0.00728369
0.00741535
0.00754684
0.00767821
0.00780946
0.00794059
0.00807166
0.00820255
0.00791639
0.00804734
0.00817806
0.00830877
0.0084393
0.00856978
0.00870013
0.00883037
0.00854486
0.0086751
0.00880522
0.00893515
0.00906503
0.00919479
0.00932443
0.00945401
0.00958341
0.00971276
0.00984198
0.00997108
0.0101001
0.0102291
0.0103579
0.0100735
0.0102022
0.00991815
0.0100469
0.00976312
0.00989181
0.00960833
0.00973701
0.00945383
0.00958246
0.00971091
0.0098393
0.00955653
0.00968486
0.00981307
0.00953066
0.00965893
0.00978696
0.00950497
0.00963306
0.00976092
0.00947922
0.0096072
0.00973493
0.0098626
0.00958139
0.00970906
0.00983661
0.00996399
0.0100913
0.00981057
0.00993788
0.0100651
0.0101922
0.0103192
0.0100389
0.0101658
0.0102926
0.0104193
0.0105459
0.0102661
0.0103927
0.0105193
0.0106456
0.0107719
0.0108981
0.0110241
0.0111501
0.011276
0.0109969
0.010718
0.0108439
0.0109697
0.0110955
0.0112211
0.0109426
0.0110682
0.0107901
0.0105122
0.0106377
0.0107632
0.0108886
0.0110139
0.011139
0.0112641
0.0113891
0.0115139
0.0116387
0.0113615
0.0114864
0.0116109
0.0117354
0.0114588
0.0115833
0.0117077
0.0118319
0.0115557
0.0116799
0.011804
0.0119281
0.012052
0.0121759
0.0122996
0.0124233
0.0125468
0.0126703
0.0127936
0.0129169
0.0126415
0.0127648
0.0124896
0.0122147
0.012338
0.0124611
0.0121865
0.0119122
0.0120353
0.0117613
0.0114874
0.0116106
0.011337
0.0110637
0.0111869
0.0109138
0.011037
0.0107642
0.0108873
0.0110103
0.010738
0.0108609
0.0105887
0.0107117
0.0108345
0.0105627
0.010291
0.0104139
0.0105367
0.0106593
0.0107819
0.0105107
0.0106333
0.0107557
0.0108781
0.0110004
0.0107297
0.0104591
0.0101888
0.0103111
0.0104334
0.0105555
0.0106776
0.0104077
0.0105298
0.0106516
0.0103821
0.0105039
0.0106258
0.0103565
0.0104783
0.0106
0.0107215
0.0104527
0.010184
0.0103056
0.0104271
0.0105485
0.0106698
0.0104016
0.0101336
0.010255
0.0103762
0.0104973
0.0102296
0.00996226
0.00969511
0.00942808
0.00954932
0.00967056
0.00940382
0.00952494
0.00925857
0.00937968
0.00950068
0.00962156
0.00935555
0.00947642
0.00921065
0.00933152
0.00945222
0.00918674
0.0093075
0.00904232
0.00877732
0.00889802
0.00901866
0.00913918
0.0088746
0.00861019
0.00873071
0.00846654
0.00820261
0.00793886
0.0080595
0.00817996
0.00791657
0.00803703
0.00777388
0.00789434
0.00763142
0.00775182
0.0074892
0.00722671
0.00734711
0.00746745
0.00758773
0.00770789
0.00782794
0.00756598
0.00730419
0.00704259
0.00716275
0.00690144
0.00702149
0.00714153
0.0072614
0.00700039
0.00712031
0.00724012
0.0073598
0.00747943
0.00721884
0.0073384
0.00745791
0.00719768
0.00731713
0.00743645
0.00717646
0.00729579
0.00741506
0.00753409
0.00727451
0.00739366
0.00751263
0.00725335
0.00737232
0.00749117
0.00760996
0.00735098
0.00746983
0.00758845
0.00770706
0.00782549
0.00794393
0.00768542
0.0078038
0.00792211
0.00766391
0.0077821
0.00752413
0.00764239
0.00738466
0.00750285
0.00762087
0.00773895
0.00748158
0.00759953
0.00771737
0.00783515
0.00795281
0.00807041
0.00781351
0.00793111
0.00804859
0.0081659
0.0082832
0.00840038
0.00851756
0.00863457
0.00875151
0.00849527
0.00861222
0.00835615
0.00847298
0.0085898
0.00870651
0.0088231
0.00893962
0.00905603
0.00880057
0.00854522
0.00828999
0.00840652
0.00852299
0.00863928
0.00875551
0.00887173
0.00898772
0.00910378
0.00921971
0.00896508
0.00908101
0.00882667
0.00894248
0.00905824
0.00917393
0.00928944
0.00903559
0.00915116
0.00926661
0.009013
0.00912839
0.00924367
0.00935894
0.00947416
0.0095892
0.00970423
0.00981915
0.00956607
0.00968093
0.00979573
0.00954294
0.00929034
0.00940514
0.00951988
0.00963455
0.00938225
0.00913012
0.00887817
0.00899291
0.00874132
0.00848973
0.00860447
0.00835329
0.00810218
0.0078513
0.0079661
0.0077154
0.0078302
0.00757974
0.00769448
0.00780916
0.00792366
0.00803816
0.0081526
0.00826687
0.00801688
0.00813127
0.00788146
0.00763202
0.00774628
0.00786048
0.00797457
0.00808865
0.00820255
0.00795352
0.00806743
0.00818121
0.008295
0.00840873
0.00852227
0.00863582
0.00874925
0.00886256
0.0089758
0.00908905
0.00920212
0.00931513
0.00906682
0.00917977
0.0089317
0.00904465
0.00915748
0.00927031
0.00938302
0.00913531
0.00924796
0.00936055
0.00911313
0.00922567
0.0093382
0.00909096
0.00920343
0.00931579
0.00942808
0.00954032
0.00965244
0.00940567
0.00951773
0.00962979
0.00974166
0.00985354
0.00996536
0.010077
0.0101886
0.0103002
0.0104116
0.0101655
0.0102769
0.010031
0.00978523
0.00953966
0.00965118
0.00976259
0.00951725
0.0092721
0.00938356
0.00913864
0.00925004
0.00936133
0.00947255
0.00958371
0.00969481
0.0098058
0.00991672
0.00967234
0.00978321
0.00989395
0.0100048
0.00976062
0.00987136
0.00962746
0.00973815
0.00984871
0.00995928
0.00971568
0.00982618
0.00993663
0.0100469
0.0101572
0.0102673
0.0103774
0.0101343
0.0102443
0.0103543
0.0101115
0.0102214
0.0103313
0.0104411
0.0105508
0.0106605
0.0104181
0.0105277
0.0106372
0.0103951
0.0105045
0.010614
0.010372
0.0104815
0.0105908
0.0107
0.0108091
0.0109183
0.0110273
0.0111362
0.0112451
0.0113539
0.0114625
0.0115712
0.0116798
0.0114386
0.0115471
0.0116556
0.0117639
0.0118722
0.0119805
0.0120886
0.0118479
0.011956
0.012064
0.0121719
0.0119316
0.0120395
0.0121474
0.0119072
0.012015
0.0121228
0.0118829
0.0119906
0.0120983
0.0122059
0.0123134
0.0120738
0.0118344
0.0115952
0.0117028
0.0114638
0.0115713
0.0116788
0.0117862
0.0115475
0.0116548
0.0114163
0.0115237
0.011631
0.0117381
0.0118452
0.0119522
0.0120593
0.0121661
0.012273
0.0123796
0.0124863
0.0122485
0.012355
0.0124617
0.0125681
0.0123305
0.012437
0.0125434
0.0126497
0.012756
0.0125188
0.012625
0.0127311
0.0128372
0.0129431
0.0127063
0.0124695
0.0125756
0.0126815
0.0127874
0.012551
0.0123147
0.0120786
0.0121844
0.0122904
0.0120545
0.0121603
0.0119247
0.0120304
0.011795
0.0115597
0.0116655
0.0117713
0.0115362
0.011642
0.0114071
0.0115128
0.0116184
0.011724
0.0118295
0.0119349
0.0117005
0.0118058
0.0119111
0.0116769
0.0117822
0.0115482
0.0116534
0.0117586
0.0118637
0.0119687
0.0117351
0.0115016
0.0112682
0.0113733
0.0114783
0.0112452
0.0110123
0.0111173
0.0112222
0.0109895
0.0110945
0.0111994
0.0113041
0.0114089
0.0115135
0.0116181
0.0113858
0.0114904
0.0112582
0.0113629
0.0111309
0.0112354
0.0110037
0.0111082
0.0108767
0.0109811
0.0110855
0.0111898
0.0112941
0.0113983
0.0115023
0.0112712
0.0110403
0.0111444
0.0112484
0.0113524
0.0114564
0.0115601
0.0113296
0.0114334
0.0115372
0.0116408
0.0117444
0.0115142
0.0112841
0.0113877
0.0114913
0.0112614
0.0113649
0.0114684
0.0112388
0.0113422
0.0111127
0.0108835
0.0109869
0.0107579
0.0108613
0.0109647
0.0107358
0.0108391
0.0109423
0.0110455
0.0111486
0.0112517
0.0113546
0.0111262
0.0112292
0.0110009
0.0107728
0.0105449
0.0106478
0.0107508
0.0105231
0.0102955
0.0103985
0.0105014
0.0106041
0.010707
0.0108097
0.0109123
0.0106851
0.0107877
0.0108902
0.0109926
0.011095
0.0111974
0.0109705
0.0107439
0.0108462
0.0106198
0.0103934
0.0101672
0.00994122
0.00971538
0.00981778
0.00959206
0.00936657
0.00914121
0.00924373
0.00934613
0.00944853
0.0092234
0.00899845
0.00877368
0.00854897
0.00865144
0.00875384
0.00885618
0.00895846
0.00906068
0.00916284
0.00926489
0.00904065
0.00881654
0.00859261
0.00836879
0.00814515
0.00792158
0.00769824
0.00780046
0.00790274
0.00800484
0.00810689
0.00820899
0.00831097
0.00808787
0.00818986
0.00829178
0.00839353
0.00849521
0.0085969
0.00869846
0.00880003
0.00890154
0.00900292
0.00910425
0.00920546
0.00930667
0.00940788
0.00950891
0.00961
0.00971091
0.0098117
0.00991255
0.0100133
0.0097912
0.00989193
0.00999254
0.0100932
0.0101937
0.0102942
0.0103945
0.0104949
0.0102732
0.0103735
0.0104738
0.0105739
0.0106741
0.0107741
0.0108741
0.0106528
0.0107527
0.0108526
0.0109525
0.0110523
0.0108312
0.010931
0.0110307
0.0108098
0.0109095
0.0106889
0.0104684
0.0105681
0.0106676
0.0104474
0.0102274
0.0100073
0.010107
0.0102066
0.00998688
0.00976723
0.00986683
0.00996637
0.00974697
0.00984651
0.00962722
0.00972676
0.00982618
0.00992554
0.00970656
0.00980592
0.00958711
0.00968641
0.00946778
0.00956714
0.00966632
0.00976551
0.00986463
0.0096463
0.00974536
0.00984436
0.00962621
0.00972521
0.00982416
0.00992304
0.0100218
0.0101206
0.0102192
0.0103179
0.0101001
0.0101988
0.00998122
0.0100797
0.00986236
0.00996095
0.0100594
0.0101578
0.0102562
0.0100391
0.0101374
0.00992048
0.0100188
0.0098021
0.00990039
0.00999862
0.0100967
0.0098803
0.00966394
0.00944775
0.00954592
0.00964409
0.00974214
0.00984019
0.00962424
0.00972229
0.00982016
0.00991803
0.00970238
0.00980026
0.00989801
0.0099957
0.0100934
0.00987798
0.00997561
0.00976044
0.00985807
0.00995559
0.0100531
0.0101505
0.0102479
0.010033
0.0101303
0.0102276
0.0103248
0.010422
0.0105191
0.0106161
0.0107132
0.01081
0.0109069
0.0106925
0.0107893
0.0108861
0.0109828
0.0110795
0.0108653
0.0109619
0.010748
0.0108445
0.0106307
0.0107273
0.0108239
0.0109203
0.0110167
0.0108032
0.0105898
0.0103765
0.010473
0.0105693
0.0106657
0.0107619
0.0108582
0.0109544
0.0107414
0.0108376
0.0106248
0.010721
0.010817
0.0106044
0.0107004
0.0107964
0.0108923
0.0109882
0.011084
0.0108717
0.0109674
0.0110632
0.0108511
0.0109469
0.0110424
0.011138
0.0109262
0.0110218
0.0111173
0.0112127
0.0113081
0.0114034
0.0114986
0.0112872
0.0113824
0.0114776
0.0115727
0.0113615
0.0114565
0.0115516
0.0113406
0.0114356
0.0115305
0.0116254
0.0114146
0.0115095
0.0116043
0.0116991
0.0117938
0.0115833
0.0116779
0.0117725
0.0118671
0.0119616
0.0120561
0.0121505
0.0122448
0.0120346
0.0121289
0.0119189
0.0120132
0.0118034
0.0118977
0.0119919
0.012086
0.0118765
0.0119706
0.0120647
0.0118552
0.011646
0.0117401
0.0118341
0.011625
0.0117191
0.011813
0.0119069
0.0120007
0.0117919
0.0118858
0.0119795
0.0120732
0.0121668
0.0122604
0.012354
0.0124474
0.0125409
0.0123324
0.0124258
0.0125192
0.0126124
0.0127056
0.0124975
0.0125908
0.0126839
0.0127769
0.0125691
0.0126621
0.0127552
0.0125474
0.0126404
0.0127334
0.0128263
0.0126187
0.0127116
0.0128044
0.0128972
0.0129899
0.0127827
0.0128753
0.0129679
0.0130605
0.013153
0.0129461
0.0130385
0.013131
0.0129243
0.0130166
0.01281
0.0126035
0.0123971
0.0124896
0.012582
0.0126744
0.0127667
0.0128589
0.0126528
0.0124468
0.0125391
0.0123333
0.0124255
0.01222
0.0123121
0.0124043
0.0124964
0.0125884
0.0126804
0.0124751
0.012567
0.0126589
0.0127508
0.0128426
0.0129343
0.0130261
0.0131176
0.0129126
0.0130042
0.0130959
0.0131873
0.0132788
0.0133702
0.0134615
0.0135528
0.013644
0.0134395
0.0135307
0.0136219
0.0137129
0.013804
0.0135996
0.0136907
0.0137817
0.0138726
0.0139635
0.0137594
0.0138503
0.0139411
0.0140318
0.0141225
0.0142131
0.0143037
0.0141
0.0141905
0.014281
0.0143715
0.0141679
0.0142584
0.0143488
0.0144391
0.0142357
0.0143261
0.0144163
0.0145065
0.0145968
0.0146868
0.0147769
0.0145738
0.014371
0.014461
0.014551
0.0143483
0.0144383
0.0142358
0.0143257
0.0141233
0.0142133
0.0143032
0.014393
0.0144828
0.0142807
0.0143704
0.0144601
0.0145498
0.0146394
0.014729
0.0148185
0.014908
0.0147062
0.0145046
0.014594
0.0146834
0.0144819
0.0145713
0.01437
0.0144593
0.0142581
0.0143475
0.0144368
0.0145261
0.0146152
0.0144143
0.0145035
0.0143027
0.0143918
0.014481
0.01457
0.014659
0.014748
0.0148369
0.0146365
0.0147253
0.0145249
0.0146138
0.0144136
0.0145025
0.0143025
0.0141025
0.0139027
0.0139915
0.0137919
0.0135924
0.0136812
0.0137701
0.013859
0.0139477
0.0140364
0.014125
0.0142137
0.0143022
0.0143907
0.0144792
0.01428
0.014081
0.0138821
0.0136833
0.0137718
0.0138603
0.0136617
0.0137501
0.0135517
0.0136402
0.0134419
0.0132437
0.0133321
0.0131341
0.0132225
0.0133108
0.0133992
0.0132014
0.0132897
0.0133779
0.0131802
0.0132685
0.0130709
0.0131592
0.0129617
0.0127645
0.0125673
0.0123703
0.0124586
0.0125468
0.0126351
0.0124382
0.0125264
0.0126145
0.0124179
0.0125059
0.0123094
0.0123975
0.0122011
0.0120049
0.0120929
0.012181
0.0119849
0.0120729
0.0121609
0.0122488
0.012053
0.0121408
0.0122287
0.012033
0.0121208
0.0122086
0.0122964
0.012384
0.0121886
0.0122762
0.0123639
0.0121685
0.0119733
0.012061
0.0121486
0.0122361
0.0123236
0.012411
0.0124984
0.0125857
0.012673
0.0127602
0.0128474
0.0129346
0.0130216
0.0131087
0.012914
0.013001
0.013088
0.0131749
0.0129804
0.012786
0.0125918
0.0123976
0.0122035
0.0122905
0.0120966
0.0121836
0.0122706
0.0123575
0.0124444
0.0125312
0.0123375
0.012144
0.0122308
0.0120374
0.0121242
0.0119309
0.0120177
0.0121044
0.0119113
0.0119981
0.0118051
0.0116122
0.0114194
0.0115062
0.0113136
0.0114003
0.0114869
0.0115736
0.0113812
0.0111889
0.0112755
0.0113621
0.0114487
0.0112566
0.0113431
0.0114296
0.0112377
0.0113241
0.0111323
0.0109406
0.010749
0.0105575
0.010644
0.0104527
0.0105392
0.0106257
0.0107121
0.0105209
0.0103298
0.0101389
0.0102254
0.0103118
0.0101209
0.0102074
0.0102937
0.0101031
0.0101895
0.00999898
0.0100852
0.0101715
0.0102578
0.0100675
0.00987726
0.00968713
0.00977343
0.00958341
0.0096696
0.00947988
0.00956607
0.0096522
0.00973839
0.00954866
0.00963479
0.00972086
0.00980693
0.00989288
0.00997877
0.0100646
0.0101505
0.0102362
0.0100469
0.0101327
0.0102183
0.010304
0.0103896
0.0102006
0.0102862
0.0103716
0.0101827
0.00999391
0.00980526
0.00989079
0.00997633
0.00978774
0.00959933
0.00968486
0.00977039
0.00985587
0.00994122
0.0100266
0.00983834
0.00965029
0.00973564
0.00982094
0.00990623
0.0097183
0.00980353
0.00988877
0.00997394
0.010059
0.0101441
0.00995642
0.0100415
0.0101265
0.0102115
0.0102964
0.0103813
0.0101938
0.0102787
0.0103634
0.0101762
0.010261
0.0103457
0.0104304
0.010515
0.0105996
0.0106843
0.0107687
0.0105817
0.0103949
0.0104793
0.0105638
0.0106483
0.0107326
0.010817
0.0106303
0.0107147
0.0107989
0.0106124
0.0106967
0.0107809
0.0105945
0.0106788
0.0107629
0.010847
0.0109311
0.0107449
0.010829
0.010643
0.0104571
0.0102713
0.0103554
0.0104394
0.0105234
0.0103378
0.0101523
0.0102363
0.0103202
0.0104041
0.0102188
0.0100335
0.0101175
0.00993234
0.0100163
0.00983125
0.00991517
0.00999904
0.0098142
0.00989801
0.00971335
0.00979716
0.0098809
0.00996453
0.0100482
0.00986379
0.00967938
0.00949508
0.00957876
0.00939459
0.00921053
0.00929421
0.00911033
0.00919396
0.00927764
0.00909382
0.00917751
0.0089938
0.00907743
0.00889391
0.00871044
0.00879407
0.00861079
0.0084275
0.00851113
0.00859475
0.00867826
0.00849527
0.00857872
0.00866222
0.00847936
0.00829655
0.00838006
0.0084635
0.00854689
0.00863022
0.00844759
0.00826514
0.00808275
0.00816613
0.00824946
0.00806725
0.00815052
0.00823379
0.00831705
0.00840026
0.00821823
0.00830132
0.00838447
0.00846756
0.00855058
0.00863361
0.00845176
0.00853473
0.0086177
0.00870061
0.00853133
0.00837433
0.00848186
0.00832504
0.00843251
0.00853992
0.0086472
0.00875449
0.00859785
0.00870502
0.00881225
0.00891936
0.00902647
0.00913346
0.00924039
0.00934732
0.00945419
0.00956094
0.00940442
0.00951117
0.00961787
0.0097245
0.00983107
0.00993764
0.0100441
0.00988775
0.00999415
0.0101005
0.00994432
0.0100507
0.00989449
0.0100008
0.00984472
0.009951
0.00979507
0.00990123
0.00974536
0.00958967
0.00943398
0.00954014
0.00964624
0.00975233
0.00959677
0.0097028
0.00954735
0.00965333
0.00975919
0.00986511
0.0099709
0.00981557
0.00992131
0.0100271
0.00987184
0.00997752
0.0100831
0.00992799
0.0100336
0.0101391
0.00998414
0.0100896
0.00993466
0.0100401
0.00988531
0.00999069
0.0100961
0.0102013
0.0103065
0.0101519
0.00999725
0.0101025
0.0102076
0.0103127
0.0104178
0.0102633
0.0101088
0.0102139
0.0100595
0.0101645
0.0100103
0.0101152
0.0102201
0.0103249
0.0104297
0.0102756
0.0103803
0.010485
0.010331
0.0101771
0.0102818
0.010128
0.0102326
0.0100788
0.0101834
0.0100298
0.0101343
0.00998074
0.0100852
0.0099318
0.0100362
0.0101406
0.0102449
0.0103492
0.0101959
0.0103001
0.0101469
0.0102511
0.0103552
0.0102021
0.0103062
0.0104103
0.0105143
0.0103613
0.0104652
0.0103123
0.0104162
0.0103264
0.0101498
0.0102298
0.0100619
0.0101657
0.0102695
0.0101169
0.0102207
0.0103244
0.0104281
0.0105316
0.0104359
0.0105156
0.0105953
0.0106897
0.0107931
0.0106408
0.0107442
0.0108474
0.0109507
0.0110539
0.011157
0.0110049
0.0111079
0.0109559
0.0108039
0.0109069
0.01101
0.0108581
0.0109611
0.011064
0.0110037
0.0110829
0.011162
0.011241
0.0113235
0.0111718
0.0110202
0.0111229
0.0112256
0.0113282
0.0111767
0.0110253
0.0111279
0.0109766
0.0110791
0.0111816
0.0110304
0.0111328
0.0112352
0.0113376
0.0114399
0.0115421
0.0116442
0.0114932
0.0113422
0.0114444
0.0115465
0.0113956
0.0114977
0.0113469
0.0114489
0.0115509
0.0114002
0.0115021
0.0113516
0.0114534
0.0115553
0.0116571
0.0117588
0.0116084
0.011458
0.0115597
0.0114094
0.0115111
0.0113609
0.0112107
0.0113124
0.0111623
0.0110124
0.0108625
0.0107126
0.0108143
0.0106646
0.0107661
0.0106165
0.0107181
0.0108196
0.0106701
0.0107715
0.010873
0.0109743
0.0110756
0.0109262
0.0110275
0.0108781
0.0107289
0.0108302
0.010681
0.0107822
0.0106331
0.0107343
0.0105853
0.0106864
0.0105375
0.0106386
0.0107397
0.0108407
0.0106919
0.0105431
0.0106441
0.0104955
0.0105964
0.0104479
0.0102994
0.0104003
0.0102519
0.0103527
0.0102044
0.0100562
0.010157
0.0100089
0.0101097
0.00996161
0.0100624
0.0101631
0.0100151
0.0101158
0.0102164
0.010317
0.0104175
0.0102697
0.0103702
0.0102224
0.0103229
0.0101752
0.0102756
0.010376
0.0104763
0.0105765
0.010429
0.0102815
0.0103817
0.010482
0.0103346
0.0101872
0.0102874
0.0103875
0.0104876
0.0105876
0.0104403
0.0102932
0.0101462
0.0102462
0.0103462
0.0101992
0.0100523
0.0101522
0.0102521
0.0103519
0.0102051
0.0103049
0.0101583
0.010258
0.0103577
0.0104573
0.0105569
0.0106565
0.010756
0.0106094
0.0107089
0.0105625
0.0104728
0.0105494
0.0106258
0.0107023
0.0107788
0.0106096
0.010686
0.0107625
0.0105934
0.0106698
0.0107461
0.0105773
0.0106536
0.0107298
0.010561
0.0106374
0.0107136
0.0107898
0.0108659
0.0106974
0.0107735
0.010605
0.0104366
0.0105128
0.0105888
0.010665
0.0107409
0.0105728
0.0106488
0.0107248
0.0108007
0.0108767
0.0109525
0.0110283
0.011104
0.0111799
0.0112556
0.0113313
0.0114068
0.011239
0.0110713
0.0111469
0.0109791
0.0110548
0.0108872
0.0109628
0.0107954
0.010871
0.0107036
0.0107791
0.0108547
0.0106875
0.010763
0.0108386
0.010914
0.0109895
0.0110648
0.0111402
0.0112155
0.0110486
0.0111238
0.0109569
0.0107901
0.0106233
0.0106987
0.010774
0.0108492
0.0106826
0.0107579
0.0108331
0.0106665
0.0105002
0.0105755
0.0106506
0.0107258
0.0108009
0.010876
0.0107098
0.0107848
0.0108598
0.0109348
0.0107688
0.0108438
0.0109187
0.0107527
0.0108277
0.0109026
0.0109774
0.0110523
0.011127
0.0109613
0.011036
0.0108704
0.0109451
0.0110198
0.0108543
0.010929
0.0107636
0.0105982
0.010673
0.0107477
0.0108223
0.0106571
0.010492
0.0105667
0.0106413
0.0107158
0.0105509
0.0106254
0.0107
0.0107744
0.0108489
0.0106841
0.0107585
0.010833
0.0109074
0.0109816
0.010817
0.0108913
0.0107267
0.010801
0.0108753
0.0109496
0.0110238
0.0108594
0.0109336
0.0107693
0.0106051
0.0106793
0.0105152
0.0105894
0.0106635
0.0104995
0.0103356
0.0104098
0.010246
0.0103201
0.0103942
0.0102305
0.0103046
0.010141
0.00998896
0.0100516
0.0101256
0.0101997
0.010089
0.0101141
0.010139
0.0101641
0.0101891
0.010214
0.0102428
0.0103167
0.0102888
0.0100769
0.0101121
0.0099712
0.0100671
0.0101629
0.0102587
0.0103545
0.0104501
0.0105458
0.0106414
0.0105007
0.0105962
0.0104555
0.0104759
0.0103134
0.0103869
0.0102389
0.010298
0.0103715
0.0104449
0.0105184
0.0105917
0.0106651
0.0105029
0.0105762
0.0106496
0.0107228
0.010796
0.0108692
0.0107072
0.0107804
0.0108535
0.0109266
0.0109998
0.0110728
0.0111459
0.0112188
0.0112917
0.01113
0.0112029
0.0112758
0.0111141
0.011187
0.0110254
0.0110983
0.0111711
0.0110096
0.0110825
0.0111552
0.011228
0.0113007
0.0111394
0.0109782
0.0110509
0.0108897
0.0109624
0.0110351
0.0108741
0.0109468
0.0110194
0.011092
0.0111646
0.0110037
0.0108429
0.0107175
0.0107548
0.0107663
0.0107907
0.0108151
0.0106064
0.010398
0.0101895
0.010214
0.0102385
0.0102631
0.0102875
0.010312
0.0103365
0.0103609
0.0103853
0.0104451
0.0105174
0.0105898
0.0104829
0.0105075
0.0105317
0.010556
0.0103484
0.0101407
0.0101675
0.0101895
0.010214
0.0102385
0.010031
0.0100653
0.0100799
0.0101042
0.0101287
0.0101531
0.0101774
0.0102018
0.0102261
0.0100192
0.0100437
0.010068
0.0100924
0.0101168
0.0101411
0.0101655
0.0101897
0.010214
0.0102383
0.0100318
0.0100561
0.0100805
0.0101047
0.0101292
0.0101534
0.0101775
0.0102019
0.0102261
0.0102503
0.0102746
0.0100753
0.0101472
0.0102189
0.0102906
0.0101655
0.010204
0.0102756
0.0101174
0.0100326
0.0100569
0.0100811
0.0101052
0.0101294
0.0101537
0.00994837
0.00997251
0.00999677
0.010021
0.0100451
0.0100692
0.0100933
0.00988853
0.00991279
0.00993687
0.00996095
0.00998521
0.0100093
0.00980479
0.00960022
0.00962818
0.00969952
0.00967276
0.00969696
0.0097211
0.00975639
0.00982767
0.00989884
0.00997001
0.0100412
0.0101124
0.0101835
0.0100266
0.0100977
0.00996208
0.010012
0.010083
0.0101539
0.00999731
0.0100683
0.0101393
0.00998265
0.00992662
0.00995064
0.00997466
0.00999868
0.0100226
0.0100465
0.0100704
0.00986731
0.00989133
0.00991523
0.00993931
0.00996315
0.00999522
0.010066
0.0101367
0.00998062
0.0100514
0.010122
0.0101927
0.0102633
0.0101074
0.010178
0.0100223
0.0100929
0.0101634
0.0102339
0.0103044
0.0103748
0.0104453
0.0102897
0.0103601
0.010214
0.0102749
0.0102615
0.0102853
0.010309
0.0103327
0.0103565
0.0103801
0.0104039
0.0104275
0.0104513
0.0104749
0.0102733
0.0102969
0.0103206
0.0103444
0.0103681
0.0103917
0.0104153
0.010439
0.0104626
0.0104862
0.0105097
0.0105333
0.0105569
0.0105804
0.0106041
0.0106276
0.0104266
0.0104502
0.0104738
0.0104973
0.0105209
0.0103202
0.0103437
0.0104086
0.0104784
0.0105481
0.0106179
0.0106876
0.0107573
0.0108269
0.0108965
0.0109661
0.010812
0.0108815
0.0109511
0.0107971
0.0108666
0.0109361
0.0107822
0.0108517
0.0109212
0.0107674
0.0108368
0.0109063
0.0109756
0.0110449
0.0108913
0.0109606
0.0108071
0.0108764
0.0107229
0.0107922
0.0108615
0.0107082
0.0107774
0.0106241
0.0106934
0.0105402
0.0106094
0.0106786
0.0105255
0.0105947
0.0106639
0.0107331
0.0108021
0.0108712
0.0109403
0.0110093
0.0108564
0.0109254
0.0109944
0.0110634
0.0109106
0.0109795
0.0110484
0.0111173
0.0111861
0.0112549
0.0111023
0.0109498
0.0110186
0.0108661
0.0107138
0.0107826
0.0108514
0.0109201
0.0109889
0.0110576
0.0109054
0.0107532
0.010601
0.0106698
0.0107386
0.0105865
0.0106552
0.0107239
0.0107924
0.0106406
0.0107092
0.0105575
0.0104057
0.010254
0.0103227
0.0103913
0.0104599
0.0105284
0.0105969
0.0106654
0.010514
0.0103626
0.0104311
0.0104995
0.010568
0.0106363
0.0104851
0.0105535
0.0106218
0.0104707
0.010539
0.010388
0.0104563
0.0103053
0.0103736
0.0104419
0.0105101
0.0105784
0.0104275
0.0104958
0.010345
0.0104132
0.0102625
0.0101119
0.00996131
0.0100296
0.0100977
0.0101659
0.0100155
0.0100837
0.0101518
0.0100015
0.00985122
0.00991935
0.00998741
0.0100555
0.0099054
0.00997347
0.0100415
0.00989145
0.00995952
0.00980949
0.0098775
0.00994551
0.0100135
0.00986367
0.00993156
0.00999945
0.0100673
0.00991768
0.00976801
0.00983584
0.00990373
0.00997156
0.0100394
0.0101071
0.00995761
0.00980818
0.00987595
0.00972658
0.00979435
0.00986212
0.00992978
0.00978059
0.00984824
0.00991595
0.0099836
0.00983447
0.00990206
0.00996965
0.0100372
0.0101048
0.00995582
0.0100234
0.0100908
0.00994194
0.0100094
0.0100769
0.00992805
0.00999558
0.0100629
0.0101303
0.0101977
0.010049
0.00990045
0.00996786
0.00981927
0.00988662
0.00995398
0.00980562
0.00987285
0.00994015
0.0100074
0.00985914
0.00992638
0.0097782
0.00963002
0.00969726
0.0095492
0.00961643
0.00946844
0.00953567
0.00960284
0.00967008
0.00973713
0.00980425
0.00987136
0.00993842
0.0100054
0.0100724
0.0101394
0.0102063
0.0102732
0.0103401
0.0104069
0.0102593
0.0103261
0.0103929
0.0102453
0.0103121
0.010379
0.0102314
0.010084
0.00993663
0.00978935
0.00985616
0.00970894
0.00977576
0.00962865
0.00969535
0.00954837
0.00940138
0.00946814
0.0095349
0.00960165
0.00966835
0.00973499
0.00958818
0.00965488
0.00972152
0.00957477
0.00964135
0.00970799
0.00977451
0.00984108
0.0099076
0.00976104
0.00982755
0.00968105
0.00974745
0.00960106
0.00966758
0.00973397
0.00980043
0.00986683
0.00993317
0.0097869
0.00985324
0.00991952
0.00998592
0.0100521
0.00990599
0.0097599
0.00982612
0.00968015
0.00974643
0.00960046
0.00966674
0.00952089
0.00958711
0.00965333
0.00971955
0.00978565
0.00963992
0.00970608
0.00977224
0.00983828
0.00990438
0.00997037
0.0100364
0.0101024
0.00995684
0.00981134
0.00987738
0.00994331
0.0100092
0.0100752
0.00992972
0.00999564
0.0100616
0.0101274
0.0101932
0.010259
0.0103247
0.0103905
0.0102453
0.0103109
0.0103767
0.0104423
0.0105079
0.0103629
0.0102179
0.0102835
0.0103491
0.0102043
0.0102698
0.0103354
0.010401
0.0102562
0.0101115
0.00996673
0.0100324
0.0100979
0.0101634
0.0102289
0.0102943
0.0101498
0.0100054
0.00986087
0.00992644
0.00999182
0.0100573
0.00991297
0.00997835
0.00983417
0.00969005
0.00954592
0.00961137
0.00967681
0.00974214
0.00980753
0.00987285
0.00972885
0.00979418
0.00985944
0.00992477
0.00998998
0.0100551
0.0101203
0.0101855
0.0102506
0.0103157
0.0103808
0.010237
0.0103021
0.0103672
0.0104322
0.0102885
0.0103535
0.0104185
0.0102749
0.0101315
0.00998813
0.0100531
0.0101181
0.010183
0.0102479
0.0101047
0.0101695
0.0102344
0.0102992
0.0103641
0.0104288
0.0104936
0.0105583
0.010623
0.0106877
0.0107524
0.0106093
0.0106739
0.0107386
0.0108032
0.0108677
0.0107248
0.0105819
0.0104391
0.0102963
0.0103609
0.0104255
0.01049
0.0105546
0.010619
0.0106835
0.010748
0.0106054
0.0106698
0.0107342
0.0107986
0.0108629
0.0109273
0.0109916
0.0110558
0.0111201
0.0109777
0.0110419
0.0111061
0.0109638
0.011028
0.0110921
0.0109499
0.0108078
0.010872
0.01073
0.0105879
0.0106521
0.0107162
0.0107803
0.0106384
0.0104966
0.0105607
0.0106248
0.0106889
0.010753
0.0106112
0.0104696
0.0103279
0.010392
0.0102504
0.0103145
0.010173
0.0102372
0.0100957
0.0101597
0.0100184
0.0100825
0.0101465
0.0102105
0.0102744
0.0103384
0.0101972
0.0102611
0.010325
0.0101839
0.0102478
0.0101067
0.00996578
0.0100297
0.00988877
0.00995266
0.0100165
0.0100803
0.0101441
0.0102079
0.0100672
0.00992644
0.00999022
0.0100539
0.0101177
0.0101814
0.0100408
0.0101045
0.00996405
0.0100277
0.00988728
0.00995088
0.00981057
0.00987422
0.00993788
0.0100015
0.0100651
0.00992483
0.00998837
0.00984824
0.00991178
0.00977165
0.00983524
0.00989878
0.00975877
0.00982231
0.00968242
0.0097459
0.00980932
0.00987279
0.00993627
0.00979638
0.00985986
0.00992316
0.00998658
0.0100499
0.0101132
0.00997353
0.0100368
0.0101002
0.0101634
0.0100238
0.0100871
0.0101503
0.0102134
0.0102766
0.0103398
0.0104029
0.010466
0.0103266
0.0103896
0.0102503
0.0103134
0.0103764
0.0102372
0.0100979
0.010161
0.010224
0.010287
0.0101479
0.0100089
0.00986993
0.00993294
0.009794
0.00985706
0.00992
0.00998294
0.0100459
0.00990707
0.00976837
0.00983137
0.00989419
0.00975555
0.00981849
0.00988132
0.0099442
0.010007
0.0098685
0.00993127
0.00999409
0.0100569
0.00991845
0.00978005
0.00984281
0.00990558
0.00996828
0.00983
0.0098927
0.00995541
0.00981718
0.00987989
0.00974178
0.00980443
0.00986713
0.00992966
0.00999224
0.0100548
0.0101174
0.00997943
0.0100419
0.0101044
0.00996655
0.010029
0.0100915
0.00995368
0.0100162
0.0100786
0.010141
0.0102034
0.0102658
0.0103281
0.0101904
0.0102528
0.0101151
0.0101774
0.0102398
0.0101023
0.0101646
0.0102268
0.010289
0.0103512
0.0104135
0.010276
0.0103382
0.0104004
0.0102631
0.0101258
0.010188
0.0100508
0.010113
0.0101751
0.0102372
0.0101001
0.0101622
0.0102242
0.0102863
0.0103483
0.0104103
0.0104722
0.0105341
0.0103973
0.0104592
0.0103224
0.0103843
0.0102475
0.0103094
0.0103713
0.0102346
0.010098
0.0101599
0.0102217
0.0100852
0.010147
0.0100106
0.0100724
0.00993598
0.00979966
0.00966334
0.00972527
0.00958902
0.00965083
0.00951469
0.0095765
0.00963837
0.00970012
0.00976187
0.00962585
0.00948989
0.00955164
0.00941575
0.00947744
0.00934166
0.00940341
0.0094651
0.00952679
0.00958854
0.00965017
0.0097118
0.00957608
0.00963771
0.00950205
0.00956368
0.00942808
0.00948972
0.00935417
0.00941575
0.00947732
0.0093419
0.00940347
0.00926811
0.00932962
0.00919437
0.00925589
0.00931746
0.00918216
0.00924373
0.0091086
0.00917006
0.00923157
0.00929302
0.00935441
0.00941581
0.0094772
0.00953853
0.00940353
0.00946492
0.00952619
0.00958747
0.00964874
0.00971001
0.00957513
0.00944036
0.0093056
0.00936681
0.00942808
0.00948924
0.00955051
0.00941586
0.00947702
0.00934243
0.0092079
0.0090735
0.00913465
0.0091958
0.00925702
0.00912255
0.00918376
0.00924486
0.00911057
0.00917166
0.00903744
0.00909859
0.00915962
0.00922066
0.00908655
0.00914758
0.00920862
0.0092696
0.0091356
0.00919652
0.0092575
0.00912356
0.00918454
0.00924546
0.00911158
0.00897777
0.00903869
0.0090996
0.00896585
0.00902677
0.00908762
0.00895399
0.0088203
0.00888121
0.0087477
0.00861424
0.0086751
0.0087359
0.0086025
0.00866336
0.00872421
0.00878501
0.00884575
0.00871247
0.00857925
0.00863999
0.00850677
0.00837368
0.00824064
0.00830144
0.00836223
0.0082292
0.00809628
0.00796336
0.00783044
0.0076977
0.0077585
0.00762576
0.00768661
0.00755388
0.00761473
0.00767547
0.00754297
0.00741035
0.00747114
0.00753194
0.00739944
0.00726712
0.00732785
0.00738859
0.00744933
0.00731701
0.00718474
0.00724542
0.00711328
0.00717402
0.00723463
0.00710255
0.00716323
0.00703114
0.00709182
0.0071525
0.00721312
0.00727373
0.00714183
0.00720233
0.007263
0.0071311
0.00719166
0.00705981
0.00712043
0.00718093
0.00724143
0.00730187
0.0071702
0.0072307
0.0072912
0.00735158
0.00721991
0.00728041
0.00734073
0.00740111
0.00746149
0.00732994
0.00719851
0.00725883
0.00712746
0.00718784
0.00724816
0.00730842
0.00736868
0.00742894
0.00748914
0.00754935
0.00760955
0.00766969
0.00753856
0.00740731
0.00746745
0.00733638
0.00739658
0.00745666
0.00732565
0.00719464
0.00706375
0.00712389
0.006993
0.00686222
0.00692236
0.00679165
0.00685173
0.00691187
0.00678116
0.0068413
0.00671071
0.00677079
0.00683087
0.00689095
0.00676042
0.00682044
0.00668997
0.00675005
0.00661963
0.00648928
0.00635898
0.00622874
0.00628883
0.00634885
0.00640893
0.00646889
0.00652885
0.00658876
0.00645864
0.00651866
0.00657856
0.00663847
0.00669831
0.00675815
0.006818
0.006688
0.00674784
0.00680763
0.00686735
0.00692719
0.00679725
0.00685698
0.0069167
0.00678688
0.00684661
0.00671685
0.00677651
0.00683624
0.0068959
0.0069555
0.00701511
0.00688547
0.00694507
0.00681555
0.00687516
0.0069347
0.00699425
0.00705379
0.00692427
0.00698376
0.0070433
0.00710279
0.00697345
0.00703287
0.0070923
0.00715172
0.00702244
0.00708187
0.00695258
0.00701195
0.00707138
0.00713074
0.00719005
0.00724936
0.0073086
0.00736785
0.00723886
0.00729811
0.0073573
0.00722831
0.0072875
0.00734669
0.00740588
0.00727695
0.00733614
0.00739527
0.00745445
0.00751346
0.00738466
0.00744379
0.00750279
0.00756186
0.00743312
0.00749218
0.0073635
0.00742251
0.00729388
0.00735295
0.0074119
0.00747091
0.00752991
0.00740141
0.00746036
0.00733191
0.0073908
0.00726241
0.00732136
0.00719297
0.00706476
0.00712365
0.00718254
0.00724143
0.00730038
0.00735915
0.00741798
0.00747675
0.00753558
0.00740743
0.0074662
0.00733811
0.00739688
0.00745565
0.00732762
0.00738639
0.00725836
0.00731719
0.00737584
0.00743455
0.0074932
0.00736535
0.00723755
0.0072962
0.0073548
0.00741345
0.00728577
0.00734431
0.00721675
0.00727528
0.00733387
0.00720632
0.00726485
0.00732338
0.00738198
0.00725448
0.00731295
0.00737149
0.00742996
0.00730252
0.00717515
0.00704789
0.00710636
0.00716484
0.00722337
0.00728172
0.00734007
0.00739855
0.00745684
0.0073297
0.007388
0.00744635
0.00731921
0.00737756
0.00743586
0.00749415
0.00755239
0.00761056
0.00766885
0.00754189
0.00760007
0.00765824
0.00771642
0.00758952
0.00764763
0.00752085
0.00757897
0.00763708
0.0076952
0.00775319
0.00781125
0.00786936
0.00774264
0.0078007
0.00785863
0.00791663
0.00797457
0.00784796
0.00790596
0.0079639
0.00802177
0.00789523
0.00795311
0.00782675
0.00770026
0.00757396
0.00763184
0.00768971
0.00774759
0.00780547
0.00786328
0.00792104
0.00779486
0.00785261
0.00791043
0.00796819
0.00802588
0.00808364
0.00814134
0.00819904
0.00807285
0.00813055
0.00800449
0.00806218
0.00811976
0.0081774
0.00823492
0.00810903
0.00798315
0.00785726
0.00791484
0.00778908
0.00766337
0.00772095
0.00777858
0.0078361
0.00771046
0.00776803
0.00782555
0.00788301
0.00794047
0.00799799
0.00787246
0.00792992
0.00798738
0.00804478
0.00791931
0.00797665
0.0078513
0.0079087
0.0079661
0.0080235
0.00789815
0.00795549
0.00801283
0.00788754
0.00794488
0.00800216
0.0080595
0.00811672
0.008174
0.00823122
0.00828838
0.0083456
0.00840276
0.00845993
0.00851703
0.00839192
0.00826687
0.00814188
0.00819904
0.00825614
0.00831324
0.00837034
0.00842732
0.00830245
0.00835949
0.00841653
0.00847352
0.0085305
0.00858748
0.00846267
0.00851971
0.00857657
0.00845188
0.0085088
0.00856572
0.00844109
0.00849801
0.00855488
0.00861168
0.00866854
0.00872529
0.00878215
0.00865763
0.00871438
0.00877112
0.00882787
0.00888461
0.00876021
0.0088169
0.00887352
0.00893027
0.00898689
0.00904351
0.00910014
0.0091567
0.00903243
0.00890821
0.00896478
0.00902134
0.00907791
0.00913441
0.00901026
0.00906682
0.00894272
0.00899923
0.00887519
0.00875115
0.00862724
0.00850332
0.00855988
0.00861639
0.00867289
0.0087294
0.00878578
0.00884229
0.00889874
0.00877494
0.00883132
0.00888771
0.00876403
0.00882041
0.00869673
0.00875312
0.0086295
0.008506
0.00856233
0.00861877
0.0086751
0.00873137
0.00860792
0.00848448
0.00854087
0.00859714
0.00865346
0.00870967
0.00858641
0.00864261
0.00869888
0.00875509
0.00863183
0.00850862
0.00856489
0.00862104
0.00849789
0.00855416
0.00861031
0.00848728
0.0083642
0.00842035
0.0084765
0.00835359
0.00823063
0.00828683
0.00834298
0.00822014
0.00827628
0.00815344
0.00820959
0.00826573
0.00814295
0.00802034
0.00789768
0.00777513
0.00783128
0.00788736
0.00794345
0.00799948
0.00787699
0.00793314
0.00798911
0.00786668
0.00792271
0.00797874
0.00803477
0.00809073
0.0081467
0.00802433
0.00790203
0.00777984
0.00783575
0.00789177
0.00794768
0.00782555
0.00788146
0.00793731
0.0078153
0.00787115
0.00792706
0.00798285
0.0080387
0.00809455
0.00797254
0.00785059
0.00790638
0.00778806
0.00786036
0.0077551
0.00764984
0.00754464
0.00761694
0.0076893
0.0077616
0.00783384
0.00772864
0.00762355
0.00769579
0.00776803
0.00784022
0.00773513
0.00763011
0.0077123
0.00777447
0.00766945
0.00774157
0.00763667
0.00753176
0.00742686
0.00749904
0.00757116
0.00764322
0.00771523
0.00778729
0.0076825
0.00757772
0.00747299
0.00736833
0.00744033
0.00733566
0.00740772
0.00730312
0.00719851
0.00727051
0.00734246
0.00741446
0.00748634
0.00741053
0.00746602
0.00734925
0.00740057
0.007456
0.00733519
0.00739068
0.00744605
0.00732535
0.00720459
0.00726002
0.00732166
0.00737077
0.00725019
0.0073055
0.00718492
0.0072403
0.00729567
0.00735098
0.00740629
0.00728577
0.00734109
0.0073964
0.00727594
0.00733125
0.00738651
0.0074417
0.00749689
0.00755209
0.00760728
0.00766242
0.00771761
0.00777268
0.0076524
0.00770754
0.00776261
0.00764239
0.0076974
0.00775248
0.00763237
0.00768739
0.00756735
0.0076223
0.00767732
0.00755733
0.00761235
0.00749236
0.00754744
0.00760239
0.00765735
0.0077123
0.00776726
0.00764734
0.00752753
0.00758249
0.00763738
0.00769228
0.00774711
0.00780201
0.00785685
0.00791168
0.00779194
0.00784671
0.00772709
0.00778192
0.00783664
0.00771713
0.00777185
0.00782663
0.00770712
0.00758761
0.00746816
0.00752294
0.00757766
0.00763243
0.00768715
0.00774181
0.00779653
0.00785118
0.00790578
0.00796044
0.00801504
0.00789577
0.00795031
0.0080049
0.00788569
0.00776649
0.00782108
0.00787562
0.00793016
0.0079847
0.00803924
0.00809366
0.00797462
0.0080291
0.00791001
0.00796449
0.00801891
0.00807333
0.00796402
0.00803459
0.00806326
0.00811768
0.00817204
0.00822634
0.00828069
0.00833499
0.00838929
0.00844359
0.00849783
0.00855207
0.00860626
0.0086605
0.00871468
0.00876886
0.00865006
0.00853139
0.00858551
0.00863969
0.00869381
0.0085752
0.00845665
0.00851065
0.00856483
0.00844628
0.0085004
0.00855452
0.00860852
0.00849009
0.00837165
0.00842571
0.0083074
0.00836152
0.00824314
0.00812489
0.00817895
0.00823301
0.00828701
0.00816882
0.00822282
0.00827682
0.00815868
0.00821269
0.00826675
0.00814861
0.00820255
0.0080846
0.0081386
0.00819248
0.00824642
0.0083003
0.00818241
0.00823623
0.00829017
0.00834405
0.00839782
0.0084517
0.00833386
0.00821608
0.0080983
0.00815213
0.00820595
0.00825977
0.0083136
0.0083673
0.00824964
0.00830346
0.00835717
0.00823957
0.00812197
0.00817573
0.00805825
0.00811195
0.00799453
0.00804818
0.00793082
0.00781345
0.00786722
0.00792092
0.00797462
0.00802827
0.00791103
0.00796467
0.00801831
0.00807196
0.00795478
0.0080083
0.00789118
0.00777406
0.0078277
0.00788128
0.00776422
0.00764728
0.00770086
0.0077545
0.00780803
0.00786161
0.00774467
0.00779825
0.00785172
0.00773484
0.00761807
0.00767159
0.00772506
0.00777858
0.00783205
0.00788552
0.00776881
0.00782228
0.00770557
0.00758898
0.00764239
0.00769585
0.00774926
0.00780261
0.00785601
0.00790942
0.0079627
0.00801605
0.00789958
0.00795287
0.00800622
0.00805944
0.00811273
0.00816602
0.00821924
0.00810277
0.00815606
0.00820923
0.00826246
0.00814611
0.00819927
0.00825244
0.00813615
0.00818932
0.00824243
0.0082956
0.00817937
0.00823241
0.0083009
0.00820053
0.00810009
0.00816894
0.00806868
0.00804347
0.00792742
0.00781143
0.0076955
0.00757962
0.00763637
0.00753623
0.00756997
0.00762308
0.00767612
0.00772917
0.00778228
0.00783533
0.00771952
0.00777251
0.00782549
0.00770986
0.00776285
0.00764722
0.00770015
0.00775313
0.00780606
0.00769049
0.00774342
0.00779635
0.00784928
0.00790215
0.00795507
0.0078395
0.00789243
0.00794524
0.00782984
0.00788265
0.00776732
0.00765198
0.00770479
0.00758958
0.0074743
0.00752711
0.00757992
0.00746483
0.00751764
0.00757039
0.0076232
0.00767589
0.0077287
0.00778139
0.00766635
0.00755131
0.00760406
0.00748903
0.00737411
0.0074268
0.00747955
0.00753224
0.00741738
0.00747007
0.00735527
0.0074079
0.00729311
0.0073458
0.00723106
0.00711638
0.0070017
0.00705439
0.00710714
0.00715971
0.00721234
0.00726497
0.0073176
0.00720304
0.00725567
0.00714111
0.00719368
0.00707924
0.00713187
0.00718445
0.00723696
0.00712258
0.00717509
0.0072276
0.00728011
0.00716573
0.00721824
0.00727075
0.00715649
0.00704229
0.0070948
0.00714719
0.00719965
0.00725204
0.00730449
0.00735688
0.00740927
0.00729513
0.00734752
0.00739986
0.00728583
0.00733817
0.00722414
0.00711018
0.00716257
0.00721484
0.00726718
0.00731951
0.00720561
0.00725782
0.00731015
0.00736237
0.00724858
0.00713485
0.00718707
0.00723928
0.00712556
0.00717783
0.00722998
0.0072822
0.00733441
0.00738651
0.00743872
0.00732511
0.00721151
0.0072636
0.00731575
0.00736791
0.00741994
0.0074721
0.00752407
0.00741059
0.00746262
0.00751472
0.00756669
0.00745332
0.0075053
0.00755733
0.00760931
0.00766122
0.00754791
0.00759989
0.00765175
0.00753856
0.00759047
0.00747722
0.00736398
0.00725085
0.00730276
0.0073548
0.00740665
0.00745851
0.00751042
0.00756228
0.00761408
0.00766593
0.00771773
0.00760466
0.00765651
0.00770831
0.00776005
0.0076471
0.00769883
0.00758594
0.00763768
0.00768942
0.00774115
0.00779277
0.00768
0.00773168
0.00778335
0.00767052
0.00772226
0.00760949
0.00766116
0.00771284
0.0077644
0.00765175
0.00770336
0.00775498
0.00780654
0.0078581
0.00790972
0.00796121
0.00801277
0.00790018
0.00795168
0.00783914
0.0078907
0.00777823
0.00782973
0.00788122
0.00793272
0.0079841
0.00787169
0.00792319
0.00797457
0.008026
0.00807738
0.00812876
0.00818014
0.00823146
0.00811917
0.00817055
0.00822181
0.00827312
0.00832438
0.0083757
0.00842696
0.00847816
0.00836599
0.00841719
0.00846845
0.00851959
0.00840753
0.00829548
0.00834662
0.00823456
0.00812256
0.00817376
0.00806183
0.00811309
0.00816423
0.00805229
0.00810349
0.00815463
0.00820577
0.00809395
0.00798219
0.00803328
0.00808442
0.0081355
0.0080238
0.00807494
0.00812602
0.00801438
0.00806546
0.00811648
0.00816756
0.00821859
0.00826949
0.00832051
0.00820893
0.00825995
0.00814843
0.00819939
0.00825036
0.00830132
0.00835228
0.00840312
0.00829172
0.00834262
0.00839353
0.00844437
0.00849521
0.00838393
0.00843477
0.00832337
0.00837427
0.00842506
0.00847584
0.00852674
0.00841546
0.00846618
0.00835508
0.00840586
0.00845653
0.00850731
0.00855803
0.00860882
0.00849766
0.00854838
0.00859904
0.00864971
0.00870037
0.00875103
0.00864005
0.00852901
0.00841802
0.00846869
0.00851935
0.00840843
0.00845909
0.0085097
0.00856036
0.00861084
0.00866145
0.00871205
0.00876254
0.00881308
0.00886351
0.00891405
0.00896454
0.0090149
0.00906539
0.00911582
0.00916624
0.00921661
0.00910586
0.00915629
0.00920665
0.00925702
0.00914639
0.00919676
0.009247
0.00929731
0.00934768
0.00939792
0.00944817
0.00949848
0.00954866
0.00959891
0.0096491
0.00953859
0.00958878
0.00963891
0.00968909
0.00973922
0.00978935
0.0096789
0.00972909
0.0096187
0.00966877
0.0095585
0.00944811
0.0094983
0.00938797
0.0094381
0.00932789
0.00921774
0.00926781
0.00915772
0.00904757
0.00893754
0.00882751
0.00887764
0.00876766
0.00881773
0.00886792
0.00891799
0.00880808
0.00885814
0.00890821
0.00895828
0.00900835
0.00905842
0.00910836
0.00915837
0.00904852
0.00893879
0.0089888
0.00887907
0.00892901
0.0088194
0.00886935
0.0089193
0.00896925
0.0090192
0.00890958
0.00879997
0.00884992
0.00889987
0.00879031
0.00868082
0.00873077
0.00878072
0.00883055
0.00872117
0.00861174
0.00866163
0.00871152
0.00876141
0.00865203
0.00870192
0.00859267
0.00864249
0.00869232
0.00858313
0.00863296
0.00868273
0.00857353
0.00862336
0.00867319
0.008564
0.00845492
0.00850475
0.00839567
0.00828665
0.00833642
0.00838619
0.0082773
0.00832707
0.0083769
0.00842655
0.00847632
0.00852597
0.00841713
0.00846684
0.008358
0.00840771
0.00845742
0.00850707
0.00855678
0.00860631
0.0084976
0.00854725
0.00843859
0.00832987
0.00822121
0.00827092
0.00832051
0.0083701
0.00841969
0.00846928
0.00851887
0.00856835
0.00861794
0.00866747
0.008717
0.0086084
0.00865793
0.0087074
0.00875688
0.0086484
0.00869787
0.00858951
0.00848109
0.00853056
0.00858003
0.00862944
0.00867885
0.00872833
0.00877762
0.00882703
0.00887632
0.00892574
0.00897503
0.00886679
0.00891614
0.00896543
0.00885719
0.00890648
0.00895578
0.00884765
0.00889695
0.00878876
0.00883806
0.00873005
0.00862199
0.00867128
0.00856334
0.00861257
0.00866181
0.00855392
0.00860316
0.00865239
0.00870156
0.00859368
0.00848585
0.00853515
0.00858432
0.00863349
0.00868267
0.0085749
0.00862402
0.00851631
0.00840867
0.00845778
0.00850695
0.00855607
0.00844848
0.00849766
0.00839001
0.00843912
0.00848824
0.00853735
0.00842983
0.00847888
0.00837141
0.00826401
0.00831306
0.00836211
0.00841117
0.00846022
0.00835282
0.00840193
0.00845093
0.00849992
0.00854886
0.00859791
0.00864685
0.00869578
0.00874472
0.00879359
0.00884253
0.0088914
0.00894028
0.00898916
0.00888187
0.00893068
0.00897962
0.00887239
0.00892127
0.00897002
0.00901884
0.0090676
0.00911635
0.00916511
0.00921386
0.00926262
0.00915551
0.00920421
0.00909722
0.00914592
0.00903893
0.00908762
0.00898069
0.00902939
0.00907809
0.00912672
0.00917536
0.00906849
0.00911713
0.00901026
0.00905895
0.00910759
0.00900084
0.00904942
0.00909799
0.0089913
0.00903982
0.00908846
0.00913703
0.00918561
0.00923413
0.00912744
0.00902081
0.00906938
0.0091179
0.00916642
0.00921488
0.00910836
0.00915682
0.00920528
0.00925374
0.0093022
0.00935066
0.00939906
0.00944746
0.00949585
0.0093894
0.00943774
0.00948614
0.00953448
0.00942808
0.00947642
0.00952476
0.0095731
0.00946671
0.00951505
0.00940877
0.0093025
0.00935084
0.00939912
0.0094474
0.00949568
0.00938946
0.00943774
0.00933152
0.00937992
0.00942808
0.0094763
0.00937021
0.00941843
0.00931239
0.00920641
0.00925463
0.00930279
0.00935102
0.00939918
0.00944734
0.0094955
0.0095436
0.00959176
0.0096398
0.00953394
0.00958198
0.00963008
0.00967818
0.00972623
0.00977421
0.00982225
0.00987023
0.00991827
0.00996619
0.0100142
0.0100621
0.0101101
0.0100043
0.0100523
0.0101001
0.00999445
0.00988883
0.00993663
0.00998455
0.00987899
0.0099268
0.0098213
0.00986916
0.00976366
0.00981152
0.00970602
0.00975388
0.00980181
0.00984961
0.00974411
0.00963879
0.00968659
0.00973445
0.00978225
0.00983006
0.00987786
0.00992566
0.00982028
0.00986809
0.00991583
0.00996357
0.0100114
0.0100591
0.0099538
0.0100015
0.00989628
0.00994396
0.00999171
0.0100393
0.010087
0.0101346
0.0101823
0.0100771
0.0101247
0.0100197
0.0100673
0.00996226
0.0100099
0.0100574
0.010105
0.0101526
0.0100477
0.0100952
0.0101427
0.0101903
0.0102378
0.0102853
0.0103328
0.0103802
0.0104277
0.0104752
0.0103703
0.0104178
0.0104651
0.0103604
0.0104077
0.010303
0.0101983
0.0100936
0.010141
0.0101884
0.0100838
0.0101312
0.0101786
0.010074
0.0101214
0.0100168
0.0100642
0.0101116
0.0100071
0.0100544
0.00994992
0.0098455
0.00989288
0.00994021
0.00998759
0.0100349
0.00993055
0.00997782
0.0100251
0.0100725
0.0101197
0.0101669
0.0102141
0.0102615
0.0103086
0.0103558
0.010403
0.0104502
0.0103459
0.0103931
0.0102889
0.0103361
0.0103832
0.0102791
0.0103262
0.0103734
0.0104204
0.0103164
0.0103635
0.0104105
0.0104576
0.0103536
0.0104007
0.0102966
0.0103437
0.0103908
0.0102868
0.0103339
0.0103809
0.010428
0.0104749
0.0105219
0.010418
0.0103142
0.0102104
0.0102574
0.0101537
0.0102006
0.0102476
0.0101439
0.0101908
0.0102379
0.0102847
0.0101811
0.0100774
0.0101244
0.0101714
0.0102183
0.0102652
0.0101616
0.0102085
0.010105
0.0101519
0.0101987
0.0100952
0.00999182
0.0100387
0.0100856
0.0101324
0.0101793
0.0102261
0.0101227
0.0101696
0.0100662
0.0101131
0.0100097
0.0100566
0.0101033
0.0101501
0.0101969
0.0100937
0.00999051
0.0100372
0.00993407
0.00998086
0.0100276
0.00992447
0.00982141
0.00971836
0.00976509
0.00981188
0.00985867
0.00990534
0.00980234
0.00984901
0.00989574
0.00994241
0.00998914
0.0100358
0.00993288
0.00997949
0.0100262
0.0100728
0.0101194
0.010166
0.0102126
0.0102592
0.0103057
0.0103523
0.0103988
0.0104454
0.0103425
0.0103891
0.0104356
0.0103328
0.0103793
0.0104258
0.0103231
0.0103695
0.010416
0.0104625
0.0105089
0.0105553
0.0106017
0.0104991
0.0105455
0.0105919
0.0106382
0.0105357
0.010582
0.0106284
0.0106747
0.0105723
0.0104697
0.0105161
0.0104136
0.0103112
0.0103576
0.0104039
0.0104502
0.0103478
0.0102456
0.0102919
0.0101896
0.0102359
0.0102822
0.0103285
0.0102262
0.0102726
0.0103188
0.0102167
0.0102629
0.0103092
0.010207
0.0102533
0.0102994
0.0103457
0.0103919
0.0104381
0.010336
0.0103822
0.0102803
0.0103264
0.0103726
0.0104187
0.0104648
0.0103629
0.0104089
0.0104551
0.0105011
0.0103993
0.0104454
0.0104915
0.0105376
0.0105836
0.0104818
0.0105278
0.0105739
0.0104721
0.0105181
0.0104163
0.0103146
0.0103607
0.0104067
0.010305
0.0102034
0.0102493
0.0102953
0.0101937
0.0102398
0.0102858
0.0101842
0.0102302
0.0102762
0.0101746
0.0102206
0.0101191
0.0101651
0.0102111
0.0102569
0.0103029
0.0103488
0.0103948
0.0104406
0.0104865
0.0105323
0.010431
0.0104768
0.0103755
0.0104213
0.0104672
0.010513
0.0104117
0.0104575
0.0105033
0.0105491
0.0105948
0.0106406
0.0106864
0.0107321
0.0107778
0.0108235
0.0108692
0.0109149
0.0109606
0.0108594
0.0107583
0.0108039
0.0107028
0.0106018
0.0105007
0.0103998
0.0102988
0.0103446
0.0102436
0.0101427
0.0101883
0.0100875
0.0101332
0.0100324
0.0100781
0.0101238
0.0101694
0.0102151
0.0102607
0.0101599
0.0100592
0.0101048
0.0101505
0.0101961
0.0100954
0.010141
0.0101866
0.0102322
0.0102777
0.0103233
0.0102227
0.0102683
0.0103137
0.0103593
0.0104048
0.0103043
0.0103498
0.0102492
0.0102947
0.0103402
0.0103857
0.0102852
0.0103307
0.0103762
0.0104216
0.010467
0.0105124
0.010412
0.0104575
0.0105028
0.0105482
0.0104479
0.0104933
0.0105386
0.0105839
0.0104837
0.0103835
0.0104288
0.0103287
0.010374
0.0102738
0.0103191
0.0103645
0.0102643
0.0103096
0.0103549
0.0102549
0.0103002
0.0102001
0.0102454
0.0101454
0.0101907
0.0100908
0.0101361
0.0101813
0.0100814
0.0101267
0.0101719
0.0102172
0.0101174
0.0101625
0.0100628
0.0101079
0.0100082
0.0100534
0.00995356
0.0099988
0.00989908
0.00994432
0.0099895
0.00988984
0.00993502
0.00983536
0.0098806
0.009781
0.0098322
0.00977072
0.00985396
0.00993717
0.00987568
0.0098142
0.00980777
0.00970823
0.00977451
0.00971311
0.00965169
0.00973484
0.00967348
0.00961211
0.00969523
0.00963387
0.00957254
0.00951123
0.00944993
0.00953302
0.00947171
0.00955477
0.0094935
0.00943226
0.00951529
0.00945404
0.00939283
0.00947583
0.0095588
0.00949758
0.00958052
0.00966346
0.00960225
0.00954106
0.00947991
0.00941879
0.00935766
0.00944054
0.00952339
0.00946227
0.00954509
0.00948399
0.00942293
0.00950572
0.00958848
0.00967124
0.00975397
0.00983667
0.00977561
0.00971454
0.00965348
0.00959247
0.00967515
0.00963598
0.00969675
0.00963575
0.00971839
0.00965738
0.00973997
0.00967902
0.00976157
0.00984409
0.00978315
0.00986567
0.00994813
0.00990343
0.00982627
0.00976536
0.00970447
0.0097869
0.00986934
0.00980845
0.00974759
0.00983
0.00976914
0.00976753
0.00978607
0.00983077
0.00973231
0.00977695
0.00982159
0.00986624
0.00976783
0.00966948
0.00971413
0.00975877
0.00980335
0.00970507
0.00974965
0.00979435
0.00969607
0.00959772
0.00964236
0.00968695
0.00973159
0.00978044
0.0098207
0.00986522
0.00990981
0.00995433
0.00999886
0.0100434
0.0100878
0.0101323
0.0101768
0.0100787
0.00998056
0.00988251
0.00992697
0.00997144
0.00987339
0.00991786
0.00996226
0.00986427
0.00976628
0.00981081
0.00985515
0.00975728
0.00980169
0.00970376
0.00974822
0.00979263
0.00969476
0.009597
0.00949919
0.0095436
0.00958806
0.00963241
0.00953466
0.009579
0.00962341
0.00966781
0.00971222
0.00975651
0.00980085
0.00970322
0.00974751
0.00979179
0.00969416
0.0097385
0.00978273
0.00984544
0.00992703
0.00991559
0.00995988
0.0100041
0.00990653
0.00980902
0.00985324
0.0097889
0.00987038
0.00981021
0.00975001
0.00983149
0.00983518
0.00973779
0.00965104
0.00973248
0.00981387
0.00989527
0.00983515
0.00991651
0.0098564
0.00993773
0.00987765
0.00995895
0.00989887
0.00983882
0.00977877
0.00986004
0.00994131
0.0100225
0.0101037
0.0101849
0.0102661
0.010206
0.010146
0.010086
0.0101671
0.0101071
0.0100471
0.00998718
0.0100683
0.0100083
0.00994837
0.00988847
0.00996953
0.00990963
0.00999066
0.00993079
0.00987092
0.00981104
0.00975123
0.00969139
0.0096316
0.00957182
0.00951204
0.00959304
0.00967401
0.00961423
0.00969517
0.00977612
0.009857
0.00979725
0.00987813
0.00995898
0.0100398
0.00998005
0.00992033
0.00986061
0.00980091
0.00974125
0.00982204
0.00976238
0.00970274
0.00964311
0.00958347
0.0095239
0.00960463
0.00968537
0.00962579
0.0097065
0.00964692
0.00958738
0.00952783
0.00946832
0.00954896
0.00962961
0.00957012
0.00951061
0.00959122
0.00953177
0.00961235
0.00955287
0.00963345
0.00971398
0.00965452
0.0095951
0.00953567
0.00947627
0.00955677
0.00949737
0.00943801
0.0095185
0.00945914
0.00953957
0.00948024
0.0094209
0.00936159
0.00944203
0.00938272
0.0094631
0.00940382
0.00934455
0.00942492
0.00936568
0.00930643
0.00938678
0.00932753
0.00940785
0.00948817
0.00942895
0.00950921
0.00958946
0.00953025
0.00961047
0.00969067
0.00963148
0.0095723
0.00965247
0.00959331
0.00953415
0.00947502
0.00941589
0.00949603
0.00957617
0.00951704
0.00959715
0.00953805
0.0096181
0.00969815
0.00963908
0.0097191
0.00979909
0.00974002
0.00981998
0.00976092
0.00984088
0.00992081
0.0100007
0.0100806
0.0101604
0.0102403
0.0101812
0.0101222
0.010202
0.010143
0.0102227
0.0101637
0.0102435
0.0101845
0.0102642
0.0102052
0.0102849
0.010226
0.0103056
0.0102467
0.0101877
0.0102674
0.0102084
0.0101495
0.0100906
0.0101703
0.0101114
0.0100525
0.00999364
0.00993481
0.00987598
0.00995556
0.0100351
0.00997633
0.00991753
0.00999707
0.0100766
0.0101561
0.0100973
0.0101767
0.0102562
0.0103356
0.0102769
0.0102181
0.0101593
0.0102387
0.01018
0.0101213
0.0102006
0.01028
0.0103593
0.0104386
0.0103799
0.0103212
0.0102625
0.0102039
0.0101452
0.0102245
0.0103037
0.010383
0.0103243
0.0104035
0.0104827
0.010424
0.0103654
0.0103068
0.010386
0.0103274
0.0102688
0.0102103
0.0102894
0.0103685
0.0103099
0.010389
0.0104681
0.0104095
0.0104885
0.01043
0.010509
0.0104505
0.0105295
0.0106084
0.0106874
0.0107663
0.0107078
0.0106493
0.0105908
0.0106697
0.0106113
0.0105528
0.0104944
0.0105732
0.0105149
0.0104564
0.0103981
0.0103397
0.0104185
0.0103602
0.010439
0.0105177
0.0104594
0.0105381
0.0104798
0.0104215
0.0105002
0.0104419
0.0103837
0.0103254
0.0104041
0.0103458
0.0104245
0.0103663
0.0103081
0.0102499
0.0101916
0.0101335
0.0102121
0.0101539
0.0102326
0.0101744
0.0101163
0.0101949
0.0101368
0.0102153
0.0101572
0.0102357
0.0103142
0.0103927
0.0104712
0.0105496
0.010628
0.0105699
0.0106483
0.0105902
0.0105321
0.0104741
0.010416
0.0104944
0.0105727
0.0106511
0.010593
0.0106713
0.0106133
0.0106916
0.0107698
0.010848
0.01079
0.010732
0.0106741
0.0106161
0.0105581
0.0105002
0.0105784
0.0106566
0.0105986
0.0106768
0.0106189
0.010561
0.0106391
0.0107172
0.0106593
0.0106014
0.0106795
0.0106216
0.0106997
0.0106418
0.010584
0.010662
0.01074
0.010818
0.0107602
0.0107024
0.0107803
0.0107225
0.0106648
0.010607
0.0105492
0.0106272
0.0105694
0.0106473
0.0105896
0.0106675
0.0107453
0.0106876
0.0107654
0.0108432
0.010921
0.0109988
0.0109411
0.0108834
0.0108257
0.0109034
0.0109812
0.0109235
0.0108659
0.0109435
0.0110212
0.0109636
0.010906
0.0109836
0.010926
0.0108684
0.010946
0.0108884
0.0108308
0.0107733
0.0108509
0.0107934
0.0108709
0.0109484
0.011026
0.0109684
0.0109109
0.0109884
0.0109309
0.0108734
0.0108159
0.0108934
0.0108359
0.0109134
0.0109908
0.0109334
0.0110108
0.0109533
0.0110307
0.0109733
0.0110506
0.0111279
0.0110705
0.0111478
0.0112251
0.0113024
0.011245
0.0111876
0.0112648
0.0112074
0.0111501
0.0110927
0.0110354
0.0109781
0.0109208
0.0108635
0.0108062
0.0108834
0.0109606
0.0109034
0.0109805
0.0109232
0.0110004
0.0109431
0.0108859
0.0108287
0.0109058
0.0108486
0.0107915
0.0107343
0.0106772
0.01062
0.0105629
0.01064
0.0105829
0.0106599
0.0106028
0.0106798
0.0106228
0.0105657
0.0105087
0.0104516
0.0103946
0.0103376
0.0104146
0.0103576
0.0104346
0.0105115
0.0104545
0.0103976
0.0104745
0.0104175
0.0103606
0.0103037
0.0102468
0.0101899
0.0102668
0.0102099
0.0102867
0.0102299
0.0103067
0.0102499
0.010193
0.0101362
0.0100794
0.0100226
0.0100994
0.0101762
0.0101194
0.0100626
0.0101394
0.0100826
0.0101593
0.0101026
0.0101793
0.010256
0.0103326
0.0102759
0.0102192
0.0101625
0.0101058
0.0100491
0.00999248
0.00993583
0.0098792
0.00995582
0.0098992
0.0098426
0.00978604
0.00986263
0.00980604
0.00988263
0.00982606
0.0099026
0.00984606
0.00978953
0.00986603
0.00980952
0.00988603
0.0099625
0.0100389
0.00998244
0.0100589
0.0101353
0.0100788
0.0101551
0.0100987
0.010175
0.0102514
0.0101949
0.0102712
0.0103475
0.010291
0.0102346
0.0103109
0.0102544
0.0103307
0.0102742
0.0102178
0.0101614
0.0102377
0.0101812
0.0101249
0.0100685
0.0100122
0.0100884
0.0101646
0.0102407
0.0101844
0.0101281
0.0102042
0.0101479
0.010224
0.0101677
0.0101114
0.0101875
0.0101312
0.0100749
0.010151
0.0100948
0.0101708
0.0101146
0.0101906
0.0101343
0.0100782
0.010022
0.010098
0.0100418
0.0099856
0.0100616
0.0101375
0.0100814
0.0101573
0.0101011
0.010045
0.0101209
0.0100648
0.0100087
0.0100845
0.0100285
0.0101043
0.0100482
0.00999215
0.00993612
0.0098801
0.00995588
0.0100317
0.00997567
0.00991967
0.00999543
0.00993943
0.0100152
0.00995919
0.00990322
0.00997895
0.0100546
0.0101303
0.010206
0.01015
0.0102257
0.0101697
0.0102453
0.0101894
0.0101334
0.010209
0.0101531
0.0102287
0.0101728
0.0102483
0.0101925
0.010268
0.0102121
0.0101562
0.0101004
0.0101759
0.0102513
0.0103268
0.010271
0.0102151
0.0102906
0.0102348
0.010179
0.0101232
0.0100674
0.0100117
0.0100871
0.0101624
0.0101067
0.010051
0.00999525
0.0100706
0.0101459
0.0100902
0.0100345
0.0101098
0.0101851
0.0102604
0.0102047
0.010149
0.0100934
0.0100378
0.00998211
0.0100574
0.0100017
0.0100769
0.0100213
0.00996575
0.0100409
0.0101161
0.0101912
0.0102664
0.0102108
0.0101552
0.0102303
0.0101748
0.0101192
0.0101943
0.0101388
0.0102138
0.0102889
0.0102333
0.0101778
0.0101224
0.0101973
0.0101419
0.0102169
0.0102918
0.0102364
0.0101809
0.0101255
0.0102004
0.010145
0.0100895
0.0100341
0.0101091
0.0100537
0.00999832
0.00994295
0.0100178
0.0100927
0.0101675
0.0101122
0.010187
0.0101317
0.0100763
0.010021
0.00996575
0.00991046
0.00985518
0.00992998
0.0100048
0.00994948
0.0100242
0.009969
0.0100437
0.00998849
0.00993326
0.0100079
0.00995275
0.00989756
0.00997221
0.00991705
0.00999171
0.00993654
0.00988138
0.00982624
0.00990087
0.00984573
0.00992033
0.00999492
0.0100695
0.0100144
0.00995925
0.00990415
0.00984907
0.009794
0.00986853
0.00981349
0.00975844
0.00983295
0.00990745
0.0099819
0.00992689
0.00987187
0.00994632
0.0100207
0.00996572
0.00991073
0.00998512
0.00993013
0.0100045
0.00994956
0.0100239
0.00996897
0.00991401
0.00985909
0.00993341
0.00987849
0.00982359
0.00976869
0.0097138
0.00965896
0.00973326
0.00980753
0.00975266
0.00969782
0.00964302
0.00958821
0.00953341
0.00960764
0.00955287
0.0096271
0.00970131
0.00964653
0.00972071
0.00966594
0.00961119
0.00955644
0.00950173
0.00944704
0.00952119
0.0095953
0.00954062
0.00948593
0.00956005
0.00963414
0.00957945
0.00952479
0.00959885
0.00954422
0.00948957
0.00956362
0.00963765
0.00958303
0.0095284
0.0094738
0.0095478
0.0094932
0.00943863
0.0093841
0.00932953
0.0094035
0.00947747
0.00942293
0.00949684
0.00944233
0.00938782
0.00946173
0.00940722
0.00935274
0.00942662
0.00937214
0.009446
0.00951985
0.00946537
0.00941092
0.00948474
0.00943029
0.00937587
0.00932145
0.00926706
0.00921267
0.00928646
0.0092321
0.00930586
0.00925151
0.00919715
0.00927088
0.00921655
0.00929028
0.00936398
0.00943765
0.00951132
0.00945699
0.00940266
0.00934836
0.009422
0.00949562
0.00944132
0.00938705
0.00933278
0.00940636
0.00935212
0.00942567
0.00937143
0.00944498
0.0095185
0.00946426
0.00953779
0.00961128
0.00968474
0.0096305
0.00970396
0.00964975
0.00972319
0.00979659
0.00986996
0.00994334
0.0100167
0.0099625
0.0100358
0.0099816
0.00992742
0.0100007
0.00994655
0.0100198
0.00996569
0.0100389
0.00998479
0.00993064
0.00987652
0.00994974
0.00989562
0.00984153
0.00978744
0.00973335
0.00980657
0.00975251
0.00982571
0.00977165
0.00971761
0.00979078
0.00986391
0.00993705
0.00988302
0.00995612
0.00990212
0.00984809
0.00992119
0.00999424
0.0100673
0.0101403
0.0100863
0.0101593
0.0101053
0.0101783
0.0102513
0.0101973
0.0101433
0.0100894
0.0101623
0.0101084
0.0100545
0.0100005
0.0100735
0.0101463
0.0100924
0.0101653
0.0102382
0.0101843
0.0101304
0.0100765
0.0100227
0.00996882
0.00991499
0.00998783
0.00993401
0.00988019
0.00995299
0.0098992
0.00997198
0.00991818
0.00999096
0.0099372
0.0100099
0.0100827
0.0101553
0.010228
0.0101743
0.0101205
0.0101932
0.0102658
0.0102121
0.0101583
0.010231
0.0103036
0.0103762
0.0103224
0.010395
0.0103413
0.0104138
0.0104863
0.0104326
0.010379
0.0104514
0.0103978
0.0104702
0.0105427
0.010489
0.0105615
0.0105078
0.0104542
0.0104005
0.0103469
0.0102933
0.0102397
0.0103121
0.0103845
0.0103309
0.0104033
0.0104756
0.0104221
0.0104944
0.0104408
0.0105132
0.0104596
0.0105319
0.0106042
0.0105506
0.0104971
0.0104436
0.0105158
0.0104623
0.0105345
0.010481
0.0105532
0.0104997
0.0104463
0.0103928
0.010465
0.0105372
0.0104837
0.0105559
0.0105024
0.0105745
0.0105211
0.0104677
0.0104143
0.0103609
0.010433
0.0103796
0.0103263
0.0102729
0.0102196
0.0101663
0.0101129
0.010185
0.0101317
0.0100784
0.0101505
0.0102225
0.0101692
0.0102412
0.0101879
0.0102599
0.0102067
0.0101534
0.0101002
0.010047
0.0101189
0.0100819
0.0101377
0.0100845
0.0101088
0.0101595
0.0102101
0.0101357
0.0101938
0.0101406
0.0102125
0.0101593
0.0102312
0.0101893
0.0102399
0.0101656
0.0102161
0.0102667
0.0103172
0.0102429
0.0101686
0.0102191
0.0102696
0.0101954
0.0102459
0.0102964
0.0102221
0.0102726
0.0103231
0.0103736
0.0102994
0.0103498
0.0104003
0.010326
0.0102519
0.0101777
0.0101036
0.0100294
0.00995529
0.0100057
0.0100562
0.00998211
0.0100325
0.00995937
0.0100089
0.0100593
0.00998527
0.00991124
0.00996161
0.010012
0.0100624
0.0101128
0.0101631
0.0102134
0.0101395
0.0101898
0.0102401
0.0101661
0.0102165
0.0101425
0.0101928
0.0101189
0.0100449
0.0100952
0.0100213
0.0100716
0.0101219
0.0101722
0.0100983
0.0101486
0.0101988
0.010125
0.0100511
0.0101014
0.0101516
0.0100778
0.010128
0.0100542
0.0101045
0.0100307
0.00995696
0.00988328
0.00993347
0.0099836
0.0100338
0.00996011
0.0100102
0.0100604
0.00998676
0.00991309
0.00983948
0.0098896
0.00987661
0.00991523
0.0099538
0.00999236
0.00990731
0.00994593
0.00986081
0.00989938
0.00981432
0.00985295
0.00976789
0.00980651
0.00984508
0.00988358
0.00979865
0.00971371
0.00963524
0.00970629
0.00970584
0.00962096
0.00965953
0.00969803
0.0097366
0.0097751
0.00981361
0.00985211
0.00989062
0.00992912
0.00996751
0.010006
0.0100445
0.0100829
0.0101213
0.0100365
0.010075
0.00999022
0.0100286
0.010067
0.00998223
0.00989753
0.00993598
0.00997436
0.0100127
0.0100511
0.00996649
0.00988185
0.00992024
0.00995862
0.00999695
0.0100353
0.0099507
0.00986612
0.00978154
0.00981992
0.00985825
0.00977367
0.00968921
0.0097276
0.00976592
0.0096814
0.00971979
0.00975811
0.00979644
0.00983477
0.00975031
0.00978863
0.00982696
0.00974256
0.00978088
0.00981909
0.00985748
0.00989574
0.00981134
0.00984961
0.00988787
0.00992614
0.00996435
0.00988001
0.00991827
0.00983399
0.00974971
0.00978798
0.00982612
0.00986445
0.00978017
0.00981838
0.00985664
0.00989479
0.00981063
0.00972641
0.00976455
0.00980276
0.00984102
0.00987917
0.00991732
0.00983316
0.00987136
0.00990951
0.0099476
0.00986356
0.0099017
0.0098176
0.00985581
0.00989389
0.00980979
0.00972581
0.00964177
0.00967991
0.00971812
0.00975615
0.00979429
0.00983244
0.00987053
0.00990862
0.00994658
0.00998467
0.0100228
0.0100608
0.00997692
0.010015
0.0100529
0.0100909
0.0100071
0.0100451
0.00996125
0.00999922
0.00991541
0.00995344
0.00986964
0.00978583
0.00982386
0.00974011
0.00965637
0.00957268
0.00961071
0.00964862
0.00968665
0.00960302
0.00951928
0.00955731
0.00959533
0.00951171
0.00942808
0.00946605
0.00950408
0.00942045
0.00933695
0.00937492
0.00941288
0.00932938
0.00936741
0.00940531
0.00944328
0.00948125
0.0095191
0.00955707
0.00959498
0.00963289
0.00954944
0.00958735
0.0095039
0.00942051
0.00945836
0.00937504
0.00941288
0.00945085
0.00948876
0.00952655
0.00956446
0.00960225
0.00964016
0.00967801
0.00959468
0.00951135
0.00942808
0.00946587
0.00950378
0.00954157
0.00957942
0.00961727
0.009534
0.00945073
0.00948864
0.00940537
0.00944322
0.00936002
0.0093978
0.00943565
0.00947344
0.00951123
0.00954896
0.00958675
0.00962448
0.00954133
0.00957912
0.00949603
0.00953382
0.00945073
0.0093677
0.00940543
0.00944316
0.00948095
0.00951862
0.00955635
0.00947332
0.00951099
0.00954872
0.00946575
0.00938284
0.00942051
0.0094583
0.00949591
0.00953358
0.00945067
0.00948834
0.00940549
0.00944316
0.00936025
0.00939798
0.00943559
0.0094732
0.00951087
0.00954854
0.00946569
0.00950336
0.00954092
0.00945818
0.00949574
0.00941306
0.00933033
0.00936788
0.00928527
0.00932282
0.00924021
0.00915754
0.00919515
0.00911248
0.00915009
0.0091877
0.00910515
0.00902253
0.00906014
0.0090977
0.0090152
0.00893265
0.0089702
0.00888771
0.00892532
0.00896293
0.00900048
0.00891799
0.00883555
0.00887311
0.00891066
0.00894821
0.00886589
0.00890338
0.00894088
0.0088585
0.00877619
0.00881374
0.00885123
0.00888878
0.00880647
0.00872415
0.0087617
0.0087992
0.00883669
0.00887418
0.00879192
0.00882941
0.00874716
0.00878465
0.00882214
0.00885963
0.00889713
0.00881493
0.00873274
0.00877017
0.00880766
0.00884509
0.00876302
0.00880039
0.00883782
0.00887525
0.00891268
0.00895005
0.00898749
0.00890541
0.00882334
0.00886071
0.00889808
0.00893545
0.00897288
0.0090102
0.00904757
0.00908488
0.00900292
0.00904024
0.00907761
0.00911492
0.00903296
0.00907022
0.00910753
0.00914484
0.00906295
0.00910026
0.00913751
0.00917476
0.00921208
0.00924939
0.00928658
0.00920469
0.009242
0.00916004
0.00907826
0.00911552
0.00903374
0.00907093
0.00910813
0.00914538
0.00918263
0.00921988
0.00925708
0.0091753
0.00921249
0.00913078
0.00916797
0.00908625
0.00912344
0.00916064
0.00907892
0.00911611
0.00915331
0.00907165
0.00910878
0.00902712
0.00906432
0.00898272
0.00901985
0.00893831
0.00897545
0.00901258
0.00904977
0.00908685
0.00900531
0.00892383
0.0089609
0.0089981
0.00891656
0.00895375
0.00899082
0.00902796
0.00906503
0.00910211
0.00902063
0.00905776
0.00909483
0.00913185
0.00916892
0.009206
0.00912458
0.00916165
0.00908023
0.00911731
0.00903594
0.00895458
0.00899166
0.00902873
0.00906569
0.00910276
0.00902146
0.00905842
0.00909549
0.00901419
0.0090512
0.00896996
0.00900692
0.00904393
0.00896275
0.00899965
0.00903672
0.00907367
0.00911063
0.00914758
0.0090664
0.0091033
0.00914025
0.00917721
0.00909609
0.00901496
0.00905192
0.00908881
0.00900775
0.00904465
0.00908154
0.00900054
0.00891948
0.00895637
0.00899333
0.00891232
0.00894922
0.00886822
0.00890511
0.00882417
0.00886106
0.00878012
0.00881702
0.00885385
0.00889075
0.00880986
0.00884676
0.0088836
0.00892037
0.00895727
0.0089941
0.00891328
0.00895011
0.00898695
0.00902373
0.0090605
0.00897968
0.00901651
0.00905329
0.00909007
0.00912684
0.00916362
0.00908285
0.00911957
0.00915641
0.00907564
0.00911236
0.00914919
0.00918585
0.00922257
0.00914186
0.00917864
0.0092153
0.00925201
0.00928873
0.00932539
0.00924474
0.00928146
0.00920087
0.00923747
0.00915688
0.0091936
0.00911295
0.00903243
0.00906909
0.00910574
0.00914246
0.00917912
0.00909859
0.009018
0.00893754
0.00897419
0.00901085
0.00904751
0.00908417
0.00912082
0.00915736
0.00919402
0.00911355
0.00915021
0.00918674
0.00910634
0.00902599
0.00906259
0.00898224
0.00890189
0.00882161
0.00885814
0.00889474
0.00893134
0.00896794
0.00900447
0.00904107
0.00907761
0.00899732
0.00903392
0.0090704
0.00910699
0.00902677
0.00894648
0.00898308
0.00890285
0.00893939
0.00897592
0.00889575
0.00881559
0.00885212
0.0088886
0.00880855
0.00884509
0.00876498
0.00880146
0.00883794
0.00887448
0.00891095
0.0088309
0.00886738
0.00878733
0.00870734
0.00874382
0.0087803
0.00881672
0.00873679
0.00877321
0.00880969
0.0088461
0.00888258
0.008919
0.00883913
0.00887555
0.00879556
0.00883204
0.0088684
0.00890481
0.00894123
0.00897759
0.00901401
0.00905037
0.00908673
0.00912303
0.00915939
0.00907952
0.00911587
0.00915223
0.00918859
0.00910872
0.00914508
0.00906533
0.00910163
0.00913793
0.00917423
0.00909454
0.00913078
0.00916702
0.00920331
0.00923961
0.00927591
0.00931209
0.00934833
0.0092687
0.00918901
0.00922531
0.00926149
0.00918186
0.00921804
0.00925434
0.00929052
0.00921094
0.00924712
0.00916755
0.00920379
0.00923997
0.00927615
0.00919664
0.00911707
0.00915325
0.00907373
0.00910997
0.0090304
0.00906664
0.00910282
0.009139
0.00905955
0.00909573
0.00913185
0.00905246
0.00908858
0.00900918
0.00904536
0.00908148
0.0091176
0.00915378
0.00907439
0.00911051
0.00914663
0.00918275
0.00910348
0.00913954
0.0090602
0.00909632
0.00913244
0.00916851
0.00920457
0.00912529
0.00916141
0.00908214
0.00911826
0.00915432
0.00919032
0.00922638
0.00926244
0.00929844
0.00933444
0.00925523
0.00917608
0.00921214
0.00924814
0.00916898
0.00920504
0.00924098
0.00916189
0.00908279
0.0090037
0.0090397
0.0090757
0.00899667
0.00903267
0.00895363
0.00898963
0.0089106
0.00894654
0.00898254
0.00901854
0.00905448
0.00909048
0.00901151
0.00904745
0.00908345
0.00911939
0.00904042
0.0090763
0.0091123
0.00914818
0.00918418
0.00922
0.00914115
0.00917703
0.00909817
0.00913405
0.00916994
0.00909114
0.00912696
0.00904816
0.00896937
0.00889057
0.00881183
0.00873309
0.00865442
0.00857568
0.00861156
0.00853288
0.00856876
0.00860465
0.00864059
0.00867647
0.00871229
0.00874823
0.00866956
0.00870544
0.00874126
0.00866264
0.00858408
0.00850552
0.0084269
0.00846279
0.00838429
0.00842017
0.00845599
0.00837749
0.00841331
0.0084492
0.00848502
0.00840652
0.00844234
0.0083639
0.00828546
0.00832134
0.00824291
0.00827873
0.00831455
0.00823623
0.00827199
0.00819367
0.00822943
0.00815111
0.00818688
0.00810862
0.00814444
0.0081802
0.00821602
0.00825179
0.00817353
0.00809526
0.00813103
0.00816685
0.00820261
0.00812435
0.00804615
0.00796795
0.00800377
0.00792557
0.00796139
0.00788319
0.00791901
0.00795472
0.00799048
0.00802618
0.00794816
0.00787002
0.00779426
0.00774613
0.00781181
0.00778544
0.00782114
0.00785691
0.00789261
0.00781459
0.00773656
0.00765866
0.0075807
0.0076164
0.00755852
0.00762415
0.0076099
0.00764561
0.00768137
0.00771701
0.00763911
0.00767684
0.0077424
0.00769439
0.00775996
0.00782546
0.00789097
0.00784299
0.00790846
0.00786048
0.0078125
0.00776452
0.00782999
0.00778204
0.00784749
0.00779954
0.00775161
0.00781703
0.00788245
0.00783452
0.0077866
0.00773868
0.0078041
0.00786948
0.00782156
0.00777367
0.00772581
0.00779116
0.0077433
0.00780863
0.00787395
0.00793928
0.00800458
0.00795671
0.00790885
0.00786102
0.00792629
0.00799155
0.00794372
0.00789589
0.00784805
0.00791332
0.00786549
0.00793073
0.00799593
0.00806114
0.00801334
0.00807852
0.00803071
0.00798294
0.00793517
0.00800031
0.00806546
0.00801769
0.00808284
0.00803506
0.00798732
0.00793958
0.0080047
0.00806978
0.00802204
0.00797433
0.00792661
0.00787893
0.00783122
0.00778356
0.00784862
0.00780094
0.00775328
0.00770563
0.007658
0.00761038
0.00767541
0.00774044
0.00780547
0.00787047
0.00782284
0.00777525
0.00784022
0.00790519
0.00785759
0.00792253
0.00787494
0.00793988
0.00789228
0.00784469
0.00790963
0.00786206
0.00792694
0.00787938
0.00783184
0.00778431
0.00773677
0.00768924
0.00775412
0.007819
0.00777146
