37.1132
37.1044
37.0955
37.0978
37.1002
37.0913
37.0936
37.0959
37.0983
37.1006
37.1029
37.0941
37.0852
37.0875
37.0787
37.081
37.0722
37.0633
37.0656
37.0568
37.0591
37.0503
37.0526
37.0549
37.0573
37.0596
37.0619
37.0531
37.0554
37.0577
37.06
37.0512
37.0424
37.0447
37.047
37.0493
37.0517
37.0428
37.0452
37.0475
37.0498
37.041
37.0322
37.0345
37.0368
37.0391
37.0415
37.0438
37.0461
37.0484
37.0508
37.0531
37.0443
37.0466
37.0489
37.0401
37.0424
37.0336
37.0359
37.0271
37.0183
37.0206
37.0118
37.0141
37.0053
36.9965
36.9877
36.9789
36.9701
36.9725
36.9636
36.966
36.9572
36.9484
36.9507
36.953
36.9442
36.9466
36.9489
36.9401
36.9313
36.9337
36.936
36.9272
36.9295
36.9207
36.9231
36.9254
36.9166
36.9189
36.9102
36.9125
36.9148
36.906
36.9084
36.8996
36.9019
36.9043
36.8955
36.8867
36.889
36.8803
36.8715
36.8627
36.854
36.8452
36.8364
36.8387
36.8411
36.8323
36.8347
36.837
36.8393
36.8417
36.8329
36.8352
36.8376
36.8288
36.8201
36.8113
36.8025
36.8049
36.8072
36.7985
36.8008
36.8031
36.8055
36.8078
36.7991
36.7903
36.7816
36.7728
36.7641
36.7553
36.7577
36.76
36.7624
36.7647
36.767
36.7694
36.7717
36.7741
36.7764
36.7787
36.7811
36.7834
36.7747
36.777
36.7794
36.7817
36.773
36.7753
36.7777
36.78
36.7823
36.7847
36.787
36.7894
36.7917
36.783
36.7853
36.7766
36.7789
36.7813
36.7836
36.7859
36.7883
36.7796
36.7708
36.7621
36.7645
36.7668
36.7691
36.7715
36.7738
36.7762
36.7675
36.7698
36.7611
36.7524
36.7547
36.757
36.7483
36.7507
36.742
36.7443
36.7467
36.749
36.7513
36.7426
36.7339
36.7363
36.7386
36.7299
36.7323
36.7235
36.7259
36.7172
36.7195
36.7219
36.7242
36.7266
36.7179
36.7202
36.7226
36.7139
36.7162
36.7075
36.6988
36.7012
36.7035
36.7059
36.7082
36.6995
36.6908
36.6821
36.6845
36.6758
36.6781
36.6695
36.6608
36.6631
36.6544
36.6458
36.6371
36.6394
36.6418
36.6331
36.6244
36.6268
36.6181
36.6205
36.6118
36.6142
36.6165
36.6078
36.5992
36.6015
36.5928
36.5952
36.5976
36.5999
36.6023
36.6046
36.607
36.6093
36.6006
36.592
36.5833
36.5747
36.577
36.5794
36.5817
36.5841
36.5754
36.5778
36.5801
36.5825
36.5738
36.5652
36.5675
36.5589
36.5612
36.5636
36.5549
36.5573
36.5597
36.562
36.5534
36.5557
36.5581
36.5494
36.5518
36.5431
36.5455
36.5369
36.5392
36.5416
36.5329
36.5243
36.5157
36.507
36.4984
36.4898
36.4811
36.4835
36.4859
36.4882
36.4906
36.4929
36.4953
36.4976
36.489
36.4914
36.4828
36.4851
36.4875
36.4898
36.4812
36.4836
36.475
36.4663
36.4687
36.4601
36.4624
36.4538
36.4562
36.4585
36.4609
36.4523
36.4547
36.446
36.4484
36.4398
36.4422
36.4445
36.4359
36.4383
36.4297
36.432
36.4344
36.4367
36.4281
36.4305
36.4219
36.4243
36.4266
36.429
36.4204
36.4228
36.4142
36.4056
36.397
36.3884
36.3907
36.3931
36.3955
36.3978
36.3892
36.3807
36.383
36.3854
36.3878
36.3901
36.3925
36.3839
36.3753
36.3667
36.3582
36.3496
36.341
36.3434
36.3348
36.3371
36.3395
36.3309
36.3333
36.3357
36.338
36.3404
36.3428
36.3451
36.3366
36.3389
36.3413
36.3437
36.3351
36.3375
36.3398
36.3313
36.3336
36.336
36.3384
36.3407
36.3322
36.3236
36.315
36.3174
36.3089
36.3112
36.3136
36.305
36.3074
36.3098
36.3012
36.3036
36.295
36.2974
36.2998
36.2912
36.2936
36.296
36.2874
36.2898
36.2812
36.2727
36.2641
36.2665
36.258
36.2603
36.2627
36.2651
36.2565
36.2589
36.2613
36.2527
36.2442
36.2466
36.249
36.2404
36.2428
36.2452
36.2475
36.2499
36.2414
36.2437
36.2352
36.2376
36.24
36.2423
36.2447
36.2471
36.2385
36.2409
36.2324
36.2239
36.2262
36.2177
36.2201
36.2116
36.2031
36.2054
36.1969
36.1993
36.2017
36.204
36.2064
36.1979
36.1894
36.1809
36.1724
36.1747
36.1771
36.1686
36.1601
36.1625
36.1648
36.1563
36.1478
36.1393
36.1308
36.1332
36.1356
36.1271
36.1186
36.1101
36.1016
36.0931
36.0955
36.0978
36.1002
36.1026
36.105
36.1074
36.0989
36.1013
36.1036
36.0951
36.0867
36.089
36.0805
36.0721
36.0744
36.0768
36.0683
36.0707
36.0622
36.0646
36.067
36.0694
36.0718
36.0741
36.0765
36.068
36.0596
36.0511
36.0426
36.0341
36.0365
36.0281
36.0304
36.022
36.0135
36.0159
36.0074
36.0098
36.0013
36.0037
36.0061
36.0085
36
36.0024
36.0048
35.9963
35.9987
36.0011
36.0035
35.995
35.9974
35.9998
35.9913
35.9937
35.9853
35.9877
35.9792
35.9816
35.9731
35.9755
35.9779
35.9803
35.9718
35.9634
35.955
35.9573
35.9597
35.9513
35.9537
35.9452
35.9476
35.95
35.9416
35.9331
35.9355
35.9379
35.9295
35.9318
35.9234
35.915
35.9065
35.9089
35.9005
35.8921
35.8836
35.886
35.8884
35.88
35.8824
35.8848
35.8872
35.8787
35.8703
35.8727
35.8643
35.8559
35.8582
35.8498
35.8414
35.833
35.8354
35.8378
35.8402
35.8426
35.845
35.8365
35.8389
35.8413
35.8437
35.8461
35.8485
35.8509
35.8533
35.8449
35.8473
35.8389
35.8413
35.8436
35.8352
35.8268
35.8292
35.8208
35.8232
35.8256
35.828
35.8304
35.822
35.8136
35.816
35.8076
35.81
35.8016
35.804
35.7956
35.798
35.8004
35.8028
35.7944
35.786
35.7776
35.78
35.7824
35.7848
35.7764
35.768
35.7704
35.762
35.7536
35.7453
35.7369
35.7285
35.7309
35.7225
35.7249
35.7165
35.7082
35.7106
35.713
35.7154
35.707
35.7094
35.7118
35.7034
35.7058
35.7082
35.6998
35.7022
35.7046
35.707
35.7094
35.7118
35.7142
35.7059
35.6975
35.6891
35.6808
35.6724
35.6748
35.6665
35.6689
35.6713
35.6737
35.6761
35.6785
35.6701
35.6725
35.6749
35.6666
35.669
35.6714
35.6738
35.6654
35.6678
35.6702
35.6726
35.675
35.6667
35.6691
35.6607
35.6631
35.6548
35.6572
35.6596
35.662
35.6536
35.656
35.6584
35.6608
35.6525
35.6549
35.6466
35.649
35.6406
35.6323
35.6239
35.6263
35.6287
35.6312
35.6336
35.6252
35.6276
35.63
35.6324
35.6241
35.6265
35.6289
35.6313
35.623
35.6254
35.6278
35.6195
35.6111
35.6135
35.6052
35.6076
35.5993
35.591
35.5934
35.5851
35.5875
35.5792
35.5816
35.5732
35.5756
35.5673
35.559
35.5614
35.5638
35.5555
35.5579
35.5496
35.552
35.5437
35.5461
35.5485
35.5509
35.5533
35.5557
35.5474
35.5498
35.5522
35.5439
35.5464
35.5381
35.5298
35.5322
35.5346
35.537
35.5287
35.5311
35.5228
35.5252
35.5276
35.53
35.5324
35.5348
35.5265
35.5289
35.5313
35.5337
35.5362
35.5279
35.5303
35.522
35.5244
35.5268
35.5185
35.5209
35.5233
35.5257
35.5281
35.5305
35.5223
35.514
35.5057
35.5081
35.5105
35.5129
35.5153
35.5071
35.4988
35.4905
35.4929
35.4953
35.487
35.4895
35.4919
35.4943
35.4967
35.4991
35.5015
35.4932
35.4956
35.498
35.4898
35.4922
35.4839
35.4863
35.4887
35.4805
35.4829
35.4853
35.4877
35.4794
35.4712
35.4629
35.4653
35.4571
35.4488
35.4405
35.4323
35.424
35.4158
35.4075
35.3993
35.391
35.3934
35.3958
35.3876
35.39
35.3924
35.3948
35.3973
35.3997
35.4021
35.3938
35.3962
35.3987
35.3904
35.3822
35.3846
35.387
35.3788
35.3705
35.3623
35.3647
35.3565
35.3482
35.3506
35.3424
35.3448
35.3366
35.339
35.3414
35.3438
35.3463
35.338
35.3404
35.3322
35.3346
35.3264
35.3288
35.3312
35.3337
35.3361
35.3385
35.3303
35.3327
35.3351
35.3269
35.3186
35.3211
35.3128
35.3153
35.3177
35.3201
35.3225
35.3249
35.3273
35.3298
35.3322
35.3346
35.337
35.3288
35.3206
35.3124
35.3042
35.3066
35.2984
35.3008
35.2926
35.295
35.2974
35.2892
35.2916
35.2834
35.2858
35.2883
35.2907
35.2931
35.2849
35.2873
35.2791
35.2709
35.2733
35.2651
35.2569
35.2594
35.2618
35.2642
35.2666
35.2584
35.2608
35.2633
35.2551
35.2469
35.2387
35.2411
35.2329
35.2353
35.2272
35.2296
35.232
35.2344
35.2368
35.2393
35.2311
35.2229
35.2253
35.2171
35.2195
35.222
35.2138
35.2162
35.208
35.2105
35.2023
35.2047
35.1965
35.1989
35.1908
35.1932
35.1956
35.1874
35.1899
35.1923
35.1947
35.1971
35.189
35.1808
35.1726
35.1751
35.1669
35.1693
35.1717
35.1742
35.1766
35.179
35.1708
35.1627
35.1545
35.1569
35.1594
35.1512
35.1536
35.1561
35.1585
35.1503
35.1422
35.1446
35.1364
35.1389
35.1413
35.1437
35.1356
35.138
35.1298
35.1323
35.1347
35.1265
35.129
35.1208
35.1232
35.1257
35.1281
35.1305
35.1224
35.1248
35.1167
35.1191
35.1109
35.1028
35.1052
35.0971
35.0995
35.0914
35.0833
35.0751
35.0775
35.08
35.0824
35.0743
35.0661
35.0686
35.071
35.0629
35.0653
35.0572
35.049
35.0409
35.0433
35.0458
35.0482
35.0506
35.0425
35.0449
35.0474
35.0498
35.0522
35.0441
35.0465
35.0384
35.0408
35.0327
35.0351
35.0376
35.04
35.0319
35.0343
35.0367
35.0286
