37.1244
37.1267
37.129
37.1202
37.1113
37.1025
37.1048
37.1071
37.1094
37.1118
37.1141
37.1052
37.0964
37.0875
37.0899
37.081
37.0833
37.0857
37.0768
37.0791
37.0814
37.0838
37.0861
37.0884
37.0907
37.0931
37.0842
37.0865
37.0777
37.08
37.0712
37.0735
37.0758
37.067
37.0693
37.0717
37.0628
37.0651
37.0563
37.0586
37.0498
37.041
37.0322
37.0345
37.0257
37.0168
37.008
36.9992
36.9904
36.9927
36.995
36.9974
36.9997
37.002
37.0043
37.0067
36.9979
36.989
36.9914
36.9826
36.9849
36.9872
36.9784
36.9807
36.9831
36.9854
36.9766
36.9789
36.9701
36.9725
36.9636
36.966
36.9572
36.9595
36.9618
36.9642
36.9665
36.9688
36.9712
36.9624
36.9536
36.9448
36.9471
36.9383
36.9295
36.9319
36.9231
36.9143
36.9166
36.9078
36.899
36.9014
36.8926
36.8838
36.8862
36.8774
36.8686
36.8709
36.8622
36.8645
36.8668
36.8692
36.8715
36.8627
36.8651
36.8674
36.8697
36.861
36.8633
36.8656
36.868
36.8592
36.8615
36.8639
36.8662
36.8574
36.8598
36.8621
36.8644
36.8668
36.8691
36.8715
36.8738
36.865
36.8674
36.8697
36.872
36.8744
36.8656
36.868
36.8592
36.8615
36.8639
36.8551
36.8575
36.8487
36.84
36.8312
36.8335
36.8248
36.8161
36.8073
36.8097
36.8009
36.7922
36.7834
36.7747
36.766
36.7683
36.7596
36.7619
36.7532
36.7444
36.7357
36.738
36.7404
36.7317
36.734
36.7364
36.7387
36.741
36.7323
36.7347
36.737
36.7393
36.7417
36.744
36.7353
36.7377
36.74
36.7313
36.7336
36.7249
36.7162
36.7075
36.7098
36.7122
36.7145
36.7058
36.7081
36.6994
36.7018
36.6931
36.6844
36.6756
36.678
36.6693
36.6606
36.6629
36.6653
36.6676
36.67
36.6723
36.6747
36.677
36.6683
36.6707
36.673
36.6643
36.6667
36.658
36.6603
36.6627
36.665
36.6674
36.6587
36.65
36.6523
36.6436
36.6349
36.6373
36.6396
36.631
36.6333
36.6357
36.638
36.6404
36.6427
36.6451
36.6474
36.6498
36.6411
36.6324
36.6237
36.6261
36.6284
36.6197
36.6221
36.6244
36.6268
36.6291
36.6315
36.6228
36.6252
36.6275
36.6299
36.6322
36.6346
36.6369
36.6283
36.6196
36.6219
36.6133
36.6156
36.618
36.6203
36.6227
36.614
36.6164
36.6187
36.6101
36.6124
36.6147
36.6061
36.6084
36.6108
36.6131
36.6045
36.5958
36.5872
36.5785
36.5809
36.5832
36.5746
36.577
36.5683
36.5707
36.573
36.5754
36.5777
36.5801
36.5714
36.5738
36.5761
36.5675
36.5588
36.5612
36.5635
36.5549
36.5573
36.5486
36.551
36.5533
36.5557
36.558
36.5604
36.5628
36.5541
36.5565
36.5588
36.5502
36.5526
36.5549
36.5573
36.5596
36.562
36.5643
36.5557
36.5471
36.5494
36.5408
36.5432
36.5455
36.5479
36.5392
36.5306
36.533
36.5353
36.5267
36.5291
36.5314
36.5228
36.5252
36.5275
36.5189
36.5103
36.5017
36.5041
36.4954
36.4978
36.5002
36.5025
36.5049
36.5072
36.4986
36.49
36.4924
36.4947
36.4861
36.4885
36.4909
36.4823
36.4846
36.487
36.4784
36.4698
36.4612
36.4635
36.4659
36.4573
36.4597
36.462
36.4644
36.4667
36.4582
36.4496
36.441
36.4324
36.4238
36.4262
36.4285
36.42
36.4223
36.4247
36.427
36.4185
36.4099
36.4013
36.4037
36.406
36.3975
36.3998
36.3912
36.3936
36.385
36.3874
36.3898
36.3812
36.3726
36.3641
36.3664
36.3688
36.3602
36.3626
36.3649
36.3673
36.3587
36.3502
36.3526
36.344
36.3354
36.3378
36.3292
36.3316
36.334
36.3254
36.3278
36.3302
36.3216
36.324
36.3263
36.3287
36.3202
36.3225
36.3249
36.3273
36.3187
36.3211
36.3234
36.3258
36.3282
36.3305
36.322
36.3244
36.3158
36.3182
36.3206
36.312
36.3144
36.3058
36.3082
36.3106
36.3129
36.3044
36.2959
36.2982
36.2897
36.2921
36.2944
36.2968
36.2992
36.3015
36.3039
36.3063
36.3087
36.3001
36.2916
36.294
36.2963
36.2987
36.3011
36.3034
36.2949
36.2864
36.2888
36.2911
36.2935
36.285
36.2873
36.2897
36.2921
36.2944
36.2968
36.2992
36.3015
36.293
36.2954
36.2978
36.2893
36.2916
36.294
36.2964
36.2987
36.2902
36.2926
36.295
36.2864
36.2888
36.2912
36.2935
36.285
36.2874
36.2898
36.2813
36.2836
36.286
36.2775
36.2799
36.2822
36.2846
36.287
36.2785
36.2809
36.2724
36.2747
36.2662
36.2577
36.2493
36.2516
36.2431
36.2455
36.2479
36.2502
36.2418
36.2333
36.2356
36.2272
36.2295
36.2319
36.2343
36.2366
36.239
36.2305
36.2329
36.2353
36.2268
36.2292
36.2315
36.223
36.2254
36.2278
36.2193
36.2108
36.2132
36.2156
36.218
36.2095
36.2119
36.2034
36.2058
36.2081
36.2105
36.202
36.1936
36.1959
36.1875
36.1899
36.1814
36.1838
36.1861
36.1777
36.18
36.1824
36.1848
36.1763
36.1787
36.1811
36.1835
36.175
36.1665
36.1689
36.1605
36.1628
36.1652
36.1676
36.1591
36.1615
36.1639
36.1554
36.1578
36.1602
36.1517
36.1541
36.1457
36.1372
36.1396
36.142
36.1335
36.1251
36.1275
36.1298
36.1322
36.1238
36.1262
36.1285
36.1309
36.1225
36.1249
36.1272
36.1188
36.1212
36.1127
36.1151
36.1067
36.0983
36.1006
36.103
36.0946
36.0862
36.0777
36.0693
36.0609
36.0633
36.0657
36.0572
36.0596
36.062
36.0536
36.0452
36.0475
36.0499
36.0523
36.0439
36.0463
36.0378
36.0294
36.0318
36.0234
36.0258
36.0282
36.0198
36.0221
36.0245
36.0269
36.0185
36.0209
36.0125
36.0149
36.0065
36.0088
36.0004
36.0028
36.0052
35.9968
35.9992
36.0016
35.9932
35.9848
35.9872
35.9788
35.9812
35.9728
35.9644
35.9668
35.9691
35.9607
35.9631
35.9547
35.9464
35.9487
35.9511
35.9427
35.9451
35.9367
35.9391
35.9415
35.9439
35.9355
35.9271
35.9295
35.9211
35.9235
35.9259
35.9283
35.9199
35.9223
35.9139
35.9163
35.908
35.8996
35.902
35.8936
35.8852
35.8876
35.8793
35.8709
35.8625
35.8542
35.8566
35.8589
35.8613
35.853
35.8554
35.8577
35.8494
35.8518
35.8542
35.8566
35.859
35.8506
35.853
35.8554
35.847
35.8494
35.8518
35.8542
35.8566
35.859
35.8614
35.853
35.8554
35.847
35.8494
35.8518
35.8542
35.8566
35.859
35.8507
35.8423
35.834
35.8256
35.828
35.8197
35.8221
35.8137
35.8161
35.8185
35.8209
35.8126
35.8042
35.8066
35.809
35.8114
35.8138
35.8055
35.8079
35.8102
35.8126
35.815
35.8067
35.8091
35.8008
35.8032
35.7948
35.7972
35.7889
35.7913
35.7937
35.7854
35.777
35.7687
35.7711
35.7628
35.7652
35.7676
35.7593
35.7617
35.764
35.7557
35.7581
35.7605
35.7522
35.7546
35.7463
35.738
35.7404
35.7321
35.7345
35.7369
35.7285
35.7309
35.7226
35.725
35.7167
35.7191
35.7215
35.7132
35.7156
35.718
35.7204
35.7228
35.7252
35.7276
35.7193
35.7217
35.7241
35.7265
35.7182
35.7099
35.7123
35.704
35.7064
35.7088
35.7005
35.6922
35.6946
35.697
35.6994
35.6911
35.6828
35.6852
35.6876
35.6793
35.671
35.6734
35.6758
35.6676
35.6593
35.651
35.6534
35.6558
35.6475
35.6499
35.6523
35.644
35.6358
35.6275
35.6299
35.6323
35.624
35.6264
35.6288
35.6205
35.623
35.6147
35.6064
35.6088
35.6005
35.5923
35.584
35.5864
35.5782
35.5806
35.583
35.5747
35.5771
35.5688
35.5713
35.563
35.5654
35.5678
35.5702
35.5726
35.575
35.5774
35.5798
35.5716
35.574
35.5764
35.5681
35.5705
35.5623
35.5647
35.5671
35.5588
35.5612
35.5636
35.5554
35.5578
35.5602
35.552
35.5544
35.5568
35.5592
35.5509
35.5533
35.5451
35.5475
35.5499
35.5417
35.5334
35.5252
35.5276
35.53
35.5324
35.5348
35.5266
35.529
35.5314
35.5231
35.5149
35.5173
35.5197
35.5221
35.5139
35.5057
35.4975
35.4999
35.4916
35.494
35.4964
35.4989
35.5013
35.5037
35.5061
35.5085
35.5003
35.492
35.4838
35.4756
35.478
35.4804
35.4722
35.4746
35.477
35.4794
35.4712
35.463
35.4654
35.4678
35.4702
35.4726
35.4644
35.4562
35.4586
35.4504
35.4528
35.4552
35.4576
35.4494
35.4518
35.4436
35.4354
35.4378
35.4296
35.4321
35.4345
35.4263
35.4181
35.4205
35.4229
35.4253
35.4171
35.4195
35.4113
35.4137
35.4161
35.4079
35.3998
35.3916
35.3834
35.3858
35.3776
35.3694
35.3718
35.3742
35.3767
35.3685
35.3603
35.3627
35.3651
35.3675
35.3593
35.3618
35.3642
35.3666
35.3584
35.3608
35.3526
35.3551
35.3469
35.3387
35.3305
35.3224
35.3142
35.306
35.2979
35.2897
35.2921
35.2945
35.2969
35.2993
35.3018
35.2936
35.296
35.2984
35.3008
35.3033
35.2951
35.2869
35.2788
35.2812
35.2836
35.2755
35.2673
35.2591
35.2616
35.2534
35.2452
35.2371
35.2289
35.2208
35.2232
35.2256
35.2281
35.2199
35.2223
35.2142
35.206
35.1979
35.1897
35.1922
35.184
35.1759
35.1677
35.1702
35.1726
35.175
35.1774
35.1798
35.1823
35.1847
35.1766
35.1684
35.1708
35.1627
35.1651
35.157
35.1594
35.1618
35.1537
35.1456
35.148
35.1399
35.1423
35.1342
35.1261
35.1285
35.1203
35.1228
35.1252
35.1276
35.1195
35.1219
35.1243
35.1162
35.1187
35.1105
35.113
