37.1244
37.1155
37.1179
37.1202
37.1113
37.1137
37.1048
37.0959
37.0983
37.0894
37.0806
37.0829
37.074
37.0764
37.0675
37.0587
37.061
37.0633
37.0656
37.068
37.0703
37.0726
37.0638
37.0549
37.0573
37.0484
37.0507
37.0419
37.0331
37.0354
37.0266
37.0289
37.0201
37.0224
37.0135
37.0047
36.9959
36.9871
36.9894
36.9917
36.9941
36.9964
36.9987
36.9899
36.9811
36.9834
36.9746
36.9658
36.9569
36.9481
36.9505
36.9416
36.9328
36.9352
36.9375
36.9398
36.931
36.9222
36.9245
36.9269
36.9292
36.9204
36.9116
36.9139
36.9163
36.9075
36.9098
36.9121
36.9145
36.9168
36.908
36.9103
36.9127
36.9039
36.9062
36.9085
36.9109
36.9132
36.9044
36.9067
36.8979
36.9003
36.8915
36.8827
36.885
36.8763
36.8675
36.8698
36.861
36.8634
36.8657
36.868
36.8704
36.8727
36.8639
36.8663
36.8686
36.8598
36.851
36.8423
36.8446
36.8469
36.8493
36.8516
36.854
36.8563
36.8586
36.8499
36.8411
36.8434
36.8458
36.837
36.8282
36.8195
36.8218
36.813
36.8154
36.8177
36.809
36.8113
36.8136
36.8049
36.8072
36.7985
36.7897
36.792
36.7944
36.7967
36.788
36.7792
36.7816
36.7728
36.7752
36.7775
36.7688
36.7711
36.7734
36.7647
36.756
36.7583
36.7606
36.7519
36.7542
36.7566
36.7589
36.7613
36.7525
36.7549
36.7572
36.7596
36.7508
36.7532
36.7444
36.7468
36.7491
36.7515
36.7427
36.7451
36.7474
36.7498
36.7521
36.7544
36.7568
36.7591
36.7504
36.7528
36.7551
36.7464
36.7377
36.74
36.7313
36.7336
36.7249
36.7272
36.7185
36.7098
36.7122
36.7145
36.7168
36.7081
36.7105
36.7018
36.7041
36.6954
36.6867
36.689
36.6803
36.6716
36.6629
36.6542
36.6566
36.6479
36.6502
36.6415
36.6439
36.6352
36.6375
36.6288
36.6312
36.6225
36.6248
36.6272
36.6295
36.6319
36.6232
36.6255
36.6169
36.6082
36.6105
36.6129
36.6042
36.6065
36.5979
36.6002
36.5915
36.5828
36.5742
36.5655
36.5678
36.5702
36.5726
36.5749
36.5773
36.5686
36.5599
36.5512
36.5536
36.5559
36.5473
36.5386
36.5299
36.5323
36.5236
36.526
36.5283
36.5197
36.522
36.5244
36.5267
36.5291
36.5204
36.5118
36.5141
36.5055
36.5078
36.5102
36.5126
36.5039
36.5063
36.4976
36.489
36.4803
36.4717
36.474
36.4654
36.4677
36.4701
36.4724
36.4748
36.4772
36.4795
36.4709
36.4732
36.4756
36.478
36.4693
36.4717
36.474
36.4764
36.4787
36.4811
36.4835
36.4858
36.4772
36.4795
36.4709
36.4733
36.4756
36.467
36.4584
36.4497
36.4521
36.4435
36.4458
36.4372
36.4396
36.4309
36.4223
36.4247
36.4161
36.4074
36.3988
36.4012
36.4035
36.4059
36.4083
36.4106
36.402
36.4044
36.4067
36.3981
36.4005
36.4028
36.4052
36.3966
36.399
36.3904
36.3817
36.3731
36.3755
36.3779
36.3802
36.3716
36.363
36.3654
36.3568
36.3591
36.3615
36.3639
36.3553
36.3577
36.36
36.3624
36.3647
36.3561
36.3585
36.3499
36.3523
36.3546
36.3461
36.3375
36.3398
36.3422
36.3336
36.325
36.3274
36.3298
36.3212
36.3235
36.315
36.3173
36.3197
36.3221
36.3244
36.3268
36.3292
36.3206
36.323
36.3144
36.3167
36.3191
36.3215
36.3238
36.3153
36.3067
36.3091
36.3114
36.3029
36.2943
36.2967
36.299
36.2905
36.2928
36.2952
36.2976
36.2999
36.2914
36.2937
36.2852
36.2875
36.279
36.2704
36.2619
36.2642
36.2557
36.258
36.2604
36.2519
36.2542
36.2457
36.2481
36.2504
36.2419
36.2442
36.2466
36.2381
36.2404
36.2319
36.2343
36.2366
36.2281
36.2305
36.2219
36.2243
36.2157
36.2181
36.2096
36.201
36.2034
36.2058
36.2082
36.2105
36.2129
36.2153
36.2067
36.2091
36.2115
36.2139
36.2053
36.2077
36.2101
36.2015
36.2039
36.2063
36.2087
36.211
36.2134
36.2049
36.1964
36.1987
36.1902
36.1926
36.1841
36.1864
36.1888
36.1912
36.1827
36.185
36.1765
36.1789
36.1813
36.1836
36.1751
36.1775
36.1799
36.1714
36.1737
36.1652
36.1567
36.1482
36.1397
36.1421
36.1336
36.1359
36.1383
36.1298
36.1322
36.1346
36.1261
36.1284
36.1308
36.1223
36.1247
36.1271
36.1186
36.121
36.1125
36.104
36.1063
36.0978
36.0894
36.0917
36.0832
36.0856
36.088
36.0904
36.0819
36.0843
36.0758
36.0782
36.0697
36.0721
36.0636
36.066
36.0575
36.0599
36.0622
36.0646
36.067
36.0585
36.05
36.0524
36.0439
36.0463
36.0379
36.0402
36.0426
36.045
36.0365
36.0281
36.0304
36.0328
36.0352
36.0267
36.0291
36.0207
36.0122
36.0146
36.017
36.0193
36.0217
36.0133
36.0048
36.0072
35.9987
35.9903
35.9926
35.9842
35.9866
35.989
35.9913
35.9937
35.9961
35.9985
36.0009
35.9924
35.9948
35.9972
35.9996
35.9911
35.9935
35.9851
35.9874
35.9898
35.9922
35.9946
35.9862
35.9777
35.9693
35.9717
35.974
35.9656
35.9572
35.9595
35.9619
35.9535
35.9559
35.9474
35.9498
35.9522
35.9438
35.9462
35.9486
35.9401
35.9317
35.9341
35.9256
35.928
35.9196
35.9112
35.9136
35.9051
35.9075
35.8991
35.9015
35.9039
35.8955
35.8979
35.9002
35.9026
35.8942
35.8858
35.8882
35.8906
35.893
35.8845
35.8869
35.8893
35.8809
35.8725
35.8641
35.8557
35.8581
35.8605
35.8629
35.8652
35.8568
35.8484
35.8508
35.8424
35.834
35.8364
35.828
35.8304
35.822
35.8136
35.816
35.8184
35.8208
35.8232
35.8256
35.8172
35.8196
35.8112
35.8028
35.8052
35.8076
35.81
35.8124
35.804
35.7956
35.798
35.8004
35.792
35.7944
35.786
35.7884
35.78
35.7824
35.774
35.7764
35.7788
35.7704
35.7728
35.7752
35.7776
35.7692
35.7608
35.7632
35.7549
35.7465
35.7381
35.7405
35.7429
35.7453
35.7369
35.7393
35.731
35.7334
35.725
35.7274
35.7298
35.7322
35.7346
35.737
35.7394
35.7418
35.7334
35.7358
35.7382
35.7299
35.7323
35.7346
35.737
35.7287
35.7203
35.712
35.7144
35.706
35.6977
35.7001
35.6917
35.6941
35.6965
35.6989
35.7013
35.7037
35.6954
35.687
35.6787
35.6811
35.6835
35.6859
35.6883
35.6907
35.6931
35.6955
35.6871
35.6895
35.6919
35.6836
35.686
35.6884
35.6908
35.6932
35.6956
35.698
35.7004
35.7028
35.6944
35.6968
35.6992
35.7016
35.704
35.7064
35.7088
35.7112
35.7136
35.716
35.7077
35.7101
35.7125
35.7149
35.7065
35.7089
35.7113
35.7137
35.7054
35.6971
35.6995
35.7019
35.7043
35.696
35.6984
35.7008
35.6924
35.6948
35.6865
35.6782
35.6699
35.6723
35.6747
35.6664
35.6688
35.6712
35.6736
35.6653
35.6677
35.6701
35.6725
35.6641
35.6558
35.6582
35.6499
35.6523
35.6547
35.6571
35.6595
35.6619
35.6536
35.656
35.6584
35.6501
35.6418
35.6442
35.6466
35.6383
35.6407
35.6431
35.6455
35.6372
35.6396
35.6313
35.623
35.6254
35.6172
35.6089
35.6113
35.6137
35.6161
35.6185
35.6209
35.6233
35.615
35.6174
35.6198
35.6222
35.6139
35.6163
35.6187
35.6211
35.6128
35.6152
35.607
35.5987
35.6011
35.5928
35.5952
35.5976
35.5893
35.5917
35.5941
35.5965
35.5883
35.5907
35.5824
35.5848
35.5872
35.5896
35.592
35.5944
35.5968
35.5992
35.6016
35.5933
35.5957
35.5875
35.5792
35.5816
35.5734
35.5651
35.5568
35.5592
35.5616
35.564
35.5558
35.5475
35.5499
35.5417
35.5441
35.5465
35.5489
35.5513
35.543
35.5454
35.5372
35.5396
35.542
35.5444
35.5362
35.5279
35.5197
35.5114
35.5032
35.4949
35.4867
35.4784
35.4808
35.4726
35.4644
35.4561
35.4479
35.4397
35.4314
35.4232
35.415
35.4174
35.4091
35.4115
35.414
35.4057
35.4081
35.4105
35.4023
35.4047
35.3965
35.3883
35.3907
35.3825
35.3742
35.366
35.3684
35.3602
35.3626
35.3544
35.3462
35.338
35.3298
35.3215
35.324
35.3264
35.3288
35.3206
35.3124
35.3148
35.3172
35.309
35.3114
35.3032
35.3056
35.2974
35.2998
35.3022
35.294
35.2965
35.2989
35.3013
35.2931
35.2955
35.2873
35.2897
35.2921
35.2839
35.2864
35.2888
35.2912
35.283
35.2854
35.2878
35.2796
35.2715
35.2633
35.2551
35.2469
35.2493
35.2411
35.2435
35.2459
35.2378
35.2296
35.232
35.2238
35.2262
35.218
35.2205
35.2229
35.2147
35.2065
35.2089
35.2008
35.2032
35.195
35.1868
35.1893
35.1917
35.1941
35.1965
35.1884
35.1908
35.1932
35.1956
35.1874
35.1899
35.1923
35.1947
35.1865
35.189
35.1914
35.1938
35.1962
35.1987
35.2011
35.2035
35.1953
35.1872
35.1896
35.1814
35.1839
35.1863
35.1781
35.1805
35.183
35.1854
35.1772
35.1796
35.1715
35.1633
35.1658
35.1682
35.1706
35.1624
35.1543
35.1567
35.1486
35.151
35.1534
35.1558
35.1477
35.1501
35.142
35.1444
35.1468
35.1387
35.1305
35.1329
35.1354
35.1272
35.1297
35.1215
35.1239
35.1264
35.1182
35.1206
35.1125
35.1149
35.1174
35.1092
35.1011
35.093
35.0954
35.0872
35.0897
35.0921
35.084
35.0758
35.0677
35.0701
35.0726
35.075
35.0774
35.0693
35.0717
35.0636
35.066
35.0685
35.0709
35.0733
35.0757
35.0782
35.0806
35.083
35.0749
35.0773
35.0692
35.0716
35.0741
35.0765
35.0684
35.0602
