37.1132
37.1155
37.1179
37.1202
37.1113
37.1025
37.0936
37.0848
37.0871
37.0894
37.0917
37.0941
37.0852
37.0875
37.0787
37.0698
37.0722
37.0633
37.0656
37.0568
37.048
37.0503
37.0414
37.0326
37.0238
37.0149
37.0173
37.0196
37.0219
37.0242
37.0154
37.0066
36.9977
37.0001
37.0024
37.0047
37.007
36.9982
37.0005
36.9917
36.9941
36.9964
36.9876
36.9899
36.9922
36.9834
36.9746
36.9658
36.9681
36.9704
36.9616
36.9528
36.9551
36.9463
36.9486
36.951
36.9422
36.9445
36.9357
36.938
36.9292
36.9315
36.9227
36.9251
36.9274
36.9297
36.9209
36.9121
36.9033
36.9057
36.8969
36.8992
36.8904
36.8816
36.8728
36.864
36.8664
36.8576
36.8599
36.8511
36.8534
36.8558
36.8581
36.8493
36.8406
36.8318
36.8341
36.8364
36.8388
36.83
36.8212
36.8236
36.8259
36.8282
36.8195
36.8218
36.8241
36.8154
36.8177
36.82
36.8224
36.8247
36.8271
36.8183
36.8095
36.8008
36.8031
36.8054
36.7967
36.799
36.8013
36.8037
36.7949
36.7973
36.7885
36.7908
36.7932
36.7955
36.7979
36.8002
36.7914
36.7938
36.785
36.7763
36.7675
36.7588
36.7611
36.7524
36.7547
36.757
36.7594
36.7617
36.7641
36.7664
36.7688
36.7711
36.7734
36.7758
36.767
36.7583
36.7606
36.763
36.7653
36.7677
36.7589
36.7613
36.7525
36.7549
36.7461
36.7374
36.7397
36.7421
36.7444
36.7468
36.738
36.7404
36.7427
36.7451
36.7474
36.7387
36.741
36.7323
36.7236
36.7259
36.7283
36.7306
36.7219
36.7242
36.7266
36.7179
36.7092
36.7115
36.7138
36.7051
36.6964
36.6877
36.69
36.6924
36.6837
36.675
36.6773
36.6797
36.682
36.6844
36.6756
36.6669
36.6582
36.6606
36.6629
36.6542
36.6455
36.6479
36.6392
36.6415
36.6328
36.6352
36.6265
36.6178
36.6201
36.6225
36.6248
36.6161
36.6075
36.6098
36.6122
36.6145
36.6169
36.6082
36.6105
36.6018
36.6042
36.6065
36.5979
36.6002
36.5915
36.5939
36.5852
36.5765
36.5678
36.5702
36.5726
36.5749
36.5662
36.5576
36.5599
36.5623
36.5536
36.5559
36.5473
36.5496
36.541
36.5433
36.5457
36.548
36.5394
36.5417
36.5441
36.5464
36.5488
36.5511
36.5535
36.5448
36.5472
36.5385
36.5409
36.5322
36.5346
36.5369
36.5393
36.5306
36.533
36.5243
36.5157
36.518
36.5094
36.5117
36.5141
36.5165
36.5188
36.5212
36.5235
36.5149
36.5172
36.5086
36.511
36.5133
36.5157
36.518
36.5094
36.5117
36.5031
36.5055
36.5078
36.5102
36.5015
36.5039
36.4952
36.4976
36.5
36.5023
36.4937
36.496
36.4984
36.4898
36.4921
36.4945
36.4968
36.4992
36.4906
36.4819
36.4733
36.4757
36.478
36.4694
36.4718
36.4632
36.4655
36.4679
36.4702
36.4726
36.475
36.4773
36.4797
36.482
36.4734
36.4758
36.4781
36.4805
36.4828
36.4742
36.4766
36.468
36.4703
36.4727
36.4641
36.4664
36.4688
36.4712
36.4735
36.4649
36.4563
36.4477
36.4501
36.4524
36.4438
36.4462
36.4376
36.429
36.4314
36.4337
36.4361
36.4275
36.4298
36.4212
36.4127
36.415
36.4174
36.4197
36.4111
36.4026
36.4049
36.4073
36.3987
36.4011
36.4034
36.3948
36.3972
36.3996
36.4019
36.4043
36.4067
36.3981
36.4004
36.4028
36.3942
36.3966
36.388
36.3794
36.3818
36.3732
36.3756
36.367
36.3584
36.3499
36.3522
36.3546
36.346
36.3375
36.3289
36.3313
36.3336
36.336
36.3274
36.3298
36.3212
36.3127
36.315
36.3174
36.3198
36.3221
36.3245
36.3269
36.3292
36.3207
36.3121
36.3145
36.306
36.3083
36.3107
36.3131
36.3045
36.3069
36.2983
36.3007
36.2921
36.2945
36.2969
36.2992
36.2907
36.2931
36.2845
36.276
36.2674
36.2698
36.2722
36.2637
36.266
36.2575
36.2599
36.2513
36.2428
36.2452
36.2475
36.2499
36.2523
36.2546
36.2461
36.2485
36.24
36.2314
36.2229
36.2253
36.2276
36.23
36.2324
36.2348
36.2262
36.2286
36.231
36.2334
36.2357
36.2272
36.2187
36.2211
36.2125
36.204
36.2064
36.1979
36.2003
36.2026
36.1941
36.1965
36.188
36.1795
36.171
36.1625
36.154
36.1563
36.1587
36.1611
36.1526
36.155
36.1465
36.1488
36.1512
36.1427
36.1451
36.1475
36.1498
36.1522
36.1437
36.1352
36.1376
36.14
36.1423
36.1339
36.1254
36.1169
36.1084
36.1108
36.1131
36.1155
36.107
36.1094
36.1118
36.1142
36.1165
36.1189
36.1104
36.1128
36.1152
36.1067
36.1091
36.1006
36.103
36.0945
36.086
36.0776
36.0799
36.0823
36.0847
36.0871
36.0895
36.081
36.0725
36.064
36.0556
36.058
36.0603
36.0519
36.0543
36.0458
36.0482
36.0506
36.0421
36.0445
36.036
36.0384
36.0408
36.0432
36.0347
36.0371
36.0286
36.0202
36.0226
36.0141
36.0165
36.0189
36.0212
36.0128
36.0043
36.0067
35.9983
36.0007
35.9922
35.9946
35.997
35.9885
35.9801
35.9825
35.974
35.9656
35.9572
35.9595
35.9619
35.9535
35.9559
35.9583
35.9498
35.9522
35.9438
35.9353
35.9377
35.9401
35.9425
35.9449
35.9365
35.9389
35.9412
35.9436
35.946
35.9484
35.94
35.9424
35.9447
35.9471
35.9495
35.9519
35.9435
35.9459
35.9482
35.9398
35.9422
35.9338
35.9362
35.9278
35.9302
35.9325
35.9241
35.9157
35.9073
35.8989
35.9013
35.9037
35.8952
35.8868
35.8784
35.8808
35.8724
35.864
35.8664
35.8688
35.8712
35.8736
35.8652
35.8676
35.8592
35.8615
35.8639
35.8663
35.8687
35.8603
35.8519
35.8543
35.8459
35.8375
35.8399
35.8423
35.8339
35.8255
35.8279
35.8195
35.8219
35.8243
35.8267
35.8291
35.8315
35.8339
35.8363
35.8279
35.8303
35.8327
35.8243
35.8267
35.8291
35.8207
35.8231
35.8147
35.8171
35.8087
35.8003
35.8027
35.8051
35.8075
35.7992
35.7908
35.7824
35.7848
35.7872
35.7788
35.7705
35.7621
35.7537
35.7561
35.7477
35.7501
35.7525
35.7549
35.7573
35.7597
35.7514
35.7538
35.7562
35.7586
35.761
35.7633
35.755
35.7574
35.7598
35.7514
35.7431
35.7347
35.7371
35.7395
35.7419
35.7443
35.7467
35.7383
35.7407
35.7324
35.7348
35.7372
35.7396
35.7312
35.7229
35.7145
35.7062
35.7086
35.7003
35.7027
35.7051
35.7074
35.6991
35.7015
35.6932
35.6956
35.698
35.7004
35.692
35.6944
35.6861
35.6778
35.6694
35.6718
35.6635
35.6659
35.6576
35.6492
35.6516
35.654
35.6564
35.6481
35.6505
35.6422
35.6446
35.647
35.6387
35.6304
35.622
35.6244
35.6161
35.6185
35.6209
35.6233
35.6257
35.6281
35.6198
35.6222
35.6246
35.6163
35.6187
35.6104
35.6128
35.6045
35.6069
35.6093
35.6117
35.6034
35.5951
35.5975
35.5892
35.5916
35.5833
35.575
35.5774
35.5691
35.5608
35.5525
35.5549
35.5573
35.549
35.5514
35.5538
35.5455
35.5479
35.5396
35.542
35.5444
35.5469
35.5493
35.541
35.5327
35.5244
35.5161
35.5185
35.5209
35.5126
35.515
35.5174
35.5092
35.5116
35.514
35.5057
35.4974
35.4998
35.5022
35.5046
35.4964
35.4881
35.4905
35.4929
35.4846
35.487
35.4788
35.4705
35.4729
35.4753
35.467
35.4695
35.4719
35.4636
35.466
35.4577
35.4601
35.4626
35.465
35.4674
35.4698
35.4615
35.4533
35.445
35.4474
35.4498
35.4522
35.444
35.4464
35.4381
35.4299
35.4323
35.424
35.4158
35.4075
35.4099
35.4017
35.4041
35.3958
35.3876
35.39
35.3818
35.3735
35.3653
35.357
35.3594
35.3512
35.3536
35.3454
35.3478
35.3396
35.342
35.3337
35.3255
35.3173
35.309
35.3008
35.2926
35.2843
35.2867
35.2892
35.2916
35.294
35.2964
35.2882
35.2906
35.2824
35.2848
35.2872
35.2896
35.2921
35.2945
35.2969
35.2887
35.2911
35.2829
35.2853
35.2877
35.2901
35.2819
35.2737
35.2761
35.2679
35.2703
35.2727
35.2645
35.2669
35.2693
35.2718
35.2636
35.266
35.2684
35.2708
35.2732
35.2757
35.2781
35.2805
35.2723
35.2641
35.2559
35.2477
35.2395
35.2419
35.2443
35.2361
35.2385
35.2409
35.2327
35.2245
35.227
35.2188
35.2212
35.213
35.2048
35.2072
35.2096
35.2014
35.2039
35.2063
35.1981
35.2005
35.2029
35.2054
35.1972
35.1996
35.202
35.1938
35.1963
35.1987
35.2011
35.1929
35.1953
35.1978
35.1896
35.1814
35.1838
35.1756
35.1781
35.1699
35.1723
35.1747
35.1665
35.169
35.1608
35.1632
35.1656
35.1575
35.1493
35.1517
35.1541
35.146
35.1378
35.1296
35.1215
35.1239
35.1263
35.1287
35.1312
35.1336
35.136
35.1279
35.1303
35.1327
35.1351
35.1376
35.1294
35.1318
35.1237
35.1261
35.1285
35.1204
35.1228
35.1252
35.117
35.1195
35.1219
35.1243
35.1267
35.1292
35.121
35.1234
35.1259
35.1283
35.1307
35.1331
35.1356
35.138
35.1298
35.1217
35.1135
35.116
35.1078
35.0997
35.0915
35.094
35.0858
35.0882
35.0801
35.0825
35.085
35.0768
35.0793
35.0711
35.0735
35.0654
35.0678
35.0703
35.0621
35.0646
35.0564
35.0588
35.0613
35.0637
35.0661
35.0686
35.071
35.0734
35.0758
35.0677
35.0701
35.062
35.0539
35.0563
35.0482
35.0401
35.0425
35.0449
35.0368
35.0392
35.0417
35.0441
35.036
35.0279
35.0197
35.0222
35.014
35.0165
35.0084
35.0108
35.0132
35.0051
35.0075
