37.1132
37.1155
37.1179
37.109
37.1002
37.0913
37.0936
37.0959
37.0983
37.0894
37.0806
37.0829
37.0852
37.0764
37.0787
37.081
37.0833
37.0857
37.088
37.0903
37.0926
37.0838
37.0861
37.0884
37.0907
37.0819
37.0842
37.0865
37.0777
37.08
37.0824
37.0847
37.0758
37.067
37.0582
37.0493
37.0517
37.054
37.0563
37.0586
37.0498
37.041
37.0322
37.0345
37.0257
37.028
37.0192
37.0215
37.0238
37.015
37.0062
36.9974
36.9997
36.9909
36.9821
36.9844
36.9756
36.9779
36.9802
36.9826
36.9849
36.9872
36.9896
36.9919
36.9831
36.9854
36.9877
36.9789
36.9813
36.9725
36.9636
36.966
36.9572
36.9484
36.9396
36.9308
36.9331
36.9243
36.9155
36.9179
36.9202
36.9225
36.9249
36.9272
36.9184
36.9096
36.9119
36.9143
36.9166
36.9078
36.899
36.9014
36.9037
36.906
36.9084
36.9107
36.913
36.9154
36.9177
36.9089
36.9113
36.9025
36.8937
36.8849
36.8762
36.8674
36.8586
36.861
36.8633
36.8545
36.8569
36.8592
36.8615
36.8528
36.8551
36.8463
36.8376
36.8288
36.8312
36.8335
36.8247
36.8271
36.8183
36.8207
36.8119
36.8031
36.8055
36.8078
36.7991
36.7903
36.7816
36.7728
36.7752
36.7775
36.7799
36.7822
36.7734
36.7647
36.767
36.7583
36.7496
36.7519
36.7542
36.7455
36.7478
36.7502
36.7415
36.7438
36.7461
36.7485
36.7397
36.7421
36.7334
36.7357
36.727
36.7293
36.7317
36.734
36.7364
36.7387
36.741
36.7434
36.7457
36.7481
36.7504
36.7417
36.744
36.7353
36.7266
36.7289
36.7202
36.7226
36.7249
36.7272
36.7296
36.7319
36.7343
36.7256
36.7279
36.7302
36.7215
36.7128
36.7041
36.6954
36.6978
36.7001
36.6914
36.6937
36.6961
36.6874
36.6787
36.681
36.6834
36.6747
36.666
36.6573
36.6596
36.662
36.6533
36.6556
36.658
36.6493
36.6406
36.6429
36.6453
36.6476
36.65
36.6413
36.6436
36.646
36.6373
36.6396
36.631
36.6223
36.6246
36.627
36.6293
36.6206
36.623
36.6253
36.6277
36.619
36.6214
36.6237
36.615
36.6174
36.6087
36.6111
36.6024
36.6047
36.6071
36.6094
36.6118
36.6142
36.6055
36.5968
36.5881
36.5905
36.5818
36.5732
36.5755
36.5669
36.5582
36.5495
36.5519
36.5542
36.5456
36.5369
36.5393
36.5416
36.544
36.5353
36.5377
36.529
36.5314
36.5228
36.5251
36.5275
36.5298
36.5212
36.5235
36.5149
36.5172
36.5086
36.511
36.5023
36.5047
36.496
36.4984
36.5007
36.5031
36.5055
36.4968
36.4882
36.4795
36.4819
36.4843
36.4866
36.489
36.4913
36.4937
36.496
36.4874
36.4898
36.4921
36.4835
36.4859
36.4772
36.4686
36.471
36.4623
36.4537
36.4451
36.4365
36.4279
36.4192
36.4216
36.424
36.4263
36.4177
36.4201
36.4224
36.4248
36.4272
36.4185
36.4099
36.4013
36.4037
36.4061
36.4084
36.4108
36.4022
36.4045
36.3959
36.3983
36.3897
36.3811
36.3725
36.3748
36.3662
36.3686
36.36
36.3514
36.3538
36.3561
36.3585
36.3609
36.3632
36.3546
36.357
36.3594
36.3508
36.3422
36.3446
36.3469
36.3493
36.3517
36.3431
36.3345
36.3369
36.3283
36.3306
36.333
36.3244
36.3268
36.3182
36.3096
36.312
36.3034
36.3058
36.3082
36.3105
36.3129
36.3153
36.3067
36.3091
36.3114
36.3138
36.3162
36.3076
36.31
36.3123
36.3147
36.3061
36.3085
36.3109
36.3023
36.3047
36.307
36.3094
36.3118
36.3141
36.3165
36.3189
36.3212
36.3236
36.315
36.3174
36.3089
36.3112
36.3136
36.305
36.3074
36.2988
36.3012
36.3036
36.295
36.2974
36.2998
36.3021
36.2936
36.285
36.2874
36.2898
36.2921
36.2945
36.2969
36.2992
36.3016
36.304
36.2954
36.2978
36.2893
36.2807
36.2831
36.2746
36.266
36.2684
36.2599
36.2622
36.2537
36.2452
36.2475
36.239
36.2414
36.2437
36.2352
36.2267
36.2182
36.2096
36.212
36.2144
36.2167
36.2191
36.2215
36.2239
36.2262
36.2177
36.2201
36.2116
36.2139
36.2163
36.2187
36.2102
36.2125
36.2149
36.2173
36.2088
36.2111
36.2026
36.205
36.1965
36.1989
36.1904
36.1819
36.1733
36.1648
36.1563
36.1587
36.1611
36.1635
36.1658
36.1682
36.1706
36.173
36.1753
36.1668
36.1583
36.1607
36.1522
36.1546
36.1461
36.1376
36.14
36.1315
36.123
36.1254
36.1169
36.1084
36.0999
36.0914
36.0829
36.0853
36.0768
36.0683
36.0707
36.0731
36.0755
36.0779
36.0802
36.0826
36.0741
36.0765
36.0789
36.0704
36.0728
36.0752
36.0667
36.0691
36.0606
36.063
36.0545
36.0569
36.0593
36.0508
36.0532
36.0556
36.0471
36.0495
36.0519
36.0434
36.035
36.0373
36.0397
36.0421
36.0445
36.036
36.0384
36.0299
36.0323
36.0347
36.0371
36.0395
36.0418
36.0334
36.0249
36.0273
36.0297
36.0212
36.0236
36.026
36.0176
36.0091
36.0115
36.0139
36.0054
36.0078
36.0102
36.0018
36.0041
36.0065
36.0089
36.0005
35.992
35.9836
35.986
35.9883
35.9907
35.9931
35.9847
35.9762
35.9678
35.9702
35.9726
35.975
35.9773
35.9689
35.9713
35.9737
35.9761
35.9785
35.97
35.9724
35.964
35.9556
35.9471
35.9495
35.9519
35.9543
35.9567
35.9591
35.9614
35.9638
35.9554
35.947
35.9386
35.9302
35.9325
35.9241
35.9157
35.9073
35.9097
35.9121
35.9037
35.9061
35.8976
35.9
35.9024
35.894
35.8964
35.8988
35.8904
35.8928
35.8952
35.8868
35.8891
35.8915
35.8939
35.8963
35.8987
35.8903
35.8927
35.8951
35.8975
35.8891
35.8807
35.8831
35.8747
35.8771
35.8794
35.871
35.8734
35.865
35.8674
35.859
35.8614
35.8531
35.8447
35.8363
35.8387
35.8303
35.8219
35.8243
35.8159
35.8183
35.8099
35.8123
35.8039
35.8063
35.8087
35.8111
35.8135
35.8051
35.8075
35.7992
35.8015
35.7932
35.7956
35.798
35.8004
35.8027
35.7944
35.7968
35.7992
35.7908
35.7932
35.7848
35.7872
35.7789
35.7812
35.7729
35.7645
35.7562
35.7586
35.7502
35.7418
35.7442
35.7359
35.7275
35.7299
35.7216
35.724
35.7264
35.718
35.7204
35.7121
35.7145
35.7169
35.7192
35.7109
35.7133
35.705
35.7073
35.699
35.7014
35.7038
35.7062
35.7086
35.711
35.7027
35.6943
35.686
35.6884
35.6908
35.6932
35.6956
35.698
35.6896
35.6813
35.673
35.6646
35.6563
35.6587
35.6611
35.6635
35.6659
35.6576
35.66
35.6624
35.6648
35.6672
35.6588
35.6612
35.6529
35.6553
35.6577
35.6601
35.6625
35.6542
35.6459
35.6376
35.64
35.6424
35.6448
35.6364
35.6388
35.6413
35.6437
35.646
35.6377
35.6294
35.6211
35.6235
35.6259
35.6176
35.62
35.6117
35.6141
35.6058
35.6082
35.5999
35.6023
35.6047
35.5964
35.5988
35.5905
35.5929
35.5846
35.587
35.5787
35.5811
35.5728
35.5645
35.5669
35.5693
35.561
35.5634
35.5551
35.5469
35.5386
35.541
35.5434
35.5458
35.5375
35.5399
35.5423
35.5447
35.5471
35.5388
35.5305
35.5223
35.5247
35.5271
35.5188
35.5212
35.5129
35.5046
35.5071
35.5095
35.5012
35.5036
35.506
35.5084
35.5108
35.5132
35.5156
35.5074
35.4991
35.5015
35.4932
35.4956
35.4874
35.4791
35.4815
35.4732
35.4756
35.4781
35.4698
35.4722
35.4639
35.4557
35.4474
35.4392
35.4416
35.4333
35.4357
35.4275
35.4192
35.4109
35.4027
35.3944
35.3969
35.3886
35.391
35.3828
35.3852
35.3769
35.3793
35.3711
35.3735
35.3653
35.357
35.3594
35.3512
35.3536
35.3454
35.3478
35.3502
35.3526
35.355
35.3575
35.3599
35.3623
35.3647
35.3671
35.3695
35.3613
35.3531
35.3555
35.3579
35.3603
35.3627
35.3545
35.3569
35.3487
35.3404
35.3429
35.3453
35.3477
35.3501
35.3419
35.3443
35.3467
35.3491
35.3409
35.3433
35.3351
35.3375
35.3399
35.3317
35.3341
35.3365
35.3283
35.3307
35.3331
35.3356
35.338
35.3298
35.3215
35.324
35.3158
35.3075
35.2993
35.3017
35.3042
35.296
35.2984
35.3008
35.3032
35.3056
35.308
35.2998
35.3022
35.294
35.2858
35.2776
35.2801
35.2719
35.2743
35.2661
35.2685
35.2603
35.2521
35.2545
35.2463
35.2487
35.2512
35.243
35.2454
35.2372
35.229
35.2314
35.2232
35.2257
35.2281
35.2199
35.2117
35.2141
35.2059
35.2084
35.2108
35.2026
35.205
35.2074
35.2099
35.2123
35.2041
35.2065
35.2089
35.2008
35.2032
35.2056
35.1974
35.1999
35.1917
35.1835
35.1753
35.1672
35.159
35.1614
35.1532
35.1451
35.1475
35.1393
35.1418
35.1336
35.136
35.1384
35.1409
35.1327
35.1351
35.127
35.1294
35.1212
35.1237
35.1155
35.1179
35.1204
35.1228
35.1252
35.117
35.1089
35.1113
35.1137
35.1056
35.0974
35.0893
35.0917
35.0941
35.0966
35.0884
35.0908
35.0933
35.0957
35.0876
35.09
35.0924
35.0843
35.0867
35.0785
35.081
35.0728
35.0753
35.0671
35.0695
35.0614
35.0638
35.0663
35.0687
35.0606
35.063
35.0548
35.0573
35.0597
35.0621
35.054
35.0459
35.0377
35.0296
35.0215
35.0239
35.0263
35.0182
35.0206
35.0231
35.0149
35.0174
35.0092
35.0011
34.993
34.9954
34.9873
34.9897
34.9922
34.9946
34.9865
34.9784
34.9808
34.9727
34.9751
34.967
34.9694
34.9719
34.9743
34.9767
34.9686
34.9711
34.9735
34.9759
