37.1244
37.1267
37.129
37.1202
37.1225
37.1137
37.116
37.1071
37.1094
37.1006
37.0917
37.0829
37.0852
37.0764
37.0787
37.081
37.0833
37.0745
37.0768
37.0791
37.0814
37.0838
37.0861
37.0773
37.0796
37.0707
37.0731
37.0642
37.0665
37.0577
37.0489
37.0512
37.0535
37.0558
37.0582
37.0605
37.0517
37.054
37.0452
37.0475
37.0387
37.041
37.0433
37.0456
37.048
37.0391
37.0415
37.0326
37.0238
37.0261
37.0173
37.0197
37.022
37.0132
37.0043
37.0067
37.009
37.0002
37.0025
37.0048
37.0072
37.0095
37.0118
37.0141
37.0053
37.0077
37.01
37.0123
37.0147
37.0058
37.0082
36.9994
36.9906
36.9929
36.9952
36.9976
36.9999
37.0022
37.0045
37.0069
36.9981
37.0004
37.0027
36.9939
36.9963
36.9986
37.0009
36.9921
36.9944
36.9857
36.988
36.9903
36.9815
36.9727
36.9751
36.9663
36.9575
36.9598
36.951
36.9423
36.9446
36.9358
36.9381
36.9294
36.9317
36.934
36.9364
36.9276
36.9299
36.9323
36.9346
36.9258
36.9282
36.9194
36.9217
36.9129
36.9153
36.9176
36.9199
36.9112
36.9024
36.8937
36.8849
36.8761
36.8785
36.8697
36.8609
36.8633
36.8656
36.8569
36.8592
36.8504
36.8417
36.8329
36.8353
36.8376
36.84
36.8423
36.8335
36.8359
36.8382
36.8295
36.8318
36.8342
36.8254
36.8167
36.819
36.8103
36.8015
36.8039
36.7951
36.7975
36.7998
36.8022
36.8045
36.7958
36.7981
36.8004
36.7917
36.794
36.7964
36.7987
36.79
36.7923
36.7947
36.797
36.7994
36.8017
36.793
36.7842
36.7866
36.7889
36.7913
36.7936
36.7959
36.7872
36.7896
36.7919
36.7832
36.7855
36.7879
36.7902
36.7815
36.7728
36.7751
36.7664
36.7688
36.76
36.7624
36.7537
36.756
36.7473
36.7497
36.752
36.7433
36.7456
36.748
36.7503
36.7527
36.755
36.7463
36.7487
36.751
36.7533
36.7557
36.747
36.7383
36.7406
36.7319
36.7343
36.7366
36.7279
36.7192
36.7216
36.7239
36.7152
36.7176
36.7089
36.7112
36.7026
36.6939
36.6962
36.6986
36.6899
36.6922
36.6835
36.6749
36.6772
36.6685
36.6709
36.6732
36.6756
36.6779
36.6693
36.6606
36.6519
36.6543
36.6566
36.6479
36.6503
36.6416
36.644
36.6463
36.6376
36.64
36.6423
36.6447
36.647
36.6494
36.6517
36.6541
36.6564
36.6478
36.6501
36.6525
36.6548
36.6572
36.6595
36.6509
36.6532
36.6556
36.6579
36.6603
36.6516
36.6539
36.6453
36.6366
36.639
36.6413
36.6437
36.635
36.6264
36.6287
36.6201
36.6115
36.6138
36.6162
36.6185
36.6209
36.6122
36.6146
36.6059
36.6083
36.6106
36.613
36.6043
36.5957
36.5981
36.5894
36.5918
36.5941
36.5965
36.5879
36.5792
36.5816
36.5729
36.5753
36.5667
36.569
36.5604
36.5628
36.5541
36.5455
36.5479
36.5502
36.5416
36.544
36.5353
36.5377
36.5291
36.5205
36.5119
36.5142
36.5166
36.508
36.5103
36.5127
36.5041
36.4954
36.4868
36.4892
36.4916
36.483
36.4853
36.4877
36.4791
36.4814
36.4838
36.4752
36.4775
36.4689
36.4713
36.4627
36.4651
36.4674
36.4698
36.4612
36.4526
36.455
36.4573
36.4597
36.462
36.4644
36.4558
36.4582
36.4605
36.4629
36.4543
36.4566
36.459
36.4504
36.4528
36.4551
36.4466
36.4489
36.4403
36.4427
36.4451
36.4474
36.4388
36.4412
36.4326
36.424
36.4155
36.4178
36.4202
36.4226
36.4249
36.4163
36.4187
36.4211
36.4125
36.4039
36.4063
36.4087
36.4001
36.3915
36.3939
36.3853
36.3877
36.3791
36.3815
36.3729
36.3753
36.3777
36.38
36.3824
36.3738
36.3762
36.3786
36.3809
36.3833
36.3747
36.3771
36.3795
36.3818
36.3733
36.3647
36.3562
36.3476
36.3391
36.3414
36.3438
36.3462
36.3485
36.34
36.3424
36.3447
36.3471
36.3495
36.3518
36.3542
36.3566
36.3589
36.3613
36.3527
36.3442
36.3357
36.3271
36.3295
36.321
36.3233
36.3148
36.3172
36.3087
36.311
36.3134
36.3158
36.3181
36.3205
36.312
36.3143
36.3058
36.2973
36.2996
36.302
36.2935
36.2959
36.2873
36.2788
36.2812
36.2727
36.275
36.2665
36.2689
36.2604
36.2628
36.2542
36.2457
36.2372
36.2396
36.2311
36.2226
36.225
36.2165
36.2188
36.2103
36.2018
36.1933
36.1848
36.1872
36.1896
36.1811
36.1726
36.1641
36.1556
36.1471
36.1386
36.141
36.1434
36.1349
36.1372
36.1396
36.1311
36.1335
36.125
36.1165
36.1189
36.1104
36.1128
36.1043
36.1067
36.0982
36.1006
36.103
36.1054
36.1077
36.1101
36.1125
36.1149
36.1064
36.0979
36.1003
36.1027
36.1051
36.1074
36.099
36.1014
36.0929
36.0953
36.0976
36.1
36.1024
36.1048
36.1072
36.0987
36.0902
36.0926
36.0841
36.0865
36.0889
36.0804
36.072
36.0635
36.0659
36.0683
36.0598
36.0514
36.0538
36.0561
36.0585
36.0501
36.0416
36.0332
36.0355
36.0379
36.0403
36.0427
36.0342
36.0366
36.039
36.0414
36.0329
36.0353
36.0377
36.0401
36.0425
36.0448
36.0364
36.0388
36.0303
36.0219
36.0135
36.0159
36.0182
36.0206
36.023
36.0146
36.0169
36.0193
36.0217
36.0133
36.0157
36.018
36.0204
36.012
36.0036
36.006
35.9975
35.9999
35.9915
35.9939
35.9962
35.9986
36.001
36.0034
35.995
35.9974
35.9997
36.0021
35.9937
35.9853
35.9877
35.9901
35.9924
35.9948
35.9864
35.9888
35.9804
35.9828
35.9851
35.9767
35.9791
35.9815
35.9839
35.9755
35.9779
35.9695
35.9718
35.9742
35.9658
35.9682
35.9706
35.973
35.9646
35.967
35.9693
35.9717
35.9633
35.9657
35.9573
35.9597
35.9513
35.9537
35.9561
35.9477
35.9393
35.9417
35.9333
35.9357
35.938
35.9297
35.9213
35.9237
35.9153
35.9177
35.9093
35.9117
35.9033
35.8949
35.8865
35.8889
35.8913
35.8937
35.8961
35.8877
35.8901
35.8925
35.8948
35.8972
35.8889
35.8912
35.8936
35.8853
35.8876
35.89
35.8817
35.8841
35.8864
35.8781
35.8805
35.8828
35.8852
35.8876
35.89
35.8924
35.8948
35.8864
35.8781
35.8804
35.8828
35.8852
35.8876
35.8793
35.8816
35.8733
35.8757
35.8673
35.8697
35.8613
35.853
35.8554
35.847
35.8494
35.8411
35.8327
35.8244
35.8267
35.8184
35.8208
35.8232
35.8256
35.828
35.8196
35.822
35.8137
35.8161
35.8184
35.8101
35.8125
35.8042
35.8065
35.8089
35.8113
35.803
35.7947
35.7971
35.7994
35.7911
35.7828
35.7852
35.7876
35.79
35.7923
35.7947
35.7971
35.7995
35.8019
35.7936
35.796
35.7984
35.8008
35.7924
35.7841
35.7865
35.7889
35.7806
35.783
35.7854
35.777
35.7794
35.7818
35.7842
35.7866
35.789
35.7807
35.7831
35.7748
35.7771
35.7795
35.7819
35.7736
35.7653
35.7677
35.7701
35.7618
35.7642
35.7666
35.769
35.7714
35.763
35.7654
35.7571
35.7488
35.7512
35.7429
35.7453
35.7477
35.7501
35.7418
35.7335
35.7252
35.7169
35.7086
35.711
35.7027
35.6944
35.6968
35.6885
35.6909
35.6826
35.685
35.6874
35.6898
35.6922
35.6946
35.697
35.6994
35.7018
35.7042
35.6959
35.6876
35.69
35.6817
35.6734
35.6758
35.6782
35.6806
35.6724
35.6748
35.6665
35.6582
35.6499
35.6523
35.6547
35.6571
35.6595
35.6512
35.6536
35.6454
35.6371
35.6395
35.6419
35.6336
35.636
35.6278
35.6301
35.6325
35.6349
35.6373
35.6291
35.6208
35.6126
35.615
35.6174
35.6198
35.6222
35.6139
35.6163
35.6187
35.6104
35.6022
35.5939
35.5963
35.5987
35.6011
35.5929
35.5846
35.5764
35.5681
35.5599
35.5623
35.554
35.5458
35.5482
35.5506
35.5423
35.5341
35.5258
35.5283
35.52
35.5118
35.5035
35.4953
35.4977
35.4895
35.4919
35.4836
35.486
35.4884
35.4802
35.4826
35.485
35.4874
35.4898
35.4922
35.484
35.4864
35.4782
35.4806
35.4724
35.4641
35.4666
35.4583
35.4607
35.4632
35.4656
35.468
35.4704
35.4622
35.4646
35.467
35.4694
35.4612
35.4636
35.466
35.4684
35.4602
35.4519
35.4544
35.4461
35.4379
35.4297
35.4321
35.4345
35.4263
35.4287
35.4205
35.4229
35.4147
35.4171
35.4195
35.422
35.4137
35.4162
35.408
35.4104
35.4022
35.4046
35.407
35.4094
35.4118
35.4142
35.4166
35.4084
35.4108
35.4132
35.4157
35.4075
35.4099
35.4017
35.3935
35.3959
35.3877
35.3901
35.3925
35.3949
35.3973
35.3892
35.3916
35.394
35.3964
35.3988
35.3906
35.3824
35.3848
35.3872
35.3897
35.3815
35.3839
35.3863
35.3781
35.3805
35.3829
35.3854
35.3878
35.3902
35.382
35.3844
35.3868
35.3786
35.3705
35.3729
35.3647
35.3671
35.3589
35.3508
35.3426
35.345
35.3368
35.3393
35.3311
35.3335
35.3359
35.3383
35.3302
35.3326
35.3244
35.3163
35.3187
35.3105
35.3023
35.2942
35.286
35.2779
35.2697
35.2721
35.2745
35.2664
35.2582
35.2607
35.2525
35.2549
35.2573
35.2598
35.2622
35.254
35.2564
35.2483
35.2507
35.2531
35.2555
35.258
35.2604
35.2522
35.2547
35.2465
35.2384
35.2408
35.2432
35.2351
35.2375
35.2399
35.2423
35.2342
35.2366
35.239
35.2414
35.2333
35.2252
35.2276
35.23
35.2219
35.2243
35.2161
35.2186
35.2104
35.2129
35.2153
35.2177
35.2201
35.2225
35.2249
35.2274
35.2298
35.2322
35.2346
35.237
35.2395
