37.1244
37.1267
37.1179
37.1202
37.1113
37.1137
37.116
37.1183
37.1094
37.1118
37.1141
37.1164
37.1075
37.0987
37.101
37.1033
37.1057
37.0968
37.0991
37.0903
37.0926
37.0949
37.0861
37.0884
37.0796
37.0707
37.0731
37.0642
37.0554
37.0577
37.06
37.0624
37.0647
37.0558
37.047
37.0493
37.0517
37.054
37.0452
37.0475
37.0387
37.041
37.0433
37.0456
37.0368
37.0391
37.0415
37.0438
37.0461
37.0373
37.0396
37.0308
37.022
37.0243
37.0155
37.0178
37.0201
37.0225
37.0248
37.0271
37.0294
37.0318
37.023
37.0253
37.0276
37.0299
37.0323
37.0346
37.0369
37.0392
37.0304
37.0216
37.024
37.0263
37.0286
37.0198
37.0221
37.0133
37.0157
37.018
37.0203
37.0115
37.0138
37.0162
37.0074
36.9986
37.0009
36.9921
36.9944
36.9968
36.988
36.9792
36.9815
36.9839
36.9862
36.9774
36.9797
36.9821
36.9733
36.9756
36.9668
36.958
36.9604
36.9627
36.965
36.9674
36.9697
36.9609
36.9632
36.9656
36.9568
36.948
36.9504
36.9416
36.9328
36.924
36.9264
36.9176
36.9199
36.9112
36.9135
36.9158
36.9071
36.9094
36.9007
36.903
36.9053
36.9076
36.8989
36.8901
36.8814
36.8726
36.875
36.8773
36.8685
36.8709
36.8732
36.8645
36.8668
36.8691
36.8604
36.8627
36.8651
36.8563
36.8476
36.8499
36.8522
36.8546
36.8569
36.8593
36.8505
36.8418
36.8441
36.8464
36.8377
36.84
36.8424
36.8337
36.8249
36.8162
36.8075
36.8098
36.8011
36.7923
36.7836
36.7859
36.7772
36.7685
36.7708
36.7621
36.7534
36.7447
36.736
36.7383
36.7406
36.7319
36.7343
36.7366
36.739
36.7302
36.7326
36.7349
36.7262
36.7286
36.7309
36.7333
36.7356
36.7379
36.7292
36.7205
36.7229
36.7252
36.7165
36.7078
36.6991
36.6904
36.6928
36.6841
36.6864
36.6888
36.6801
36.6824
36.6737
36.665
36.6563
36.6476
36.65
36.6523
36.6547
36.657
36.6594
36.6507
36.653
36.6443
36.6467
36.649
36.6514
36.6537
36.6561
36.6584
36.6608
36.6521
36.6434
36.6458
36.6481
36.6394
36.6418
36.6331
36.6355
36.6268
36.6181
36.6094
36.6118
36.6031
36.6055
36.6078
36.5992
36.6015
36.6039
36.5952
36.5976
36.5889
36.5912
36.5936
36.5959
36.5983
36.6006
36.603
36.6054
36.6077
36.599
36.5904
36.5927
36.5841
36.5754
36.5778
36.5691
36.5715
36.5738
36.5652
36.5565
36.5589
36.5612
36.5636
36.5659
36.5683
36.5707
36.573
36.5754
36.5777
36.5691
36.5714
36.5628
36.5651
36.5675
36.5588
36.5502
36.5526
36.5549
36.5463
36.5376
36.54
36.5424
36.5447
36.5471
36.5494
36.5408
36.5322
36.5345
36.5259
36.5173
36.5196
36.511
36.5133
36.5047
36.5071
36.5094
36.5118
36.5141
36.5165
36.5189
36.5212
36.5236
36.5149
36.5173
36.5197
36.511
36.5024
36.5048
36.5071
36.5095
36.5119
36.5142
36.5166
36.5189
36.5103
36.5127
36.5041
36.5064
36.4978
36.5002
36.5025
36.5049
36.4963
36.4986
36.501
36.5033
36.4947
36.4971
36.4885
36.4909
36.4932
36.4956
36.487
36.4784
36.4807
36.4721
36.4745
36.4769
36.4792
36.4816
36.4839
36.4753
36.4777
36.4801
36.4824
36.4738
36.4762
36.4676
36.459
36.4614
36.4528
36.4551
36.4466
36.4489
36.4403
36.4427
36.4341
36.4365
36.4279
36.4303
36.4217
36.424
36.4264
36.4178
36.4202
36.4226
36.4249
36.4273
36.4187
36.4211
36.4234
36.4258
36.4282
36.4196
36.4219
36.4134
36.4157
36.4181
36.4205
36.4119
36.4033
36.4057
36.4081
36.4104
36.4128
36.4042
36.3957
36.398
36.4004
36.4028
36.4051
36.3966
36.3989
36.3904
36.3927
36.3951
36.3865
36.3889
36.3804
36.3827
36.3742
36.3656
36.3571
36.3595
36.3509
36.3533
36.3556
36.358
36.3604
36.3627
36.3542
36.3566
36.3589
36.3613
36.3636
36.366
36.3684
36.3598
36.3513
36.3537
36.3451
36.3475
36.339
36.3413
36.3437
36.3352
36.3375
36.3399
36.3423
36.3446
36.347
36.3385
36.3408
36.3432
36.3456
36.3479
36.3503
36.3527
36.3441
36.3465
36.338
36.3403
36.3318
36.3342
36.3366
36.3389
36.3413
36.3437
36.3351
36.3375
36.329
36.3205
36.312
36.3143
36.3167
36.3082
36.3106
36.3129
36.3153
36.3177
36.32
36.3115
36.303
36.2945
36.286
36.2884
36.2907
36.2931
36.2955
36.287
36.2894
36.2917
36.2941
36.2965
36.2988
36.2903
36.2927
36.2842
36.2757
36.2672
36.2696
36.272
36.2743
36.2658
36.2573
36.2597
36.2512
36.2427
36.2343
36.2366
36.239
36.2414
36.2329
36.2353
36.2268
36.2183
36.2098
36.2122
36.2037
36.2061
36.2085
36.2
36.2024
36.2047
36.2071
36.2095
36.2119
36.2034
36.1949
36.1865
36.1888
36.1912
36.1827
36.1743
36.1658
36.1573
36.1489
36.1513
36.1536
36.156
36.1584
36.1608
36.1631
36.1547
36.1571
36.1486
36.1401
36.1317
36.1232
36.1148
36.1172
36.1195
36.1219
36.1135
36.105
36.0966
36.0881
36.0905
36.0929
36.0953
36.0976
36.0892
36.0808
36.0831
36.0747
36.0771
36.0686
36.071
36.0734
36.065
36.0565
36.0589
36.0613
36.0637
36.0661
36.0684
36.0708
36.0732
36.0648
36.0671
36.0587
36.0503
36.0527
36.055
36.0574
36.0598
36.0514
36.043
36.0345
36.0369
36.0393
36.0417
36.0441
36.0464
36.0488
36.0512
36.0536
36.056
36.0583
36.0607
36.0523
36.0547
36.0463
36.0378
36.0402
36.0426
36.045
36.0474
36.0498
36.0521
36.0545
36.0461
36.0485
36.0401
36.0425
36.034
36.0364
36.028
36.0196
36.022
36.0136
36.0052
36.0076
36.01
36.0124
36.0147
36.0171
36.0087
36.0111
36.0027
36.0051
36.0075
35.9991
36.0015
36.0038
36.0062
36.0086
36.0002
36.0026
36.005
35.9966
35.9882
35.9906
35.9822
35.9738
35.9654
35.9678
35.9594
35.9618
35.9534
35.9451
35.9474
35.9498
35.9522
35.9438
35.9355
35.9271
35.9295
35.9211
35.9235
35.9151
35.9175
35.9199
35.9223
35.9247
35.9271
35.9294
35.9318
35.9342
35.9366
35.9282
35.9199
35.9115
35.9031
35.9055
35.8972
35.8996
35.8912
35.8936
35.8852
35.8876
35.8793
35.8816
35.884
35.8864
35.8781
35.8805
35.8721
35.8745
35.8769
35.8685
35.8602
35.8518
35.8542
35.8459
35.8483
35.8399
35.8423
35.834
35.8364
35.8387
35.8304
35.8328
35.8245
35.8268
35.8292
35.8316
35.834
35.8364
35.8281
35.8305
35.8221
35.8138
35.8055
35.8079
35.7995
35.8019
35.7936
35.796
35.7876
35.7793
35.7817
35.7841
35.7758
35.7675
35.7699
35.7722
35.7746
35.7663
35.7687
35.7604
35.7628
35.7545
35.7462
35.7378
35.7295
35.7319
35.7236
35.7153
35.707
35.6987
35.7011
35.7035
35.6952
35.6976
35.6892
35.6916
35.6833
35.6857
35.6774
35.6691
35.6715
35.6632
35.6549
35.6573
35.649
35.6407
35.6431
35.6348
35.6372
35.6289
35.6206
35.623
35.6254
35.6278
35.6302
35.6327
35.635
35.6375
35.6292
35.6316
35.6233
35.6257
35.6281
35.6198
35.6222
35.6246
35.627
35.6294
35.6318
35.6235
35.6152
35.607
35.6094
35.6011
35.6035
35.6059
35.6083
35.6107
35.6131
35.6155
35.6072
35.5989
35.5907
35.5824
35.5741
35.5765
35.5683
35.5707
35.5731
35.5755
35.5672
35.5589
35.5613
35.5531
35.5555
35.5579
35.5496
35.552
35.5438
35.5355
35.5379
35.5403
35.5321
35.5345
35.5262
35.5286
35.5204
35.5228
35.5145
35.5169
35.5193
35.5217
35.5135
35.5052
35.497
35.4887
35.4911
35.4935
35.4959
35.4877
35.4795
35.4819
35.4736
35.476
35.4784
35.4702
35.4726
35.475
35.4774
35.4798
35.4716
35.474
35.4764
35.4682
35.4706
35.473
35.4754
35.4672
35.4589
35.4613
35.4531
35.4449
35.4473
35.4497
35.4415
35.4332
35.4356
35.4274
35.4192
35.4216
35.4134
35.4052
35.4076
35.41
35.4018
35.3935
35.396
35.3984
35.4008
35.3926
35.395
35.3868
35.3786
35.3703
35.3727
35.3752
35.367
35.3694
35.3718
35.3636
35.366
35.3578
35.3602
35.352
35.3544
35.3568
35.3486
35.3404
35.3322
35.324
35.3158
35.3076
35.2994
35.2912
35.2936
35.2854
35.2772
35.2796
35.2821
35.2739
35.2657
35.2681
35.2705
35.2729
35.2647
35.2672
35.2696
35.2614
35.2638
35.2662
35.258
35.2605
35.2523
35.2547
35.2465
35.2489
35.2407
35.2432
35.2456
35.248
35.2504
35.2422
35.2447
35.2365
35.2389
35.2413
35.2437
35.2356
35.238
35.2404
35.2322
35.2241
35.2265
35.2183
35.2207
35.2232
35.2256
35.228
35.2304
35.2328
35.2353
35.2271
35.2189
35.2213
35.2132
35.2156
35.2074
35.2099
35.2123
35.2041
35.196
35.1984
35.1902
35.1926
35.1951
35.1975
35.1999
35.2023
35.1942
35.1966
35.199
35.1909
35.1933
35.1957
35.1981
35.2005
35.1924
35.1948
35.1867
35.1891
35.1915
35.1939
35.1964
35.1882
35.1906
35.1825
35.1849
35.1873
35.1897
35.1922
35.1946
35.197
35.1889
35.1913
35.1831
35.175
35.1774
35.1798
35.1823
35.1741
35.166
35.1579
35.1603
35.1627
35.1546
35.157
35.1489
35.1407
35.1432
35.1456
35.148
35.1399
35.1318
35.1342
35.1261
35.1285
35.1203
35.1122
35.1041
35.1065
35.109
35.1114
35.1138
35.1162
35.1081
35.1105
35.1024
