37.1132
37.1155
37.1067
37.109
37.1002
37.1025
37.0936
37.0959
37.0871
37.0894
37.0806
37.0717
37.0629
37.0652
37.0675
37.0587
37.061
37.0633
37.0656
37.0568
37.0591
37.0503
37.0414
37.0326
37.0349
37.0261
37.0284
37.0307
37.0219
37.0131
37.0042
37.0066
37.0089
37.0112
37.0024
37.0047
36.9959
36.9982
37.0005
36.9917
36.9941
36.9964
36.9987
36.9899
36.9922
36.9945
36.9969
36.9881
36.9904
36.9927
36.995
36.9862
36.9885
36.9797
36.9709
36.9733
36.9756
36.9779
36.9802
36.9714
36.9738
36.965
36.9561
36.9585
36.9497
36.952
36.9432
36.9455
36.9367
36.9279
36.9191
36.9103
36.9127
36.9039
36.9062
36.8974
36.8886
36.8909
36.8933
36.8845
36.8757
36.8669
36.8581
36.8605
36.8517
36.854
36.8563
36.8476
36.8499
36.8522
36.8546
36.8569
36.8592
36.8616
36.8528
36.844
36.8464
36.8487
36.8399
36.8423
36.8335
36.8358
36.8271
36.8294
36.8206
36.8119
36.8142
36.8165
36.8078
36.8101
36.8124
36.8148
36.806
36.7973
36.7885
36.7908
36.7932
36.7955
36.7979
36.7891
36.7914
36.7938
36.785
36.7874
36.7897
36.792
36.7944
36.7856
36.788
36.7792
36.7816
36.7728
36.7752
36.7775
36.7799
36.7822
36.7845
36.7869
36.7892
36.7915
36.7828
36.7851
36.7875
36.7898
36.7922
36.7834
36.7858
36.777
36.7794
36.7706
36.7619
36.7642
36.7666
36.7689
36.7602
36.7515
36.7538
36.7561
36.7585
36.7608
36.7632
36.7544
36.7568
36.7481
36.7393
36.7417
36.733
36.7353
36.7377
36.7289
36.7202
36.7226
36.7138
36.7162
36.7185
36.7209
36.7232
36.7145
36.7168
36.7192
36.7105
36.7018
36.7041
36.7065
36.7088
36.7112
36.7024
36.7048
36.7071
36.7095
36.7118
36.7031
36.6944
36.6857
36.677
36.6794
36.6817
36.673
36.6643
36.6667
36.658
36.6603
36.6516
36.654
36.6563
36.6587
36.65
36.6523
36.6547
36.657
36.6483
36.6507
36.642
36.6443
36.6357
36.638
36.6404
36.6427
36.634
36.6253
36.6277
36.619
36.6214
36.6127
36.615
36.6064
36.6087
36.6111
36.6024
36.6047
36.5961
36.5984
36.6008
36.6031
36.6055
36.5968
36.5992
36.6015
36.5928
36.5952
36.5865
36.5779
36.5802
36.5716
36.5739
36.5763
36.5676
36.559
36.5503
36.5527
36.555
36.5464
36.5487
36.5401
36.5424
36.5448
36.5471
36.5495
36.5518
36.5432
36.5455
36.5369
36.5392
36.5306
36.5329
36.5353
36.5267
36.529
36.5314
36.5227
36.5251
36.5164
36.5078
36.5102
36.5125
36.5039
36.4952
36.4866
36.489
36.4913
36.4827
36.4741
36.4764
36.4678
36.4592
36.4615
36.4639
36.4553
36.4466
36.449
36.4404
36.4427
36.4451
36.4365
36.4388
36.4412
36.4326
36.4349
36.4263
36.4177
36.4201
36.4115
36.4138
36.4052
36.4076
36.399
36.3904
36.3927
36.3841
36.3865
36.3888
36.3912
36.3826
36.385
36.3873
36.3897
36.392
36.3944
36.3968
36.3882
36.3905
36.3819
36.3733
36.3757
36.3781
36.3804
36.3828
36.3742
36.3766
36.3789
36.3703
36.3617
36.3532
36.3446
36.3469
36.3383
36.3407
36.3431
36.3345
36.3259
36.3173
36.3197
36.3221
36.3244
36.3268
36.3292
36.3315
36.323
36.3253
36.3277
36.3301
36.3324
36.3348
36.3371
36.3395
36.3309
36.3333
36.3357
36.338
36.3404
36.3318
36.3233
36.3256
36.3171
36.3085
36.3109
36.3023
36.3047
36.307
36.2985
36.3008
36.2923
36.2946
36.297
36.2885
36.2908
36.2932
36.2956
36.2979
36.2894
36.2808
36.2723
36.2637
36.2552
36.2575
36.249
36.2514
36.2537
36.2561
36.2585
36.2608
36.2632
36.2656
36.2679
36.2594
36.2618
36.2641
36.2665
36.2689
36.2603
36.2518
36.2433
36.2456
36.2371
36.2286
36.2309
36.2224
36.2248
36.2162
36.2077
36.1992
36.1906
36.193
36.1954
36.1978
36.1892
36.1916
36.1831
36.1855
36.1878
36.1793
36.1817
36.1841
36.1864
36.1888
36.1912
36.1936
36.185
36.1765
36.1789
36.1704
36.1728
36.1751
36.1775
36.1799
36.1823
36.1737
36.1761
36.1676
36.1591
36.1615
36.1638
36.1553
36.1577
36.1492
36.1407
36.1322
36.1346
36.1261
36.1176
36.1199
36.1223
36.1138
36.1053
36.0968
36.0992
36.1016
36.0931
36.0955
36.0978
36.0894
36.0917
36.0941
36.0856
36.0771
36.0686
36.071
36.0734
36.0649
36.0673
36.0588
36.0612
36.0527
36.0551
36.0575
36.0599
36.0622
36.0646
36.0561
36.0585
36.0609
36.0633
36.0548
36.0572
36.0596
36.0511
36.0535
36.045
36.0365
36.0389
36.0413
36.0328
36.0352
36.0267
36.0183
36.0098
36.0122
36.0146
36.017
36.0085
36
36.0024
36.0048
35.9963
35.9987
35.9903
35.9926
35.995
35.9866
35.9781
35.9805
35.9829
35.9744
35.9768
35.9792
35.9816
35.984
35.9864
35.9779
35.9803
35.9827
35.9851
35.9766
35.9682
35.9706
35.9621
35.9537
35.9561
35.9584
35.9608
35.9632
35.9548
35.9572
35.9595
35.9619
35.9535
35.9559
35.9474
35.9498
35.9414
35.9438
35.9353
35.9377
35.9401
35.9425
35.9449
35.9473
35.9389
35.9304
35.922
35.9136
35.9051
35.9075
35.9099
35.9015
35.8931
35.8955
35.8979
35.9002
35.8918
35.8942
35.8966
35.8882
35.8906
35.893
35.8845
35.8869
35.8893
35.8917
35.8833
35.8857
35.8881
35.8905
35.8929
35.8844
35.8868
35.8784
35.8808
35.8832
35.8748
35.8772
35.8796
35.8712
35.8628
35.8652
35.8568
35.8592
35.8508
35.8424
35.834
35.8364
35.8387
35.8303
35.8327
35.8351
35.8375
35.8399
35.8423
35.8447
35.8363
35.8387
35.8411
35.8435
35.8459
35.8375
35.8291
35.8207
35.8231
35.8147
35.8171
35.8087
35.8111
35.8027
35.7944
35.7968
35.7991
35.8015
35.8039
35.7956
35.798
35.8003
35.8027
35.8051
35.8075
35.7992
35.8015
35.7932
35.7956
35.7872
35.7896
35.7812
35.7836
35.786
35.7884
35.7908
35.7824
35.7848
35.7872
35.7789
35.7812
35.7836
35.7753
35.7669
35.7586
35.761
35.7633
35.755
35.7574
35.7598
35.7514
35.7431
35.7455
35.7371
35.7395
35.7419
35.7336
35.7359
35.7383
35.7407
35.7324
35.724
35.7157
35.7181
35.7097
35.7121
35.7038
35.6955
35.6979
35.6895
35.6919
35.6836
35.686
35.6884
35.68
35.6824
35.6848
35.6872
35.6789
35.6813
35.673
35.6754
35.667
35.6694
35.6718
35.6742
35.6766
35.679
35.6814
35.6838
35.6862
35.6779
35.6803
35.6827
35.6744
35.6768
35.6792
35.6708
35.6625
35.6649
35.6673
35.659
35.6507
35.6531
35.6448
35.6472
35.6496
35.652
35.6437
35.6353
35.6377
35.6294
35.6318
35.6342
35.6366
35.639
35.6414
35.6331
35.6355
35.6379
35.6296
35.632
35.6344
35.6261
35.6178
35.6202
35.6119
35.6036
35.606
35.6084
35.6108
35.6132
35.6156
35.6073
35.6097
35.6014
35.6038
35.6062
35.5979
35.6003
35.592
35.5944
35.5862
35.5886
35.591
35.5934
35.5851
35.5768
35.5685
35.5602
35.5626
35.565
35.5674
35.5698
35.5615
35.5639
35.5557
35.5474
35.5498
35.5415
35.5439
35.5356
35.538
35.5405
35.5429
35.5346
35.537
35.5287
35.5311
35.5335
35.5253
35.5277
35.5194
35.5218
35.5242
35.5266
35.529
35.5207
35.5125
35.5149
35.5173
35.509
35.5008
35.5032
35.5056
35.508
35.5104
35.5021
35.5045
35.507
35.4987
35.5011
35.5035
35.4953
35.4977
35.5001
35.5025
35.4942
35.4966
35.499
35.5014
35.5038
35.4956
35.498
35.5004
35.4922
35.4839
35.4863
35.4781
35.4698
35.4722
35.4746
35.4771
35.4688
35.4712
35.463
35.4654
35.4678
35.4702
35.4726
35.475
35.4668
35.4585
35.4609
35.4634
35.4551
35.4575
35.4493
35.4411
35.4435
35.4352
35.427
35.4188
35.4212
35.4236
35.426
35.4178
35.4096
35.4013
35.4037
35.3955
35.3979
35.4003
35.3921
35.3839
35.3863
35.3781
35.3699
35.3617
35.3534
35.3559
35.3476
35.3501
35.3525
35.3443
35.336
35.3385
35.3409
35.3433
35.3351
35.3269
35.3187
35.3211
35.3129
35.3153
35.3177
35.3201
35.3119
35.3037
35.3061
35.2979
35.3003
35.3028
35.2946
35.297
35.2994
35.3018
35.3042
35.296
35.2878
35.2903
35.2821
35.2845
35.2763
35.2681
35.2599
35.2517
35.2541
35.2566
35.259
35.2614
35.2638
35.2556
35.2474
35.2393
35.2417
35.2441
35.2359
35.2383
35.2407
35.2432
35.235
35.2374
35.2292
35.2317
35.2235
35.2153
35.2177
35.2201
35.212
35.2144
35.2168
35.2192
35.2216
35.2241
35.2159
35.2077
35.1996
35.202
35.1938
35.1856
35.1881
35.1905
35.1823
35.1742
35.166
35.1684
35.1708
35.1627
35.1651
35.1569
35.1594
35.1512
35.1536
35.1455
35.1373
35.1398
35.1316
35.134
35.1259
35.1283
35.1307
35.1331
35.125
35.1168
35.1193
35.1217
35.1135
35.116
35.1078
35.0997
35.1021
35.094
35.0964
35.0882
35.0907
35.0825
35.085
35.0874
35.0793
35.0711
35.063
35.0548
35.0573
35.0491
35.0516
35.0434
35.0459
35.0377
35.0402
35.0426
35.045
35.0369
35.0393
35.0312
35.0231
35.0255
35.0279
35.0304
35.0222
35.0247
35.0271
35.0295
35.0214
35.0133
35.0157
35.0076
34.9995
35.0019
34.9938
34.9857
34.9881
34.9905
34.993
34.9848
34.9873
34.9897
34.9921
34.984
34.9865
