37.1244
37.1267
37.129
37.1314
37.1337
37.136
37.1383
37.1406
37.143
37.1453
37.1364
37.1387
37.1411
37.1322
37.1345
37.1368
37.1392
37.1303
37.1215
37.1238
37.1261
37.1173
37.1196
37.1219
37.1242
37.1265
37.1177
37.12
37.1223
37.1247
37.127
37.1181
37.1205
37.1116
37.114
37.1163
37.1186
37.1209
37.1121
37.1144
37.1056
37.1079
37.1102
37.1014
37.1037
37.0949
37.0972
37.0884
37.0907
37.093
37.0842
37.0865
37.0777
37.0689
37.0601
37.0624
37.0647
37.067
37.0582
37.0494
37.0517
37.0429
37.0341
37.0364
37.0387
37.0411
37.0434
37.0457
37.048
37.0504
37.0416
37.0439
37.0462
37.0485
37.0397
37.0421
37.0333
37.0245
37.0268
37.018
37.0203
37.0226
37.0138
37.0162
37.0185
37.0097
37.012
37.0144
37.0167
37.019
37.0102
37.0125
37.0038
37.0061
37.0084
37.0107
37.0131
37.0043
37.0066
36.9978
37.0001
36.9914
36.9937
36.9849
36.9761
36.9785
36.9697
36.972
36.9632
36.9656
36.9568
36.9591
36.9615
36.9638
36.9661
36.9573
36.9486
36.9509
36.9532
36.9556
36.9468
36.9491
36.9515
36.9538
36.945
36.9474
36.9497
36.952
36.9433
36.9456
36.9479
36.9503
36.9526
36.9549
36.9462
36.9374
36.9397
36.931
36.9333
36.9246
36.9269
36.9181
36.9094
36.9117
36.903
36.8942
36.8855
36.8878
36.8791
36.8814
36.8837
36.875
36.8773
36.8797
36.8709
36.8733
36.8645
36.8669
36.8692
36.8605
36.8517
36.843
36.8453
36.8477
36.8389
36.8302
36.8326
36.8349
36.8262
36.8285
36.8308
36.8221
36.8245
36.8268
36.8291
36.8204
36.8117
36.814
36.8164
36.8076
36.7989
36.8013
36.8036
36.7949
36.7972
36.7996
36.7909
36.7932
36.7845
36.7758
36.7781
36.7805
36.7718
36.763
36.7654
36.7567
36.759
36.7503
36.7527
36.744
36.7353
36.7376
36.7289
36.7202
36.7226
36.7249
36.7162
36.7186
36.7209
36.7232
36.7256
36.7279
36.7303
36.7326
36.7239
36.7263
36.7286
36.731
36.7223
36.7246
36.727
36.7183
36.7096
36.7009
36.6922
36.6946
36.6969
36.6882
36.6796
36.6819
36.6732
36.6756
36.6779
36.6693
36.6716
36.6739
36.6763
36.6786
36.681
36.6723
36.6747
36.677
36.6794
36.6817
36.684
36.6754
36.6777
36.6801
36.6714
36.6628
36.6651
36.6674
36.6588
36.6611
36.6525
36.6438
36.6352
36.6375
36.6399
36.6312
36.6335
36.6249
36.6272
36.6296
36.6209
36.6233
36.6256
36.617
36.6084
36.5997
36.6021
36.6044
36.6068
36.6091
36.6005
36.6028
36.6052
36.6075
36.6099
36.6122
36.6146
36.6169
36.6193
36.6216
36.624
36.6153
36.6067
36.5981
36.6004
36.6028
36.5941
36.5855
36.5879
36.5902
36.5816
36.5839
36.5753
36.5667
36.558
36.5494
36.5408
36.5432
36.5345
36.5369
36.5392
36.5416
36.544
36.5463
36.5487
36.551
36.5424
36.5338
36.5252
36.5275
36.5189
36.5213
36.5127
36.515
36.5064
36.5088
36.5111
36.5135
36.5158
36.5182
36.5205
36.5229
36.5143
36.5057
36.5081
36.5104
36.5128
36.5042
36.4956
36.4979
36.5003
36.5026
36.494
36.4854
36.4769
36.4792
36.4706
36.473
36.4644
36.4558
36.4472
36.4496
36.4519
36.4433
36.4348
36.4262
36.4176
36.409
36.4004
36.4028
36.4052
36.4075
36.3989
36.3904
36.3927
36.3951
36.3975
36.3889
36.3912
36.3936
36.396
36.3983
36.4007
36.3921
36.3945
36.3859
36.3774
36.3797
36.3711
36.3626
36.3649
36.3673
36.3587
36.3611
36.3635
36.3658
36.3573
36.3596
36.362
36.3644
36.3667
36.3582
36.3605
36.352
36.3544
36.3458
36.3373
36.3396
36.3311
36.3334
36.3358
36.3382
36.3405
36.3429
36.3344
36.3367
36.3391
36.3305
36.322
36.3135
36.3158
36.3073
36.3096
36.3011
36.3035
36.2949
36.2973
36.2997
36.2911
36.2935
36.2959
36.2873
36.2897
36.2921
36.2944
36.2859
36.2883
36.2907
36.293
36.2845
36.2869
36.2892
36.2916
36.2831
36.2854
36.2769
36.2793
36.2817
36.284
36.2755
36.267
36.2694
36.2717
36.2632
36.2547
36.2571
36.2594
36.2618
36.2533
36.2448
36.2363
36.2386
36.241
36.2434
36.2457
36.2481
36.2505
36.242
36.2335
36.2358
36.2273
36.2297
36.2321
36.2344
36.2368
36.2392
36.2307
36.2331
36.2354
36.2269
36.2184
36.2099
36.2014
36.2038
36.2062
36.1977
36.1892
36.1916
36.1939
36.1855
36.177
36.1793
36.1817
36.1841
36.1865
36.1888
36.1803
36.1827
36.1851
36.1766
36.179
36.1814
36.1837
36.1753
36.1668
36.1691
36.1607
36.1522
36.1546
36.1569
36.1593
36.1617
36.1641
36.1664
36.158
36.1495
36.141
36.1434
36.1349
36.1373
36.1397
36.1421
36.1444
36.1468
36.1492
36.1516
36.1539
36.1455
36.137
36.1394
36.1309
36.1333
36.1357
36.1381
36.1404
36.1428
36.1452
36.1476
36.1391
36.1415
36.133
36.1246
36.1161
36.1185
36.1209
36.1124
36.1148
36.1172
36.1087
36.1003
36.1026
36.0942
36.0858
36.0773
36.0797
36.0821
36.0736
36.076
36.0676
36.0591
36.0615
36.0639
36.0663
36.0578
36.0494
36.0518
36.0542
36.0565
36.0589
36.0505
36.0529
36.0444
36.036
36.0384
36.0299
36.0323
36.0239
36.0155
36.0179
36.0202
36.0226
36.025
36.0274
36.0298
36.0322
36.0237
36.0153
36.0177
36.0093
36.0009
36.0032
36.0056
36.008
35.9996
36.002
36.0044
35.9959
35.9983
36.0007
36.0031
36.0055
36.0079
36.0102
36.0018
35.9934
35.9958
35.9982
35.9898
35.9922
35.9838
35.9754
35.967
35.9693
35.9717
35.9633
35.9657
35.9573
35.9489
35.9513
35.9537
35.9561
35.9477
35.9393
35.9309
35.9333
35.9249
35.9273
35.9189
35.9213
35.9129
35.9153
35.9069
35.9093
35.9117
35.914
35.9057
35.908
35.8997
35.9021
35.8937
35.8961
35.8877
35.8901
35.8817
35.8841
35.8757
35.8781
35.8697
35.8721
35.8637
35.8554
35.8578
35.8494
35.841
35.8434
35.8458
35.8374
35.8291
35.8315
35.8338
35.8255
35.8279
35.8303
35.8327
35.835
35.8267
35.8291
35.8315
35.8231
35.8255
35.8279
35.8195
35.8219
35.8243
35.8267
35.8291
35.8315
35.8339
35.8363
35.8387
35.8411
35.8434
35.8351
35.8267
35.8184
35.81
35.8017
35.8041
35.8065
35.8089
35.8113
35.8029
35.8053
35.8077
35.8101
35.8125
35.8149
35.8173
35.8089
35.8113
35.803
35.8054
35.8078
35.8102
35.8126
35.815
35.8066
35.809
35.8114
35.8138
35.8055
35.8079
35.8102
35.8019
35.8043
35.8067
35.8091
35.8008
35.8032
35.8055
35.8079
35.7996
35.802
35.8044
35.8068
35.8092
35.8009
35.8032
35.8056
35.7973
35.7997
35.7914
35.7831
35.7855
35.7879
35.7795
35.7819
35.7843
35.776
35.7784
35.7701
35.7725
35.7749
35.7773
35.769
35.7607
35.7523
35.7547
35.7571
35.7595
35.7512
35.7536
35.7453
35.7477
35.7394
35.7418
35.7335
35.7359
35.7383
35.7407
35.7431
35.7455
35.7372
35.7289
35.7206
35.7123
35.704
35.7064
35.7088
35.7112
35.7136
35.7053
35.7077
35.7101
35.7018
35.7042
35.7066
35.709
35.7114
35.7138
35.7162
35.7186
35.7103
35.7127
35.7044
35.7068
35.7092
35.7009
35.6926
35.6843
35.6761
35.6785
35.6809
35.6833
35.675
35.6774
35.6798
35.6715
35.6632
35.6656
35.6574
35.6598
35.6515
35.6539
35.6563
35.6587
35.6504
35.6421
35.6445
35.6363
35.6387
35.6304
35.6222
35.6139
35.6056
35.608
35.5998
35.6022
35.6046
35.607
35.5987
35.6011
35.6035
35.6059
35.6083
35.6001
35.6025
35.6049
35.6073
35.6097
35.6121
35.6038
35.5956
35.598
35.5897
35.5815
35.5839
35.5863
35.5781
35.5805
35.5829
35.5746
35.577
35.5688
35.5605
35.5629
35.5653
35.5571
35.5595
35.5619
35.5643
35.5667
35.5691
35.5715
35.5739
35.5763
35.5681
35.5705
35.5623
35.5647
35.5564
35.5588
35.5506
35.553
35.5554
35.5578
35.5602
35.5626
35.5544
35.5568
35.5486
35.551
35.5534
35.5558
35.5476
35.55
35.5524
35.5548
35.5572
35.549
35.5407
35.5431
35.5455
35.5373
35.5397
35.5421
35.5445
35.5469
35.5493
35.5518
35.5542
35.5566
35.559
35.5614
35.5532
35.5556
35.558
35.5604
35.5522
35.5546
35.557
35.5594
35.5512
35.5429
35.5453
35.5477
35.5502
35.542
35.5337
35.5256
35.528
35.5198
35.5222
35.514
35.5058
35.5082
35.5106
35.513
35.5154
35.5178
35.5202
35.5226
35.5144
35.5168
35.5192
35.511
35.5028
35.4946
35.497
35.4889
35.4913
35.4937
35.4961
35.4985
35.4903
35.4927
35.4951
35.4869
35.4787
35.4811
35.473
35.4648
35.4672
35.4696
35.4614
35.4638
35.4557
35.4475
35.4499
35.4523
35.4441
35.436
35.4278
35.4302
35.4326
35.435
35.4374
35.4398
35.4422
35.4341
35.4365
35.4283
35.4307
35.4331
35.4355
35.4379
35.4298
35.4216
35.4134
35.4159
35.4077
35.4101
35.4125
35.4149
35.4173
35.4197
35.4221
35.4246
35.4164
35.4188
35.4107
35.4131
35.4155
35.4179
35.4203
35.4121
35.4145
35.417
35.4194
35.4218
35.4242
35.416
35.4184
35.4103
35.4021
35.4046
35.3964
35.3988
35.3907
35.3825
35.3849
35.3874
35.3898
35.3922
35.3946
35.3864
35.3783
35.3702
35.3726
35.375
35.3669
35.3587
35.3611
35.3635
35.366
