37.1244
37.1155
37.1179
37.109
37.1113
37.1025
37.0936
37.0848
37.0759
37.0782
37.0806
37.0717
37.0629
37.0652
37.0675
37.0587
37.0498
37.041
37.0433
37.0345
37.0368
37.028
37.0191
37.0214
37.0238
37.0149
37.0173
37.0084
36.9996
37.0019
36.9931
36.9954
36.9977
37.0001
37.0024
37.0047
37.007
36.9982
36.9894
36.9917
36.9829
36.9741
36.9764
36.9676
36.9699
36.9611
36.9634
36.9546
36.9458
36.9481
36.9505
36.9528
36.944
36.9463
36.9375
36.9398
36.931
36.9333
36.9357
36.938
36.9292
36.9204
36.9227
36.9139
36.9163
36.9075
36.9098
36.9121
36.9145
36.9168
36.908
36.9103
36.9127
36.915
36.9173
36.9197
36.922
36.9132
36.9155
36.9179
36.9091
36.9003
36.9026
36.8938
36.8962
36.8874
36.8897
36.892
36.8944
36.8967
36.8879
36.8903
36.8815
36.8838
36.8862
36.8774
36.8686
36.8709
36.8622
36.8645
36.8557
36.858
36.8493
36.8516
36.854
36.8563
36.8475
36.8499
36.8411
36.8434
36.8458
36.837
36.8282
36.8306
36.8218
36.8241
36.8265
36.8177
36.8201
36.8224
36.8247
36.816
36.8072
36.8096
36.8119
36.8142
36.8166
36.8189
36.8213
36.8125
36.8038
36.8061
36.7973
36.7997
36.802
36.7933
36.7956
36.798
36.8003
36.7915
36.7939
36.7962
36.7875
36.7787
36.7811
36.7834
36.7858
36.7881
36.7794
36.7817
36.773
36.7753
36.7777
36.78
36.7823
36.7736
36.7649
36.7672
36.7696
36.7608
36.7521
36.7544
36.7568
36.7481
36.7393
36.7417
36.733
36.7353
36.7266
36.7289
36.7313
36.7336
36.7249
36.7162
36.7185
36.7209
36.7122
36.7145
36.7168
36.7192
36.7215
36.7128
36.7152
36.7175
36.7088
36.7001
36.7024
36.6937
36.6961
36.6874
36.6897
36.6921
36.6944
36.6857
36.677
36.6683
36.6707
36.673
36.6754
36.6667
36.669
36.6714
36.6737
36.665
36.6674
36.6587
36.661
36.6523
36.6547
36.646
36.6483
36.6396
36.631
36.6223
36.6136
36.6159
36.6073
36.6096
36.6009
36.6033
36.6056
36.608
36.6103
36.6017
36.604
36.6064
36.6087
36.6111
36.6134
36.6158
36.6181
36.6094
36.6118
36.6142
36.6165
36.6189
36.6102
36.6125
36.6149
36.6172
36.6196
36.6219
36.6243
36.6156
36.607
36.5983
36.6006
36.592
36.5833
36.5857
36.577
36.5794
36.5707
36.5731
36.5754
36.5668
36.5581
36.5495
36.5408
36.5432
36.5345
36.5369
36.5392
36.5416
36.5439
36.5353
36.5377
36.54
36.5424
36.5447
36.5471
36.5494
36.5518
36.5541
36.5565
36.5479
36.5392
36.5416
36.5329
36.5353
36.5267
36.529
36.5204
36.5227
36.5141
36.5165
36.5188
36.5212
36.5235
36.5149
36.5173
36.5196
36.511
36.5024
36.4937
36.4851
36.4765
36.4679
36.4702
36.4726
36.475
36.4663
36.4577
36.4491
36.4515
36.4429
36.4452
36.4476
36.4499
36.4413
36.4437
36.446
36.4374
36.4398
36.4422
36.4445
36.4359
36.4383
36.4406
36.443
36.4454
36.4477
36.4501
36.4524
36.4548
36.4462
36.4376
36.4399
36.4423
36.4447
36.447
36.4494
36.4408
36.4432
36.4346
36.426
36.4174
36.4088
36.4002
36.4026
36.4049
36.3963
36.3987
36.4011
36.4034
36.4058
36.3972
36.3886
36.391
36.3824
36.3848
36.3871
36.3785
36.3809
36.3833
36.3856
36.388
36.3794
36.3818
36.3732
36.3756
36.367
36.3694
36.3717
36.3632
36.3655
36.357
36.3593
36.3508
36.3531
36.3446
36.336
36.3384
36.3298
36.3322
36.3345
36.326
36.3283
36.3307
36.3331
36.3354
36.3378
36.3292
36.3316
36.3231
36.3254
36.3278
36.3192
36.3107
36.3131
36.3154
36.3069
36.2983
36.3007
36.2921
36.2945
36.2969
36.2992
36.2907
36.2931
36.2845
36.2869
36.2784
36.2698
36.2722
36.2746
36.2769
36.2793
36.2817
36.2731
36.2755
36.2779
36.2693
36.2717
36.2632
36.2655
36.2679
36.2703
36.2726
36.2641
36.2556
36.258
36.2603
36.2518
36.2433
36.2457
36.248
36.2395
36.2419
36.2334
36.2357
36.2381
36.2405
36.2428
36.2452
36.2367
36.2282
36.2305
36.2329
36.2244
36.2268
36.2291
36.2206
36.2121
36.2145
36.2169
36.2192
36.2216
36.224
36.2155
36.2178
36.2202
36.2117
36.2141
36.2165
36.2188
36.2103
36.2127
36.2151
36.2174
36.2089
36.2004
36.2028
36.2052
36.2076
36.2099
36.2123
36.2038
36.1953
36.1868
36.1892
36.1916
36.1831
36.1746
36.177
36.1685
36.1709
36.1732
36.1647
36.1671
36.1695
36.161
36.1525
36.1549
36.1464
36.1488
36.1512
36.1535
36.1559
36.1474
36.1498
36.1522
36.1437
36.1352
36.1376
36.1291
36.1315
36.1339
36.1254
36.1278
36.1193
36.1109
36.1132
36.1048
36.0963
36.0878
36.0902
36.0818
36.0841
36.0865
36.0889
36.0804
36.072
36.0744
36.0659
36.0574
36.0598
36.0622
36.0646
36.0561
36.0585
36.0501
36.0524
36.0548
36.0464
36.0488
36.0511
36.0535
36.0559
36.0474
36.0498
36.0522
36.0546
36.057
36.0593
36.0617
36.0533
36.0557
36.0472
36.0496
36.0412
36.0327
36.0243
36.0267
36.0291
36.0314
36.023
36.0254
36.0278
36.0301
36.0217
36.0241
36.0265
36.0289
36.0204
36.0228
36.0252
36.0276
36.0299
36.0215
36.0239
36.0263
36.0287
36.0311
36.0226
36.0142
36.0058
36.0082
35.9997
36.0021
35.9937
35.9961
35.9985
35.9901
35.9816
35.984
35.9756
35.9672
35.9696
35.972
35.9744
35.9767
35.9791
35.9707
35.9731
35.9755
35.9779
35.9802
35.9826
35.9742
35.9658
35.9574
35.9598
35.9622
35.9538
35.9562
35.9478
35.9394
35.9418
35.9441
35.9465
35.9381
35.9297
35.9321
35.9345
35.9261
35.9177
35.9201
35.9117
35.9141
35.9057
35.8973
35.8997
35.9021
35.8937
35.8853
35.8769
35.8793
35.871
35.8626
35.8542
35.8458
35.8374
35.8398
35.8315
35.8338
35.8255
35.8279
35.8303
35.8326
35.835
35.8374
35.8291
35.8207
35.8123
35.8147
35.8171
35.8195
35.8111
35.8028
35.8052
35.7968
35.7992
35.7908
35.7825
35.7849
35.7873
35.7789
35.7813
35.7837
35.7753
35.7777
35.7801
35.7825
35.7742
35.7765
35.7789
35.7706
35.7622
35.7539
35.7455
35.7479
35.7503
35.7527
35.7551
35.7575
35.7599
35.7623
35.7647
35.7563
35.748
35.7504
35.7528
35.7552
35.7469
35.7492
35.7409
35.7433
35.7457
35.7374
35.7398
35.7314
35.7338
35.7362
35.7386
35.741
35.7327
35.7351
35.7267
35.7291
35.7208
35.7232
35.7149
35.7173
35.7197
35.7221
35.7137
35.7161
35.7185
35.7102
35.7126
35.715
35.7174
35.7198
35.7115
35.7139
35.7056
35.708
35.7103
35.702
35.6937
35.6961
35.6985
35.6902
35.6926
35.695
35.6867
35.6784
35.6808
35.6832
35.6749
35.6665
35.6582
35.6499
35.6523
35.644
35.6464
35.6488
35.6405
35.6429
35.6453
35.6477
35.6394
35.6311
35.6335
35.6252
35.6276
35.63
35.6324
35.6241
35.6265
35.6289
35.6206
35.623
35.6148
35.6172
35.6196
35.6113
35.6137
35.6161
35.6078
35.5995
35.6019
35.5936
35.596
35.5984
35.5901
35.5925
35.5843
35.5867
35.5784
35.5808
35.5725
35.5749
35.5773
35.5797
35.5714
35.5738
35.5762
35.5786
35.5811
35.5835
35.5859
35.5776
35.58
35.5824
35.5741
35.5658
35.5576
35.56
35.5624
35.5648
35.5672
35.5589
35.5613
35.5531
35.5448
35.5472
35.5496
35.552
35.5438
35.5462
35.5486
35.5403
35.5427
35.5345
35.5369
35.5286
35.5204
35.5121
35.5038
35.4956
35.498
35.4897
35.4815
35.4733
35.4757
35.4674
35.4592
35.4509
35.4427
35.4344
35.4369
35.4286
35.431
35.4228
35.4252
35.4276
35.4194
35.4218
35.4242
35.4266
35.429
35.4314
35.4338
35.4362
35.428
35.4304
35.4328
35.4246
35.4164
35.4188
35.4105
35.4023
35.4047
35.3965
35.3883
35.3907
35.3931
35.3955
35.3979
35.3897
35.3921
35.3839
35.3757
35.3781
35.3805
35.3829
35.3747
35.3771
35.3689
35.3713
35.3737
35.3655
35.3679
35.3597
35.3515
35.3539
35.3563
35.3587
35.3505
35.3529
35.3447
35.3472
35.3496
35.352
35.3544
35.3568
35.3592
35.3616
35.3534
35.3558
35.3476
35.3501
35.3525
35.3549
35.3467
35.3491
35.3515
35.3539
35.3457
35.3375
35.3293
35.3211
35.3236
35.326
35.3284
35.3308
35.3226
35.325
35.3274
35.3299
35.3217
35.3241
35.3265
35.3289
35.3313
35.3231
35.3256
35.3174
35.3198
35.3116
35.314
35.3058
35.3083
35.3001
35.2919
35.2943
35.2861
35.278
35.2698
35.2722
35.264
35.2664
35.2689
35.2713
35.2631
35.2655
35.2573
35.2598
35.2622
35.254
35.2458
35.2483
35.2507
35.2531
35.2449
35.2368
35.2392
35.2416
35.244
35.2359
35.2383
35.2301
35.222
35.2138
35.2056
35.2081
35.2105
35.2129
35.2048
35.1966
35.199
35.2014
35.2039
35.1957
35.1981
35.19
35.1818
35.1737
35.1761
35.1679
35.1704
35.1728
35.1752
35.1671
35.1589
35.1614
35.1532
35.1556
35.1581
35.1605
35.1523
35.1442
35.1466
35.149
35.1515
35.1539
35.1563
35.1587
35.1506
35.153
35.1554
35.1579
35.1603
35.1627
35.1546
35.1464
35.1383
35.1302
35.1326
35.135
35.1269
35.1188
35.1212
35.1131
35.1155
35.1074
35.1098
35.1122
35.1041
35.1065
35.0984
35.1008
35.1033
35.1057
35.1081
35.1105
35.1024
