1
2
3
1
4
1
5
1
1
6
2
5
8
3
3
4
2
6
4
4
1
3
2
3
4
1
4
9
1
8
4
3
1
3
2
6
1
6
1
3
1
1
1
1
12
3
1
3
1
1
4
1
6
1
5
1
2
1
3
3
11
8
1
139
8
2
8
5
1
2
2
2
2
3
1
1
2
1
1
1
52
2
46
2
2
3
3
1
5
1
6
1
6
1
1
1
6
1
20
10
4
8
1
1
1
2
1
2
249
1
2
5
6
1
4
3
1
1
612
2
3
3
1
6
1
3
1
2
1
24
2
1
5
4
1
1
2
1
1
1
3
1
1
20
5
60
1
1
37
6
3
28
1
1
2
1
31
1
3
3
1
2
58
1
11
1
31
1
8
1
11
2
2
3
1
4
1
4
37
1
2
1
2
82
1
2
6
11
5
1
1
1
7
54
2
27
1
2
1
24
3
3
1
2
1
1
220
1
14
2
89
1
2
4
1
5
2
1
2
2
3
2
1
5
1
4
2
1
15
2
2
3
10
2
1
1
1
1
1
1
9
2
67
1
1
1
9
5
2
1
3
1
60
1
3
1
1
3
1
9
2
18
1
3
1
1
3
3
2
1
3
1
5
4
2
1
1
3
1
6
2
39
1
3
4
1
2
1
1
2
1
1
4
3
1
1
4
2
3
1
4
1
1
1
1
1
5
123
1
84
3
1
2
1
3
7
3
1
1
1
8
1
7
1
1
1
11
1
1
2
1
1
5
1
1
1
3
1
1
2
2
1
7
24
5
4
1
1
1
2
2
1
1
95
1
3
1
2
1
6
2
1
1
6
1
1
1
3
1
16
131
6
4
1
9
4
3
196
1
2
3
4
2
1
1
729
2
6
4
2
1
1
5
2
4
1
1
2
1
7
6
1
2
10
164
3
1
2
1
1
34
1
1
2
2
1
1
10
4
15
1
2
1
1
2
4
1
3
1
7
1
42
1
3
1
2
4
6
2
1
2
1
28
3
1
5
3
1
1
1
3
2
4
4
11
1
1
3
2
10
6
2
1
1
26
3
2
1
1
1
1
2
26
2
3
1
66
6
1
8
2
1
4
1
10
3
1
1
2
1
1
1
24
4
1
2
23
4
8
1
41
1
4
1
1
25
1
4
1
4
6
23
1
5
2
23
1
4
3
1
1
5
16
1
8
2
1
11
2
2
1
1
10
3
58
4
1
34
1
1
1
19
1
1
1
1
1
1
1
1
1
1
7
3
3
1
11
1
16
1
6
5
19
7
2
4
2
2
7
4
1
3
1
1
1
3
1
1
3
396
8
1
1
10
6
2
8
23
5
2
1
17
2
2
15
1
1
1
20
1
3
6
1
1
3
1
1
1
4
2
26
1
2
12
2
8
1
15
2
3
54
3
2
22
1
1
3
1
2
1
92
1
1
1
4
1
3
4
4
1
1
1
1
1
12
2
1
18
1
5
9
1
1
5
3
1
1
1
9
2
1
4
1
2
1
12
1
1
15
1
1
1
3
1
6
2
2
2
12
21
1
3
1
15
3
4
4
6
1
10
1
1
1
1
1
5
2
4
25
2
3
1
2
2
2
3
9
71
14
2
1
1
1
2
4
1
1
2
343
1
1
137
1
1
1
1
1
6
3
1
139
5
12
2
2
268
4
9
1
1
1
3
1
1
3
7
1
1
5
1
247
1
34
1
12
2
1
1
2
1
69
1
2
3
2
1232
1
1
4
1
2
1
1
10
1
5
3
1
1
1
1
4
2
1
2
3
1
3
10
21
1
1
1
1
2
1
13
1
10
2
1
4
21
39
1
19
1
1
5
1
38
1
2
1
28
56
5
3
1
1
2
11
2
2
1
1
1
1
5
2
11
5
3
1
2
1
6
4
1
4
1
3
18
1
1
1
1
6
3
1
5
1
2
1
1
1
54
1
16
2
1
1
20
1
1
1
9
2
2
21
1
12
2
2
1
1
1
1
4
1
1
5
2
1
1
1
2
3
4
1
13
2
1
8
1
116
2
1
60
1
1
6
10
8
4
1
3
1
2
5
1
3
16
20
5
3502
1
1
7
8
1
4
1
1
2
7
4
1
33
1
1
1
12
1
11
3
2
1
11
2
41
5
1
1
2
17
1
1
1
2
7
2
2
2
2
1
1
1
1
1
15
2
28
2
3
1
3
13
4
1
1
1
3
72
1
13
8
1
2
1
2
2
3
1
6
1
1
3
1
164
1
2
4
4
3
15
7
2
39
2
4
14
4
21
1
440
7
15
1
6
1
8
1
3
2
21
3
4
1
6
1
1
7
1
18
1
1
1
15
1
1
1
8
1
1
2
2
2
7
1
2
2
1
10
26
4
1
1
1
1
6
1
2
7
2
3
3
1
1
1
1
1
2
2
5
9
2
6
1
18
1
11
2
168
1
4
5
3
1
1
2
1
2
1
2
7
2
14
4
1
3
6
2
3
2
1
1
1
2
26
1
4
4
5
1
1
1
1
1
1
1
1
1
2
1
1
1
5
1
8
61
1
1
5
1
3
6
8
6
2
1
1
47
1
120
38
2
4
1
12
1
3
1
12
5
1
2
2
1
2
6
1
1
2
1
10
5
10
1
2
2
3
1
1
1
8
1
10
2
1
1
3
1
8
7
1
5
1
1
2
3
2
3
13
4
4
9
1
2
8
1
56
3
1
1
1
1
2
5
6
1
16
1
1
1
1
1
1
2
3
2
1
2
9
1
2
1
1
1
9
8
3
2
7
2
1
37
2
1
4
2
1
3
10
1
2
1
4
32
5
1
16
1
3
1
14
1
3
1
3
3
1
2
3
1
2
1
1
1
3
4
3
6
1
1
4
1
1
1
2
6
3
3
5
10
4
1
1
1
5
1
1
1
2
2
1
2
1
1
32
1
4
1
21
2
3
4
4
1
1
2
4
1
3
1
2
4
5
1
1
4
13
12
1
1
1
1
1
15
3
1
8
2
1
2
1
8
36
3
1
6
1
1
3
1
1
9
8
5
2
9
3
3
7
1
10
1
11
1
19
1
13
1
1
4
2
3
1
2
1
2
1
8
1
6
2
18
5
6
14
10
1
1
1
9
1
4
5
1
2
1
1
15
24
2
12
179
4
4
1
1
1
12
1
17
30
1
67
6
1
8
5
2
1
1
2
1
30
1
4
2
6
5
5
1
16
27
1
12
1
1
1
5
1
148
3
1
3
14
1
1
2
66
1
69
1
2
1
6
3
4
16
3
1
3
6
1
1
4
1
5
3
12
1
6
1
1
55
1
5
1
2
1
2
1
1
4
3
1
3
1
10
1
16
1
148
2
2
3
9
1
4
4
4
1
2
1
1
3
26
3
2
7
4
16
1
2
1
9
9
1
7
1
5
2
1
4
3
1
1
32
1
9
45
1
10
1
8
1
3
19
26
2
1
4
1
18
1
3
1
11
1
8
1
3
1
1
13
2
2
1
3
3
28
1
1
1
10
1
24
1
1
1
1
1
7
1
2
14
1
3
4
1
216
25
21
3
18
2
3
1
8
9
1
1
2
13
1
129
2
2
4
1
1
4
4
22
3
1
2
35
1
35
18
1
3
2
15
1
33
4
1
8
1
5
2
3
2
1
32
1
7
4
2
1
2
8
1
1
2
1
3
2
2
20
1
2
1
2
2
1
1
1
3
3
1
1
1
3
2
3
4
1
1
8
25
3
1
3
2
1
2
2
1
6
1
2
2
14
3
9
1
9
2
1
1
2
1
4
58
1
21
1
2
2
3
1
2
20
1
22
1
1
1
2
2
6
3
5
25
4
2
3
1
1
2
1
1
1
8
4
1
2
9
4
1
1
105
1
2
1
3
1
6
4
1
1
1
1
1
7
1
1
3
9
1
14
9
3
1
3
4
3
5
7
4
7
1
4
1
3
3
5
1
1
1
8
5
1
6
1
210
2
2
1
1
3
2
99
4
1
10
1
7
1
1
6
1
27
1
7
1
7
3
6
1
2
8
1
2
1
7
5
2
3
1
23
1
10
1
6
2
1
4
7
3
1
6
1
1
1
2
1
1
12
10
2
1
5
3
2
2
2
1
1
1
1
3
1
3
3
1
3
1
1
2
1
1
1
2
1
1
1
3
1
11
1
7
3
5
1
21
1
2
1
49
11
1
2
2
2
14
1
2
1
1
1
18
2
1
1
3
2
2
5
1
1
12
1
2
4
3
2
1
2
1
1
3
2
1
13
2
62
1
24
2
1
1
1
1
956
1
5
1
20
1
3
1
20
2
1
1
110
3
1
2
6
2
1
24
1
2
1
1
1
3
1
2
5
2
1
3
1
3
1
14
3
1
1
3
1
2
1
1
2
1
14
1
3
1
1
6
1
28
2
3
1
1
1
1
6
1
1
13
1
5
2
4
1
1
1
98
1
1
1
2
2
7
1
7
2
1
1
1
5
2
11
6
3
1
1
1
1
1
4
2
2
2967
1
6
1
7
1
2
1
3
29
2
7
4
10
10
1
9
1
3
1
5
1
5
2
2
5
1
8
22
1
5
1
11
1
1
1
15
5
3
1
1
4
1
1
1
2
5
7
1
12
2
1
1
5
1
5
1
6
1
1
42
1
2
12
3
1
1
21
1
18
4
1
1
5
3
2
3
2
1
2
1
1
3
5
1
4
2
3
13
1
1
1
1
237
1
34
1
7
67
1337
1
3
2
265
2
1
1
2
5
1
1
3
2
1
9
15
1
1
1
3
3
7
2
10
1
5
5
1
6
1
8
4
13
2
4
11
3
3
5
2
6
1
209
2
1
2
3
1
1
1
2
2
1
2
15
1
3
1
1
3
2
2
1
6
1
1
2
1
1
1
1
1
1
1
2
1
1
2
2
3
1
2
13
3
1
2
6
13
1
2
2
3
1
1
3
19
1
45
1
1
7
1
20
2
1
4
8
6
6
5
6
1
1
3
1
3
1
3
1
1
1
1
3
3
82
3
3
4
4
1
5
2
1
2
580
10
1
1
1
4
3
1
4
1
5
1
3
16
1
18
1
1
1
2
31
2
1
13
1
1
23
1
4
2
1
1
7
2
4
3
3
3
1
5
1
1
1
1
10
1
1
2
2
1
17
7
1
19
2
1
1
1
3
1
2
1
1
1
1
15
1
16
3
2
2
72
1
1
1
1
1
1
1
2
1
10
3
2
19
6
5
3
4
1
3
6
1
2
1
1
3
13
15
3
6
1
3
4
21
24
3
4
25
9
11
3
7
25
1
2
1
17
1
1
5
1
1
3
2
2
4
1
3
3
3
3
2
7
3
12
11
1
9
1
1
1
1
3
3
3
1
1
1
1
2
5
1
1
1
8
1
1
8
16
2
1
4
1
1
1
2
1
1
1
1
293
3
7
6
1
1
9
29
1
9
1
1
1
1
9559
1
1
1
3
1
12
1
1
2
6
1
7
1
2
3
2
1
9
2
16
1
1
1
2
16
2
4
1
6
1
6
1
8
3
6
7
3
4
1
79
3
2
1
3
1
11
12
3
2
1
8
8
2
1
10
1
1
4
1
1
1
1
19
25
1
2
1
3
2
4
11
1
13
1
3
4
1
9
1
1
3
2
1
4
7
1
1
12
1
3
1
1
1
27
1
2
2
2
2
2
4
16
2
4
2
2
12
2
14
2
1
11
3
11
13
1
6
1
1
5
2
3
1
4
1
10
2
2
2
3
2
1
1
5
1
4
1
4
37
1
2
1
1
4
3
1
1
1
1
1
4
3
95
1
6
1
5
1
5
1
8
1
1
2
1
85
1
8
9
3
3
6
1
49
1
1
2
1
7
176
3
3
1
10
1
17
1
4
1
1
1
3
1
1
1
65
8
1
2
1
5
24
2
3
27
1
2
1
5
1
1
1
2
3
1
1
1
3
1
1
1
16
1
1
1
1
2
2
78
6
4
1
4
1
3
25
5
1
11
1
12
2
1
1
1
2
1
3
1
1
1
2
1
2
5
2
1
3
3
1
4
2
44
7
1
4
1
1
2
10
1
2
5
1
1
2
2
6
3
2
4
4
2
1
1
3
6
3
5
1
1
82
2
4
18
1
6
23
1
4
3
1
6
1
9
1
1
1
1
1
9
1
5
5
2
1
31
1
3
1
1
6
2
35
2
2
2
1
2
3
1
8
5
1
1
1
1
4
1
5
1
1
1
5
17
2388
2
1
4
1
2
1
3
2
3
3
1
1
1
1
8
1
1
1
1
1
4
4
1
4
8
1
4
1
12
3
1
469
1
5
2
1
35
1
6
1
7
15
23
1
1
1
1
2
11
1
1
2
2
4
1
2
1
2
1
1
1
13
1
1
62
1
1
3
20
1
4
1
6
1
31
2
1
37
1
9
5
1
4
2
1
1
2
1
1
2
1
1
183
1
14
1
1
1
1
1
9
1
3
1
4
6
3
1
1
1
1
4
1
3
1
1
2
1
3
2
1
3
9
3
14
4
1
17
6
1
11
1
2
3
6
32
1
27
1
1
1
1
1
61
2
4
3
6
9
2
1
2
9
2
1
6
1
4
5
1
8
1
6
7
1
28
1
6
1594
2
1
3
4
1
1
16
1
3
1
20
1
2
8
5
320
17
6
5
1
6
17
54
1
5
1
3
1
2
1
4
9
2
6
1
203
3
2
2
8
30
2
2
1
4
21
13
3
4
10
1
1
3
1
10
2
9
1
126
1
1
4
27
5
1
1
5
4
1
1
2
5
1
18
3
1
1
8
1
2
2
1
2
3
2
1
1
4
15
12
1
6
1
57
1
1
1
2
2
1
2
1
17
1
2
1
1
13
24
2
1
2
3
1
7
1
1
3
1
1
6
6
1
3
1
1
1
1
1
4
1
2
6
1
11
2
3
2
2
1
13
1
1
17
23
4
2
6
1
1
3
3
3
2
6
1
96
26
1
2
1
2
39
8
4
7
1
3
1
1
1
1
3
1
11
1
17
8
2
6
16
1
1
14
3
4
156
1
7
3
1
1
6
13
1
1
1
1
1
1
4
8
1
5
3
1
2
1
82
1
2
17
1
1
2
2
2
4
7
1
2
3
1
1
1
1
4
1
18
5
2
8
29
4
2
1
3757
3
1
10
1
1
1
5
1
2
1
7
2
3
7
1
3
2
1
1
1
11
2
98
1
4
2
1
1
5
3
1
13
1
1
3385
1
2
1
4
1
4
1
1
7
2
1
13
1
6
1
57
1
5
5
12
3
1
3
2
2
1
1
2
1
30
1
1
9
1
1
1
1
1
2
5
1
9
1
3
2
1
1
5
7
26
2
2
2
1
2
1
1
9
13
2
6
3
2
8
27
2
3
2
1
8
6
1
4
22
2
1
1
1
8
2
1
464
1
3
1
3
1
3
9
5
2
5
1
4
1
12
1
2
1
2
1
44
1
6
8
1
60
1
4
7
1
169
1
10
2
3
1
2
17
2
1
11
1
22
2
4
3
9
33
1
1
6
6
17
4
2
3
1
4
5
10
1
1
1
1
4
7
1
7
1
12
2
2
2
1
1
8
1
1
27
3
2
1
152
2
1
1
1
6
3
6
1
14
3
1
2
1
1
55
1
3
6
5
10
2
1
13
2
1
3
5
3
6
1
23
12
12
2
1
4
1
3
4
4
1
4
1
1
2
1
2
4
12
1
521
1
8
1
9
1
1
2
2
1
1
6
2
1
283
4
2
15
11
4
2
2
3
1
60029
11
1
9
6
6
16
4
1
3
2
17
1
3
1
12
2
2
4
1
1
4
2
5
1
3
1
1
1
2
13
1
5
2
1
2
10
14
12
1
14
23
1
14
3
4
8
1
13
1
8
2
3
4
1
5
2
1
26
6
2
4
1
1
5
2
1
1
1
1
6
1
144
2
3
75
6
2
2
1
1
1
7
1
1
4
1
4
3
123
1
24
1
7
2
11
4
1
8
1
1
1
3
1
1
5
1
1
7
3
4
1
1
1
2
2
1
266
1
2
2
2
2
1
2
2
7
4
2
3
1
2
1
16
5
2
1
3
68
2
1
2
3
1
15
4
1
22
3
17
1
3
1
3
1
1
4
1
16
1
12
2
1
10
1
2
1
4
1
5
1
2
4
1
15
2
166
3
11
1
3
3
2
1
13
1
1
17
2
2
1
1
1
38
19
1
3
4
4
1
4
15
1
14
3
1
1
7
5
4
1
5
27
7
9
1
2
1
1
1
1
3
1
1
5
1
10
1
1
9
1
1
3
2
1
2
3
3
1
2
1
1
1
1
1
1
6
1
2
1
3
1
1
1
2
5
1
3
1
1
1
2
1
1
1
5
1
1
9
4
4
1
15
2
2
6
1
135
1
1
1
3
1
1
2
3
12
2
1
1
1
1
1
1
2
3
2
8
14
1
37
1
1
1
13
86
20
1
2
8
1
2
1
98
291
1
22
5
1
2
4
6
1
1
5
3
1
1
1
2
2
1
955
2
7
2
1
2
3
1
1
2
1
3
2
8
2
11
23
2
2
18
2
4
1
6
1
2
1
1
1
2
23
1
1
3
1
2
2
2
2
1
4
19
2
28
1
1
2
3
4
17
20
12
15
169
1
1
2
2
2
2
6
1
2
1
131
6
3
4
1
1
1
4
1
1
1
10
2
1
4
1
2
7
15
2
1
1
1
1
1
2
1
1
2
29
36
288
3
1
10
1
6
1
1
1
1
1
1
3
6
2
4
1
1
1
1
1
1
8
164
1
238
4
1
2
1
1
1
1
2
1
21
2
7
1
1
66
1
1
72
2
2
8
1
2
1
2
2
468
3
4
1
1
2
2
1
8
128
2
132
1
3
5
8
2
1
2
2
1
1
2
1
1
1
1
1
2
7
2
1
1
1
2
6
9
1
1
6
615
1
15
1
2
9
1
10
7
1
2
33
1
1
60
3
5
1
26
3
2
1
1
7
1
1
10
3
2
10
9
1
1
10
2
1
2
9
3
3
26
9
4
2
1
3
2
2
1
1
1
4
2
3
1
139
1
11
3
1
11
2
1
4
1
1
3
1
7
3
6
1
1
7
1
2
1
3
1
2
2
1
1
1
1
1
4
85
69
4
2
106
5
2
9
1
139
2
4
2
3
2
1
2
17
2
2
3
3
1
1
1
31
1
10
1
2
1
2
7
4
2
3
1
1
3
2
3
7
263
1
5
1
1
3
1
4
21
3
15
1
2
2
5
1
1
4
2
1
3
4
4
1
2
2
2
5
1
1
7
1
32
1
3
1
4
5
2
10
1
2
1
6
1
1
1
1
2
3
3
1
5
2
1
2
33
1
1
1
1
12
4
1
24
4
12
1
3
2
4
4
1
3
16
2
1
1
2
4
16
1
76
1
2
2
1
123
3
2
1
1
3
1
59
1
4
33
4
1
2
8
6
1
5
11
3
1
11
2
7
18
1
6
6
1
3
3
1
5
1
3
2
1
1
219
1
5
2
1
1
8
2
10
1
1
1
1
2
5
2
5
1
4
6
7
1
2
1
1
1
9
1
1
5
17
3
2
1
8
1
6
3
1
1
2
3
837
1
6
1
5
1
2
1
14
1
1
4
1
3
1
5
2
1
1
9
2
6
8
2
6
3
1
29
1
2
3
13
1
2
2
1
1
1
2
1
47
1
9
1
28
9
11
1
2
1
2
2
1
2
12
6
3
6
1
2
1
1
1
1
1
2
2
1
1
1175
1
5
1
1
9
10
2
1
2
1
1
5
1
2
1
1
8
1
5
2
1
52
6
3
1
5
16
1
41
3
1
14
1
2
1
5
2
5
1
61
6
1
1
4
1
3
2
1
2
10
4
2
1
2
2
2
31
1
3
1
1
3
1
7
1
9
1
8
1
5
4
2
1
1
3
20
2
1
1
3
2
3
8
1
2
4
9
1
1
2
1
1
1
15
2
19
1
3
1
3
3
9
1
8
1
3
2
4
35
8
8
2
1
2
9
1
1
1
1
2
3
1
3
1
60
2
1
1
2
4
1
2
3
1
20
4
3
1
54
2
16
4
5
5
4
3
7
1
9
1
1
2
1
15
2
10
1
1
186
4
1
22
1
5
2
10
6
1
2
1
4
16
1
8
5
2
2
2
2
1
11
22
1
176
1
1
8
2
1
6
1
12
4
2
2
4
21
1
29
1
7
3
1
7
1
1
2
1
5
2
2
1
5
8
1
1
5
1
7
3
2
1
3
3
2
6
2
4
1
6
1
3
1
1
4
1
2
1
1
3
3
2
3
1
1
14
1
7
1
73
8
14
1
51
2
1
5
20
2
2
2
1
2
1
6
3
3
1
9
2
1
1
2
1
3
4
2
1
96
6
1
5
6
1
5
1
1
7
1
5
1
2
1
1
6
5
1
1
2
1
4
3
1
4
1
3
1
1
1
2
1
4
1
34
1
15
1
5
2
36
1
6
8
5
1
13
18
3
46
8
3
4
1
1
7
1
19
1
6
25
3
1
2
11
2
1
3
2
1
1
1
2
3
3
1
11
1
3
1
44
1
16
1
2
2
1
54
2
58
26
3
2
1
1
11
1
2
1
4
11
1
8
22
7
5
9
39
2
1
1
3
1
1
1
1
7
6
14
1
11
1
1
6
1
8
3
1
3
4
5
7
3
4
1
6
1
2
3
1
10
9
6
1
1
1
1
1
2
6
8
3
1
9
2
14
2
12
7
2
106
1
2
4
1
5
21
3
2
1
2
3
3
8
1
2
3
1
2
1
14
2
5
4
9
3
1
32
1
7
1
5
1
6
2
1
32
1
4
5
34
1
65
1
1
10
5
7
1
2
1
10
1
1
1
4
2
1
4
9
1
2
2
9
4
1
1
3
2
1
1
3
2
3
6
16
2
1
6
184
2
5
16
6
1
2
4
37
1
2
2
3
1
10
1
1
3
1
4
3
1
1
1
1
2
1
2
58
10
1
2
5
193
1
1
1
2
2
2
3
14
1
3
1
3
12
1
2
1
8
4
1
4
324
2
3
1
1
6
1
2
3
12
1
1
1
4
2
1
1
1
4
3
1
1
2
5
2
1
1
1
27
1
7
18
1
1
13
19
7
6
1
1
3
1
1
2
1
4
1
1
2
10
1
6
100
2
12
1
2
2
2
2
1
1
1
33
1
14
1
1
1
9
1
1
6
1
2
15
1
4
222
1
2
59
1
1
1
1
14
2
1
1
7
1
11
1
975
1
1
2
1
1
6
1
1
38
1
8
1
196
5
3
1
13
2
3
7
106
2
1
1
2
1
81
3
1
4
1
1
4
1
5
1
1
8
1
13
2
27
2
2
6
1
3
49
1
2
9
1
68
1
1
1
20
1
2
1
31
1
1
6
4
4
1
8
29
1
3
1
1
1
1
7
8
2
6
2
3
1
2
4
28
1
2
2
11
6
2
174
6
11
1
2
1
1
1
3
1
1
2
1
2
7
1
59
1
3
2
1
2
6
1
21
1
2
1
2
11
2
1
1
14
1
1
2
5
1
1
2
2
5
1
2
2
2
1
1
2
2
6
1
1
1
2
3
1
1
3
1
4
1
16
1
29
3
2
1
25
1
36
1
1
4
1
1
2
6
1
20
2
5
2
2
6
2
1
3
1
1
1
1
3
1
1
1
1
3
1
6
5
4
3
2
2
10
33
2
7
1
1
1
4
1
2
8
1
8
2
4
16
1
23
2
1
7
2
7
22
11
1
1
2
1
1
27
6
2
5
1
13
3
1
4
1
1
1
32
3
2
1
2
3
2
1
1
1
9
7
1
7
2
4
1
5
14
2
1
44
1
3
9
17
5
4
2
2
1
2
1
2
98
1
4
1
1
6
4
3
1
2
7
1
5
3
1
2
10
8
2
1
18
4
2
1
13
1
4
1
1
3
1
1
1
1
1
4
2
2
1
1
1
1
1
2
2
84
57
3
3
7
10
5
1
5
3
2
1
2
2
7
2
1
1
1
1
1
1
11
1
2
1
3
1
1
1
7
1
3
1
1
7
1
3
1
1
1
8
1
3
7
21
5
33
3
1
6
4
2
2
17
11
30
3
6
65
4
1
1
2
1
5
9
18
10
8
21
4
1
1
3
1
1
11
3
1
5
7
1
2
4
1
31
1
6
7
15
1
1
1
6
1
3
1
12
3
1
4
6
1
2
6
2
15
1
49
1
6
3
1
1
1
1
32
2
1
8
1
1
1
1
13
16
2
1
3
1
13
1
7
1
15
5
2290
1
1
3
1
4
4
2
14
9
1
14
10
1
3
2
1
1
1
89
1
1
6
3
1
22
20
1
23
4
1
2
4
2
2
1
41
1
1
1
706
1
15
1
1
1
1
3
1
1
1
2
2
10
8
1
2
11
14
5
1
17
84
135
80
2
6
2
3
1
2
3
1
33
1
2
1
1
60
4
1
21
1
1
3
1
5
6
1
7
2
5
6
4
1
6
4
59
3
16
7
5
1
1
2
2
2
1
13
1
4
1
1
3
1
1
14
5
4
1
1
2
3
15
1
7
1
1
2
1
8
58
12
1
10
2
4
5
2
1
3
17
2
2
1
11
12
1
2
4
24
16
3
1
2
3
1
2
1
1
42
1
3
2
2
1
1
1
1
2
5
1
1
2
18
1
36
1
1
1
2
10
1
4
1
8
3
8
1
1
3
17
1
2
1
1
16
1
3
1
1
1
1
3
147
1
11
2
15
2
3
2
8
1
2
64
3
9
1
55
1
3
3
4
2
1
3
1
1
4
1
14
2
2
7
1
1
2
1
1
6
1
72
2
4
1
3
52
1
3
16
1
1
2
2
1
5
1
60
4
1
2
1
21
2
1
4
1
2
1
1
1
1
1
19
18
1
46
2
807
4
1
1
1
5
1
1
1
4
1
1
1
5
1
3
1
1
1
2
2
4
1
2
2
19
1
14
1
2
45
7
1
2
2
2
2
51
2
2
1
2
1
4
2
3
1
1
1
6
1
61
2
6
1
2
26
2
1
1
1
23
1
16
2
1
1
4
1
6
1
2
1
1
4
4
1
1
1
1
20
1
6
1
3
2
1
1
5
1
135
4
12
1
1
39
1
1
4
1
19
3
1
1
2
3
3
1
3
3
7
3
4
1
63
56
9
1
3
4
128
1
2
17
1
8
1
8
3
1
3
1
1
9
1
1
1
1
5
1
97
6
2
2
15
1
1
5
1
1
5
5
3
27
1
6
5
81
1
14
1
1
3
2
3
1
21
1
2
2
1
1
1
2
4
3
1
1
1
1
2
3
1
1
1
2
1
17
1
2
2
2
4
5
3
1
1
1
1
3
14
1
2
1
14
52
1
5
2
6
4
1
1
1
5
1
1
2
1
1
1
4
4
16
1
2
1
1
1
1
147
1
3
3
2
3
1
1
10
1
1017
1
11
2
1
2
2
1
1
1
1
1
4
15
1
2
3
1
1
1
1
6
10
5
1
1
1
22
4
7
7
4
1
3
2
1
2
4
1
1
1
3
1
1
12
1
1
4
17
1
1
104
3
1
6
27
3
1
7
27
3
1
1
14
3
2
2
1
44
4
2
1
1
4
6
2
1
9
1
2
1
7
4
1
4
1
1
36
1
1
2
3
1
2
1
5
1
1
3
8
1
2
1
2
1
1
1
1
5
1
5
10
4
43
3
1
1
14
1
1
1
9
7
1
20
1
3
3
41
2
5
2
4
2
1
15
1
3
1
5
6
2
13
1
4
2
1
1
37
7
3
1
1
90
1
2
1
3
1
3
1
2
2
3
1
1
1
1
1
22
1
1
2
3
2
1
2
6
9
7
1
16
2
2
2
1
1
1
1
1
7
4
1
1
24
2
1
10
8
1
76
2
1
2
1
5
4
16
1
31
2
2
4
4
2
1
8
1
4
1
3
4
4
2
1
1
1
1
1
1
2
1
1
1
1
2
2
22
2
1
1
2
3
24
2
11
1
6
1
8
3
5
2
1
2
1
10
4
2
1
26
6
31
1
1
11
1
3
3
8
1
2
28
1
5
2
3
1
1
1
2
7
3
3
1
15
1
1
2
1
1
1
20
2
1
14
1
34
1
1
27
1
3
4
6
2
1
5
3
12
1
2
4
2
6
1
1
31
2
1
8
3
2
8
23
6
2
176
4
1
4
11
1
1
1
1
2
5
4
1
4
1
26
2
4
1
906
6
1
2
2
8
1
2
1
1
3
2
1
3
6
1
4
8
2
5
1
32
3
1
2
3
3
3
6
1
7
1
6
10
3
4
3
1
28
1
1
3
1
1
2
1
1
55
1
2
9
6
1
8
4
3
28
2
5
1
1
1
1
3
2
1
5
26
1
4
6
1
17
3
19
2
1
3
1
2
94
1
15
1
1
11
2
29
183
3
8
4
4
1
4
1
2
1
4
6
1
15
2
1
4
58
11
1
1
4
8
2
101
3
20
2
4
1345
1
10
7
1
2
1
2
3
5
1
1
2
4
1
37
1
1
1
8
4
4
6
1
1536
37
1
1
1
20
4
4
3
3
8
1
8
1
5
2
12
19
2
1
1
2
1
1
2
4
5
1
1
1
1
1
4
5
4
2
8
1
6
1
1
3
5
1
3
1
1
4
1
18
1
4
1
5
1
1
33
1
3
5
1
3
4
4
1
4
3
34
1
1
2
3
1
3
2
3
4
1
13
2
1
1
1
2
1
1
2
1
1
1
3
6
1
1
6
1
9
1
9
1
2
2
4
3
2
1
1
49
1
2
1
7
17
1
2
4
1
47
2
1
8
1
2
1
8
1
1
15
1
2
1
26
1
2
1
1
1
2
8
3
1
2
1
5
1
46
1
1
1
8
2
11
1
1
1
1
1
5
6
1
5
49
1
728
8
1
5
1
2
2
7
2
2
1
1
17
9
1
2
16
2
3
16
1
1
1
1
3
1
20
3
1
1
18
5
9
2
4
1
1
4
1
2
1
3
7
1
1
22
1
1
1
32
1
1
10
1
1
1
5
5
2
3
1
1
16
3
5
1
1
2
17
3
1
2
1
2
1
5
1
1
7
2
1
1
47
2
1
1
1
2
1
8
1
1
2
2
9
1
4
2
144
2
1
1
1
2
3
1
1
2
9
3
1
5
1
1
2
25
1
5
6
1
1
2
2
8
13
2
1
1
95
1
7
1
1
1
5
2
1
5
27
1
83
3
1
1
3
2
39
1
1
19
11
3
10
15
4
2
22
1
1
17
2
1
1
2
1
11
18
3
2
1
2
1
8
2
1
1193
1
2
2
1
1
16
1
1
1
1
1
2
4
6
8
8
1
3
6
24
1
8
4
2
9
3
1
3
1
16
6
3
1
1
1
1
1
26
4
6
2
72
1
1
1
1
5
161
6
11
2
5
6
6
1
3
6
2
1
1
1
1
2
8
1
2
2
1
1
6
1
1
1
4
1
1
98
3
3
2
5
1
10
1
3
7
1
1
4
1
4
34
1
2
1
1
158
1
16
3
2
4
1
239
1
6
9
8
26
3
1
22
5
1
1
6
1
4
1
10
1
25
2
1
1
1
1
1
7
1
7
7
1
4
1
1
28
1
1
2
4
1
1
1
5
2
3
1
1
1
1
1
71
2
47
16
1
2
10
6
1
1
1
1
1
39
2
20
2
2
3
1
3
1
8
1
1
11
1
9
1
5
1
8
3
1
1
1
2
4
4
1
48
1
2
2
11
3
7
4
2
2
1
7
1
6
3
4
14
1
2
7
1
9
2
70
1
2
3
1
9
8
4
1
2
1
5
1
1
1
1
1
2
1
2
5
1
2
7
1
1
5
2
1
2
3
2
1
1
1
3
16
1
1
1
1
2
1
1
1
2
1
1
1
1
102
4
3
487
1
26
6
1
1
1
3
3
1
30
1
12
1
5
4
2
7
1
18
5
1
1
1
3
1
22
5
1
1
7
11
1
17
1
29
1
6
1
1
1
2
1
1
1
7
1
1
1
16
2
28
1
1
1
5
415
3
2
11
8
1
2
3
10
6
194
1
3
2
1
2
1
1
1
46
1
2
1
2
5
1
25
5
1
5
3
1
3
1
2
1
5
1
4
1
1
8
1
2
1
13
1
2
2
5
2
1
4
2
1
3
2
1
6
8
1
4
2
2
10
2
1
45
6
17
1
3
10
231
3
2
2
45
3
1
1
7
1
1
1
1
3
1
1
6
4
1
1
1
1
2
35
1
55
9
1
6
1
3
3
1
6
3
9
1
3
1
2
180
1
87
8
14
1
10
1
1
6
2
2
1
2
1
1
1
4
1
1
24
16
1
17
7
1
22
1
1
3
1
1
1
3
1
3
6
1
8
1
2
1
1
49
1
9
1
1
2
2
1
101
27
2
1
25
5
2
4
5
1
11
2
2
3
2
47
1
7
2
4
1
1
1
1
2
4
6
12
1
1
1
4
1
2
5
16
1
3
3
10
1
27
1
1
3
1
6
7
2
1
1
3
4
1
1
2
3
4
3
8
1
20
1
4
25
2
2
3
1
7
2
40
1
12
10
3
2
1
2
2
1
3
5
1
1
1
1
1
10
1
18
3
1
1
9
1
4
76
1
3
1
13
4
9
10
2
3
6
2
1
3
2
2
1
7
5
16
6
2
1
2
1
4
6
1
42
2
31
9
1
10
3
1
6
8
7
2
1
3
2
1
1
7
4
1
1
2
1
1
6
1
11
13
2
2
8
1
1
1
1
3
2
1
3
1
5
10
2
10
4
2
1
7
16
2
3
3
1
3
1
2
5
3
2
3
2
1
1
1
5
1
1
32
1
1
1
4
82
1
1
2
1
1
3
1
1
1
3
3
3
1
16
2
7
1
3
4
1
1
88
2
1
4
4
30
9
2
12
1
18
1
11
1
9
33
1
1
1
1
1
9
1
1
1
1
1
2
1
1
6
1
1
29
1
4
1
1
1
16
1
1
2
1
18
24
2
7
1
18734
1
2
1
1
1
310
1
3
411
1
2
2
1
1
1
2
1
1
1
1
8
2
1
4
1
5
2
11
10
9
10
1
8
1
34
1
6
7
2
19
1
8
1
1
3
1
1
2
1
6
1
15
1
11
1
2
2
4
2
2
1
1
2
1
2
21
99
2
61
7
2
1
1
433
1
5
7
1
63
1
1
1
1
1
2
1
2
53
13
2
2
29
2
3
2
2
1
1
4
4
3
1
27
10
2
1
2
1
1
2
1
3
3
1
1
1
1
1
1
4
1
1
25
1
5
1
1
84
4
2
1
5
3
1
1
1
5
3
4
37
45
1
1
2
35
1
4
1
5
1
7
5
1
1
60
1
1
2
1
4
1
2
155
47
1
2
1
1
1
4
1
15
28
1
35
1
14
11
6
3
1
1
1
5
1
2
5
1
6
1
7
9
8
3
2
1
5
1
10
1
1
1
2
2
1
6
1
1
10
23
1
182
2
1
50
1
5
1
1
1
1
1
2
1
1
3
2
5
21
2
3
1
1
1
3
1
103
13
1
2
1
2
3
5
1
4
5
1
11
1
1
3
1
1
2
1
1
1
73
1
1
1
2
1
3
2
2
2
1
2
650
2
22
2
2
13
1
5
2
1
1
7
1
4
3
1
7
1
1
1
22
2
1
10
1
1
7
8
1
3
8
7
2
2
50
1
34
1
73
1
6
3
2
1
7
1
11
1
3
1
7
2
8
1
2
2
1
1
2
1
2
1
8
1
1
1
1
2
3
1
3
6
1
8
1
2
2
8
1
1
1
317
3
1
1
7
9
1
6
1
3
11
2
13
1
2
1
4
1
2
1
2
1
6
10
4
1
1
2
11
3
1
5
3
4
1
1
1
6
58
2
18
2
1
1
3
2
9
8
5
7
3
4
1
2
12
1
1
1
1
4
2
5
4
3
2
4
9
1
2
1
1
3
1
1
1
2
6
2
2
13
1
6
2
2
1
1
3
1
1
1
1
1
9
3
3
531
1
48
1
1
1
1
1
1
3
2
2
3
3
2
3
1
1
1
4
13
2
26
4
1
1
1
2
1
2
3
1
10
7
3
3
5
2
55
1
8
1
4
1
2
13
1
3
4
1
2
1
2
1
1
1
2
1
1
1
1
1
4
3
3
2
2
10
2
1
1
2
1
6
5
1
5
5
10
1
2
1
8
1
2
1
6
5
7
10
2
10
1
1
1
4
1
1
2
1
1
2
1
1
3
1
1
55
1
1
5
1
6
11
12
5
1
7
6
3
1
2
151
21
1
3
2
2
1
2
2
7
3
4
6
2
1
19
5
26
34
1
3
1
63
3
1
7
1
1
1
14
1
1
1
71
1
1
1
1
1
2
1
6
1
1
1
3
19
1
49
5
2
8
1
17
3
2
2
5
1
2
2
1
4
1
1
1
53
16
6
1
2
1
2
1
1
1
11
1
1
4
15
2
3
3
3
5
1
3
3
1
3
1
2
7
2
6
1
1
25
1
1
7
3
1
11
2
13
4
16
79
4
2
1
1
1
2
2
1
2
3
5
28
6
1
3
7
3
7
290
4
1
1
6
1
5
2
2
7
1
3
2
1
3
20
1
5
10
51
1
1
1
1
2
3
1
7
1
2
5
2
4
3
1
1444
3
1
1
4
11
1
12
1
22
2
3
7
10
3
1
2
2
1
3
2
4
11
2
3
1
1
3
1
5
3
23
1
1
3
2
1
2
11
1
8
13
1
1
1
8
1
4
3
6
7
4
1
1
2
3
1
117
19
1
2
3
1
1
1
2
28
1
2
74
2
10
1
1
1
1
1
14
6
1
4
4
3
1
1
1
4
9
1
2
1
2
1
4
2
1
1
1
25
2
1
8
5
2
1
1
11
1
1
7
1
11
2
1
9
2
1
7
4
9
1
3
10
2
1
2
569
2
3
14
1
6
1
6
6
1
2
1
4
5
7
1
1
62
1
36
9
2
3
6
2
6
2
1
1
2
6
2
4
52
1
1
4
3
5
1
14
9
2
6
4
3
3
1
95
6
1
41
9
2
10
1
7
3
1
3
2
5
1
2
3
1
3
2
1
7
2
5
14
1
122
1
268
1
1
1
6
1
2
2
2
1
1
2
1
48
2
12
2
2
1
6
7
1
2
2
1
4
2
1
1
2
14
12
1
5
1
3
4
47
1
1
3
1
2
1
6
4
1
2
9
4
1
5
2
4
1
1
2
1
124
2
71
1
4
2
1
2
2
1
6
1
1
2
4
1
1
7
2
12
1
12
15
2
1
7
4
1
9
1
33
1
1
2
8
1
1
1
1
1
5
2
1
22
6
1
1
13
2
4
1
5
1
1
29
1
6
65
1
2
15
2
1
2
1
2
1
8
1
10
24
1
3
12
1
1
36
1
3
1
1
2
5
1
7
1
1
9
9
1
4
1
2
6
33
1
1
2
1
11
4
2
1
24
1
5
1
1
121
1
1
3
1
1
1
1
3
2
6
1
2
6
1
11
6
7
3
1
2
11
1
2
5
10
2
7
2
1
6
1
10
2
12
3
5
1
1
1
1
31
1
4
1
4
58
3
1
1
8
7
3
42
1
11
10
2
26
1
18
1
2
1
2
1
3
2
1
1
1
4
1
2
2
1
13
2
1
14
4
1
2
1
1
14
1
24
2
1
4
1
2
1
14
3
1
6
3
2
2
43
13
1
4
4
2
1
1
18
1
2
2
1
1
5
8
15
1
1
8
9
1
1
14
4
1
1
1
2
35
1
5
5
1
1
1
2
10
1
3
10
1
5
1
1
8
1
1
1
5
1
2
2
1
2
1
4
1
2
4
3
10
5
16
2
1
3
8
1
8
1
2
2
1
3
5
1
12
5
1
5
2
3
1
4
1
5
14
1
1
1
2
14
5
2
1
2
2
1
1
11
2
8
1
1
1
4
1
2
2
2
2
2
2
3
1
1
1
1
2
2
1
3
24
124
1
1
2
354
8
2
1
1
8
1
2
10
8
1
3
1
1
9
1
10
230
1
1
2
61
133
1
3
1
3
15
1
1
1
1
2
1
1
5
76
15
1
1
3
20
3
1
36
2
2
1
2
1
4
1
1
1
1
1
1
1
1
2
4
10
47
6
1
2
2
6
3
1
1
1
2
2
1
1
1
6
1
1
1
1
1
3
3
14
1
15
1
1
1
1
21
1
1
1
2
5
3
2
2
5
78
1
1
2
1
3
1
2
2
1
1
7
1
2
1
1
3
1
10
2
15
1
2
3
1
8
1
2
1
1
1
1
2
33
1
1
10
1
1
2
6
1
1
22
1
1
1
2
3
16
1
19
2
1
2
1
1
2
1
1
1
6
3
15
9
2
1
2
2
2
7
1
2
1
2
30
6
5
18
3
1
1
20
2
2
1
28
1
1
2
1
1
1
1
1
6
25
1
1
1
621
2
3
3
1
3
1
1
6
1
2
2
1
2
1
1
1
4
11
19
1
14
1
1
1
1
1
1
5
2
3
112
1
30
3
1
6
1
1
1
3
1
1
1
2
1
1
7
1
13
5
3
111
1
4
2
4
3
2
1
4
17
1
3
2
5
5
2
2
1
2
1
1
1
1
3
2
6
1
1
1
2
5
5
1
3
85
1
4
14
1
1
2
4
1
15
7
1
1
1
6
1
2
2
1
18
1
2
1
2
1
3
2
10
1
82
3
1
1
1
1
2
2
1
24
2
1
1
2
2
1
2
2
6
5
1
1
4
3
45
23
3
4
1
7
3
1
8
1
1
1
8
1
4
5
1
3
1
9
3
3
28
1
24
5
4
46
1
10
4
1
2
1
1
3
1
1
1
1
3
2
1
2
1
1
2
2
1
27
1
21
1
6
1
2
1
3
2
1
1
6
8
2
2
1
1
1
1
3
1
3
1
3
1
2
1
2
2
2
1
3
9
1
4
1
3
1
2
1
9
1
3
79
7
1
1
16
11
1
2
1
1
3
4
3
2
1
6
5
1
1
4
1
1
1
3
6
4
1
4
1
1
16
1
13
40
1
3
1
5
1
1
2
10
1
1
1
1
53
1
3
1
10
1
1
1
1
1
1
4
1
4
4
1
43
1
1
34
2
1
11
53
1
18
5
1
8
1
2
3
1
2
4
2
1
1
1
1
9
2
3
1
11
61
1
1
8
1
5
14
1
3
1
2
2
1
23
150
6
1
1
7
1
6
1
2
1
1
83
1
1
1
1
1
2
1
2
379
8
10
1
2
2
44
15
1
12
1
2
3
1
1
1
1
3
4
3
2
2
1
1
503
2
1
5
1
2
1
52
1
3
4
17
1
22
1
5
4
1
1
2
2
1
24
1
10
10
3
5
6
1
1
2
1
3
75
1204
2
1
1
3
1
1
15
1
1
2
1
6
1
5
5
5
4
19
1
11
2
2
3
1
6
1
1
2
3
1
3
2
16
26
2
1
2
1
3
4
1
1
45
1
9
4
4
3
2
2
2
2
7
53
1
5
4
4
2
1
7
3
1
239
2
1
6
4
1
8
2
20
2
2
2
4
5
1
1
7
2
1
9
5
3
1
2
4
2
34
1
1
1
12
3
1
44
2
2
7
11
1
10
2
2
8
6
1
1
1
1
67
1
1
2
1
3
3
1
1
2
2
1
1
1
2
8
1
1
1
4
3
3
2
24
1
2
1
1
1
3
1
3
1
2
1
15
1
1
4
1
1
1
3
2
269
1
6
1
2
2
1
6
4
8
4
1
6
9
1
9
1
188
1
1
1470
5
34
1
1
4
1
1
1
1
4
2
54
1
21
1
7
17
20
1
3
395
1
1
3
6
1
3
1
5
1
4
1
1
1
2
4
8
2
1
2
4
1
10
2
1
4
87
1
1
6
3
1
1
48
6
2
1
1
8
2
2
2
6
1
276
5
15
3
1
42
5
1
2
1
1
2
1
2
1
2
1
1
2
12
1
2
3
3
2
1
5
1
1
1
19
2
4
1
41
2
2
11
1
1
5
1
3
5
1
1
1
1
1
2
2
7
1
1
1
1
10
21
11
1
2
3
15
2
1
1
15
1
1
1
10
8
1
9
20
6
1
1
1
1
2
3
1
4
9
1
1
1
1
1
4
5
1
1
17
1
4
1
4
1
1
2
15
3
1
4
3
1
7
1
1
7
1
6
1
2
1
6
9
2
2
2
3
1
5
1
48
8
9
1
273
2
1
2
4
1
1
4
2
1
5
4
1
1
2
9
29
1
1
3
3
1
5
1
1
1
2
25
2
1
1
1
1
1
1
1
4
1
2
1
1
3
3
1
1
2
36
1
1
1289
1
2
1
1
3
1
1
1
5
8
2
7
574
5
278
2
13
4
1
4
1
21
9
1
2
2
2
8
2
1
1
31
2
1
1
15
3
1
1
10
25
1
4
6
1
2
4
60
33
1
85
1
1
8
1
14
1
2
1
7
32
5
29
1
3
53
4
107
1
1
1
2
4
1
1
3
1
18
2
5
1
1
15
4
1
1
7
11
2
1
19
4
