1
3
1
5
1
1
4
1
1
8
1
14
1
10
2
1
4
12
2
3
2
1
3
4
1
1
2
14
3
12
1
15
3
1
4
534
1
1
5
1
1
121
1
2
2
4
10
3
2
2
41
1
1
1
3
7
2
2
9
4
1
3
7
6
1
1
2
2
9
3
1
1
69
4
4
5
12
1
1
5
15
1
4
1
1
1
1
1
89
1
22
186
6
2
3
1
3
2
1
1
5
1
3
1
8
9
1
26
1
7
1
18
6
1
372
3
13
1
1
14
2
2
2
1
1
4
3
2
2
1
1
9
1
6
1
38
1
2
25
1
4
2
44
1
22
2
12
11
1
1
49
2
6
8
2
3
2
1
3
5
1
1
1
3
1
2
1
2
4
1
1
3
2
1
9
4
1
4
1
2
1
27
1
1
5
5
1
3
2
1
2
2
3
1
4
2
2
8
4
1
6
1
1
1
36
9
13
9
3
6
2
5
1
1
1
2
10
21
1
1
1
2
1
2
6
2
1
6
19
1
1
18
1
2
1
1
1
27
1
1
10
3
11
38
7
1
1
1
3
1
8
1
5
1
5
4
4
4
7
2
1
21
1
1
5
10
3
1
72
6
9
1
3
3
2
1
4
2
1
1
1
1
2
1
7
8
1
2
1
8
1
8
3
1
1
3
2
1
8
1
1
1
1
1
6
1
4
3
4
1
1
1
4
30
39
2
1
3
8
1
1
2
1
3
1
9
1
4
1
2
2
1
6
2
1
1
3
1
4
1
2
1
1
5
1
2
10
1
5
4
1
1
4
1
2
1
1
2
12
2
1
8
3
2
6
1
3
10
1
2
20
1
6
1
2
186
2
2
1
2
47
1
19
2
2
1
1
1
2
1
1
3
2
8
1
18
3
5
39
1
2
1
1
1
1
4
1
5
2
6
3
1
1
1
4
2
1
6
1
1
220
1
3
1
3
1
4
5
1
2
1
13
2
2
2
1
1
1
1
7
2
1
7
1
3
1
1
11
1
2
2
4
2
33
3
1
1
2
6
3
1
1
3
6
8
3
4
84
1
1
2
1
10
2
2
20
1
3
1
7
13
14
1
29
1
1
5
1
7
1
1
2
1
56
1
3
2
1
13
2
1
2
2
2
1
1
1
1
1
1
255
2
4
5
1
1
1
3
1
3
3
1
6
1
1
6
1
71
1
9
1
2
1
11
5
1
25
1
6
67
2
9
6
1
5
2
15
1
2
48
2
7
1
3
1
4
21
1
1
2
1
27
3
26
2
1
1
2
5
7
3
7451
2
29
4
3
8
17
3
8
2
3
1
1
1
5
113
1
3
4
1
4
1
1
13
1
34
1
2
7
1
3
3
7
1
3
1
1
4
2
69
1
3
12
34
1
2
151
1
4941
4
1
1
12
3
4
2
3
1
1
1
1
1
2
1
1
6
16
1
2
27
2
13
4
1
1
1
3
11
1
1
3
1
53
2
15
1
1
1
1
1
1
2
2
1
1
3
3
1
9
1
1
10
3
1
1
2
1
2
2
1
10
9
1
2
5
1
2
2
1
1
2
4
7
1
5
1
1
1
1
4
2
25
16
5
4
1
3
2
3
13
1
49
6
2
5
1
1
2
7
3
2
1
1
1
4
1
1
1
5
1
2
1
2
1
1
1
1
2
2
4
1
2
1
10
5
4
8
10
2
4
1
1
1
4
1
41
1
3
1
56
3
1
1
3
1
3
1
5
6
6
3
1
2
1
1
1
12
1
10
2
1
1
1
1
50
5
1
2
6
5
1
2
5
6
5
2
77
1
4
2
1
1
1
1
1
4
2
1
2
1
1
1
1
1
6
2
1
1
7
1
5
1
1
1
1
2
2
1
1
5
2
1
5
1
1
1
4
1
2
17
1
20
7
4
2
1
1
1
2
1
4
7
3
4
3
3
5
31
1
1
2
2
6
1
1
1
1
1
1
1
1
6
1
6
1
1
23
20
1
22
16
4
2
1
3
2
1
1
2
5
5
1
1
15
3
1
1
2
1
1
1
4
2
1
2
23
6
10
3
2
3
6
2
1
1
1
1
1
1
4
3
2
1
2
1
4
10
7
1
1
1
1
3
3
2
108
1
1
11
2
6
1
4
1
2
2
9
3
1
1
3
22
4
1
93
1
3
1
4
2
1
2
3
2
1
2
11
1
1
3
1
2
1
28
23
4
11
1
9
1
4
3
1
6
1
2
1
12
2
6
19
1
4
4
2
1
1
1
1
1
10
3
4
5
4
4
1
43
1
1
5
1
73
6
35
5
4
1
13
2
1
6
1
4
2
1
1
1
27
1
1
4
1
1
7
1
1
14
9
14
1
1
1
1
10
3
3
1
2
5
7
4
2
6
4
2
4
20
1
5
2
1
1
3
1
1
2
1
2
2
11
1
1
14
1
1
14
1
9
1
1
1
33
2
1
3
7
2
3
1
2
1
27
1
1
2
34
2
1
8
6
4
1
1
7
1
5
3
1
354
3
2
1
1
2
6
1
1
3
17
1
3
1
195
1
6
1
1
1
25
1
3
1
2
304
5
1
1
5
1
2
9
4
1
1
4
2
1
44
1
1
1
2
8
16
1
204
1
1
1
2
1
2
3
3
1
1
20
1
11
1
8
1
2
16
1
1
1
10
5
1
10
6
1
5
2
1
33
6
6
1
3
1
1
28
1
10
3
1
1
23
2
2
1
7
4
1
4
1
7
1
2
1
1
1
2
2
2
7
1
5
201
6
1
10
8
9
1
3
3
8
5
1
136
1
2
6
2
1
2
2
9
1
4
2
2
5
1
29
1
1
4
12
1
6
4
1
13
1
2
1
2
6
127
2
2
1
1
119
1
124
1
1
3
2
1
1
1
1
2
1
10
1
9
3
2
3
2
4
1
8
1
2
2
2
3
1
8
1
4
3
2
8
3
1
3
1
6
3
2
4
1
3
4
1
1
5
1
4
4
9
2
3
16
1
1
2
1
3
16
1
4
2
1
10
1
4
1
2
6
4
1
5
6
2
1
1
1
6
1
1
11
1
2
23
1
7
11
2
2
1
4
1
2
1
2
49
8
1
3
3
1
1
3
2
2
2
1
1
1
1
4
2
1
4
1
2
8
1
9
3
9
1
1
5
23
5
11
1
1
1
1
1
90
2
1
5
56
1
2
3
1
8
85
1
1
131
2
1
4
2
1
1
37
1
14
1
5
2
4
1
1
1
11
1
1
1
2
2
1
1
1
52
18
4
7
2
101
2
1
119
1
1
1
3
1
13
3
1
1
6
1
1
27
2
1
2
3
3
4
3
11
1
5
3
1
9
1
1
15
1
1
2
1
2
4
15
2
1
2
7
1
5
1
6
1
1
1
3
1
1
2
1
1
2
1
2
23
1
1
19
1
5
12
3
5
1
1
10
2
1
3
1
2
3
3
1
22
1
2
1
1
1
1
1
5
1
2
36
2
1
1
1
4
3
10
1
14
6
1
5
2
1
328
1
1
2
1
1
2
11
1
2
1
1
1
7
1
2
16
2
3
6
7
4
1
8
7
1
4
1
190
1
1
1
1
5
101
1
3
1
3
4
1
2
2
7
5
1
25
1
18
1
1
1
1
2
5
5
1
34
1
1
3
1
1
2
2
1
5
1
1
15
2
4
1
1
1
9
1
23
1
2
8
1
2
1
10
4
3
1
4
1
1
3
14
5
11
82
6
3
1
1
4
1
1
6
2
2
1
1
2
9
1
1
1
3
1
7
1
1
7
1
78
2
2
3
1
6
3
2
5
13
1
1
2
5
1
1
8
7
1
1
1
2
7
8
2
8
5
2
3
1
2
1
1
1
5
1
2
1
5
2
1
1
5
1
3
8
1
1
2
19
1
14
1
1
5
1
6
3
1
2
2
1
1
1
1
3
5
2
1
1
2
1
1
2
1
6
2
1
2
10
1
2
2
1
2
2
1
3
1
1
12
7
1
9
1
4
1
260
1
1
1
1
3
2
1
1
1
3
1
14
1
23
1
2
35
26
2
1
25
2
1
1
1
1
1
4
10
1
2
1
47
1
13
1
15
157
1
1
1
2
1
3
1
1
3
2
22
1
4
1
2
1
1
7
2
5
1
1
5
1
1
33
1
3
1
14
1
5
1
1
2
1
2
1
3
3
1
1
1
1
1
1
3
2
5
1
1
3
1
4
3
1
3
1
14
1
2
1
4
2
3
3
12
2
1
1
2
14
3
73
1
1
13
2
1
11
1
4
1
10
1
4
1
4
2
1
3
1
11
18
1
2
1
68
1
2
8
3
1
2
1
1
2
7
2
1
1
1
620
3
1
1
1
2
18
2
29
1
5
2
1
1
4
1
1
5
1
1
3
4
4
6
2
3
1
15
3
2
1
19
1
55
2
4
1
3
2
1
7
1
2
1
5
2
101
2
5
138
1
4
3
2
32
4
1
3
1
1
2
6
66
1
4
1
1
15
12737
3
2
1
2
1
2
2
2
1
7
1
3
3
4
1
1
1
1
1
2
1
2
2
1
2
1
18
2
2
2
2
2
5
1
5
2
7
1
5
1
117
2
5
4
4
5
3
1
6
2
3
22
8
2
1
2
13
5
2
37
2
1
9
1
1
14
1
2
3
2
3
1
1
4
1
27
1
5
6
3
4
3
1
6
1
33
2
4
1
3
1
4
2
3
8
2
1
1
1
1
1
1
6
3
3
1
6
10
1
14
3
1
1
2
28
2
1
1
1
2
1
1
2
2
49
1
3
2
2
1
1
1
1
1
5
3
2
2
3
5
1
2
1
1
1
9
6
1
1
12
1
1
1
1
6
2
1
1
39
1
2
1
1
4
1
2
1
4
41
1
1
3
1
1
2
1
6
3
2
11
1
1
1
5
1
1
7
1
2
1
8
5
14
2
4
1
45
1
1
4
1
3
1
3
1
2
1
5
1
10
5
1
1
4
1
1
1
24
22
1
1
17
2
1
2
2
1
1
1
4
7
62
4
7
1
4
4
2
2
7
7
8
1
1
16
8
7
1
13
3
3
1
3
1
4
2
2897
3
1
16
1
2
1
1
1
4
1
12
1
3
1
1
2
1
4
2078
1
1
56
1
3
1
1
5
1
103
1
20
5
1
1
28
1
7
1
4
5
1
3
3
3
4
15
1
3
2
9
34
1
1
1
3
2
1
1
4
1
2
2
3
3
4
4
1
2
1
1
1
1
1
6
1
3
7
6
1
1
1
13
4
1
2
1
6
1
1
2
1
1
2
3
9
1
1
1
2
34
5
3
15
1
1
3
1
30
36
9
2
1
3
1
3
1
1
1
3
1
1
33
2
3
2
24
3
8
1
1
2
1
7
4
3
1
3
1
3
1
7
2
9
1
23
2
2
105
1
2
1
59
1
6
4
1
2
3
12
3
1
1
2
1
9
1
31
1
2
13
1
223
2
72
1
2
1
3
3
1
1
5
1
1
7
1
1
3
4
1
1
3
7
3
2
10
1
4
2
1
1
4
62
1
1
41
1
2
1
2
1
1
2
662
15
4
3
1
1
12
1
1
1
4
9
2
1
1
44
1
4
3
2
1
4
25
4
4
1
6
1
1
2
1
1
1
103
1
15
1
4
72
3
1
2
1
2
1
11
3
1
1
1
2
1
2
7
18
1
1
1
2
5
4
55
3
1
3
495
1
5
5
1
1
4
2
1
1
2
1
2
1
2
4
2
3
1
1
1
4
1
2
1
2
19
1
2
2
2
4
5
215
3
1
9
5
3
1
1
5
1
6
12
4
16
1
16
1
1
2
2
3
24
2
1
135
2
4
2
1
1
3
2
4
8
1
7
1
9
1
1
10
8
3
11
2
1
2
3
1
6
1
1
5
3
6
1
1
12
4
1
1
3
2
1
2
3
1
1
1
1
15
9
1
1
1
1
1
1
8
2
4
79
12
3
1
4
1
3
24
3
1
17
1
1
24
1
3
3
28
7
1
9
1
1
6
5
2
1
3
1
1
1
1
53
3
3
7
2
3
7
421
1
25
5
2
5
1
1269
4
2
3
3
1
6
1
1
3
1
5
1
7
2
2
4
8
5
6
1
32
1
5
13
8
14
2
1
8
5
1
32
1
28
1
2
14
3
2
4
9
1
1
1
1
2
1
2
3
1
9
1
6
2
2
4
32
1
1
1
1
1
1
2
2
18
1
1
1
5
3
14
1
4
1
2
1
1
1
5
1
4
1
3
1
1
1
34
4
1
2
1
1
1
3
2
2
1
2
5
29
118
1
1
1
1
2
1
150
1
2
1
1
2
1
26
1
2
5
4
4
1
1
1
14
22
1
51
14
1
4
2
1
22
2
6
2
4
6
1
7
4
1
3
1
1
2
1
1
1
1
3
7
1
4
1
1
1
2
2
1
2
28
3
22
2
1
1
37
5
2
5
1
1
1
1
1
7
2
2
2
3
1
2
3
3
3
1
1
27
3
2
10
35
2
1
31
2
1
1
13
1
4
1
11
1
1
3
2
2
4
5
1
2
7
2
11
3
2
4
1
2
8
1
1
8
1
2
2
1
3
1
1
1
4
1
8
10
3
4
3
1
5
1
1
1
6
1
4
2
1
3
38
1
12
1
1
2
2
2
1
2
1
4
12
9
1
1
1
3
5
1
12
5
1
4
3
1
1
1
2
2
11
2
1
2
1
3
1
33
4
1
1
10
1
1
5
1
7
8
1
1
2
2
20
2
2
3
1
3
2
13
1
3
227
4
4
1
2
1
3
1
1
4
12
1
3
8
4
2
1
2
1
2
1
1
7
29
2
7
2
1
1
2
1
1
1
2
3
1
1
33
1
1
2
1
1
2
15
4
5
1
5
5
5
1
28
1
1
1
1
2
2
2
1
2
2
1
1
1
71
15
14
1
1
1
1
1
1
2
2
7
2
1
1
1
2
1
1
1
9
2
10
1
3
1
1
35
1
1
12
1
1
1
1
4
1
2
1
1
17
3
2
1
34
12
1
26
2
3
1
4
4
1
7
4
4
1
230
1
6
2
3
1
52
2
1
6
105
2
5
1
1
1
9
844
35
8
2
1
7
9
1
1
1
3
4
1
1
1
4
30
2
44
2
1
4
9
1
1
8
10
20
3
4
1
5
1
1
5
69
1
1
2
2
1
1
1
12
1
3
3
1
3
2
1
2
4
1
3
3
4
1
7
68
2
1
1
4
18
3
2
1
1
10
1
1
5
15
2
1
2
6
6
14
9
18
2
5
1
3
1
2
2
67
11
1
1
1
3
7
1
2
1
1
7
1
3
1
1
2
6
1
1
1
2
6
4
2
3
2
1
2
2
6
3
3
1
6
1
1
5
4
1
1
1
6
1
1
1
7
6
2
2
4
1
6
1
33
4
1
87
1
1
1
12
9
1
2
1
6
1
2
2
1
10
2
6
1
1
10
1
1
6
1
2
6
1
1
3
20
1
1
2
3
2
1
5
3
35
18
1
2
1
10
7
3
1
1
3
3
2
1
1
1
3
1
2
1
16
2
2
10
1
2
2
2
1
2
1
160
1
2
3
1
22
2
3
2
8
5
158
1
1
1
1
1
1
2
2
1
1
1
1
1
4
11
4
2
8
2
1
2
5
2
3
4
1
2
1
1
1
1
1
2
27
1
1
1
2
2
18
1
1
1
2
6
11
1
1
2
2
179
26
1
4
2
5
1
20
1
2
2
29
4
1
1
1
1
2
2
3
3
3
1
1
2
2
4
1
2
4
4
1
9
2
9
6
1
3
7
2
2
3
7
1
15
1
1
1
13
1
14
1
21
2
1
7
1
1
1
4
1
2
1
8
2
1
3
1
3
9
2
1
1
1
1
1
1
507
1
1
11
1
1
2
3
1
2
7
2
1
4
4
138
11
1
10
3
1
5
4
28
3
1
10
1
12
5
1
3
2
16
14
46
3
4
11
2
11
2
1
5
3
1
2
1
3
2
3
5
3
1
9
8
1
3
2
1
3
1
161
4
1
6
1
4
1
1
3
5
5
1
3
2
1
14
1
25
1
3
4
1
9
3
12
1
17
1
1
2
1
1
4
1
1
1
1
4
2
33
1
1
36
1
6
26
2
2
18
1
7
1
1
3
1
1
111
1
1
1
14
2
10
1
1
1
2
1
1
4
2
15
9
1
14
2
2
6
2
1
4
1
7
1
1
2
1
3
1
2
2
3
1
4
4
1
5
21
4
1
1
1
42
1
1
3
6
2
3
1
1
2
1
1
3
16
1
1
1
1
7
1
2
1
1
2
15
1
2
1
1
16
5
1
5
2
1
2
11
6
2
2
1
1
2
6
1
3
4
2
5
10
3
1
1
1
5
1
54
2
1
1
1
1
4
1
1
1
143
1
3
2
1
1
5
4
29
4
6
1
3
1
1
2
7
1
4
12
2
5
193
1
8
1
1
3
1
2
6
1
2
1
1
3
1
1
6
1
1
8
1
5
2
1
5
1
3
3
6
8
1
1
1
2
4
1
3
4
2
26
1
1
1
1
14
1
4
7
1
13
3
1
1
1
7
2
2
2
2
3
2
1
2
1
2
1
1
1
3
1
17
8
2
2
3
4
3
6
7
1
1
1
4
1
3
2
8
1
1
2
2
1
1
1
81
1
2
2
3
1
1
1
7
6
2
2
1
1
1
1
1013
3
1
1
2
5
1
3
3
1
14
3
1
2
4
2
3
1
1
1
1
1
3
2
5
1
9
1
28
2
6
1
1
4
2
4
1
1
2
1
5
1
1
1
1
3
6
1
3
58
3
4
34
1
6
3
5
92
20
3
2
1
2
1
2
6
3
1
18
1
2
3
3
1
4
3
1
19
1
20
3
9
1
2
5
1
9
2
1
5
1
1
1
27
22
1
9
1
277
1
1
16
1
1
1
2
2
1
4
1
190
21
1
2
1
3
1
1
6
1
1
2
4
7
81
6
9
1
2
24
4
2
1
1
1
1
5
1
2
5
3
1
8
1
1
3
1
2
2
6
5
1
19
1
1
29
7
11
2
1
3
3
3
1
1
4
8
1
5
5
6
1
1
16
1
4
1
2
1
1
1
1
1
4
2
3
1
4
2
2
1
5
1
1
11
1
1
41
4
2
1
7
2
2
7
1
7
1
7
20
7
1
1
3
1
1
4
2
1
4
31
20
2
1
15
2
2
1
7
1
1
1
10
1
1
1
3
7
35
4
1
1
2
21
6
5
8
1
5
2
1
17
1
5
3
64
1
253
9
2
1
1
2
3
1
3
2
1
2
2
4
4
1
4
1
10
1
1
1
1
1
2
4
3
2
2
3
1
5
2
11
1
35
6
2
1
1
2
4
2
2
1
1
1
1
2
1
6
1
1
2
8
2
2
5
1
2
3
14
13
1
6
2
1
6
4
19
1
32
7
1
1
2
1
1
1
3
1
3
12
1
2
40
1
1
2
1
5
2
3
1
1
1
4
2
4
14
1
1
9
1
19
36
1
13
1
1
9
1
186
1
6
1
3
2
1
27
1
16
1
5
1
8
6
3
280
1
1
2
1
2
4
26
3
1
1
4
2
2
4
3
1
3
1
2
3
13
2
3
145
1
42
1
3
5
2
2
1
1
18
1
77
1
1
1
8
4
7
1
4
1
1
4
1
15
4
1
6
1
2
1
16
189
12
2
1
1
1
3
1
2
194
2
3
1
44
7
3
1
1
4
8
2
1
2
2
1
1
6
2
69
21
5
2
1
1
1
1
1
14
3
7
1
3
1
1
4
1
2
4
7
1
11
39
9
1
3
2
10
2
1
3
2
1
11
4
66
2
2
331
1
3
1
1
1
12
5
8
7
2
3
11
1
1
5
1
3
1
6
1
1
1
8
6
2
17
4
1
1
5
57
4
4
14
7
1
1
1
4
2
2
2
134
1
3
2
1
10
1
3
1
15
20
1
1
22
1
2
1
1
1
1
26
4
1
1
17
1
3
3
1
40
2
1
4
1
8
3
4
1
2
1
1
2
1
1
2
11
1
3
1
1
8
1
11
5
9
6
1
14
25
1
1
4
1
452
3
25
1
4
307
4
7
6
9
2
4
2
1
1
5
11
8
2
1
7
3
275
3
3
7
1
15
4
2
5
1
1
1
1
1
5
1
1
18
1
2
1
3
6
1
1
2
7
1
1
15
18
4
1
1
1
30
2
2
6
3
1
2
2
4
3
1
1
1
1
2
10
1
6
1
1
4
1
7
2
3
1
3
1
3
1
1
14
4
3
2
1
4
1
2
5
3
1
2
6
4
1
23
1
1
3
1
2
78
2
1
1
7
1
3
1
50
105
2
1
1
7
4
1
1
3
3
2
54
1
3
7
14
6
2
2
1
4
14
1
3
1
6
1
4
1
8
2
4
7
5
1
3
1
1
1
2
3
2
19
1
1
7
4
2
4
1
9
4
2
3
15
24
3
2
35
1
1
1
1
2
38
1
1
4
1
1
4
509
1
3
1
9
1
58
1
5
3
6
1
6
1
15
4
2
2
1
3
1
7
1
14
1
3
2
21
1
15
4
1
21
1
339
1
4
20
1
37
1
1
1
1
5
1
4
1
4
1
4
2
1
1
1
1
6
2
1
1
1
1
3
1
8
3
1
1
1
2
5
3
7
2
1
24
1
8
1
2
10
8
1
62
1
12
9
3
32
1
3
10
1
2
2
1
1
1
8
6
4
11
4
2
1
15
1
1
1
4
7
3
1
23
4
21
20
4
2
2
1
4
1
3
3
3
1
48
1
1
2
4
14
2
2
2
5
5
4
1
1
1
5
1
1
1
1
1
3
1
15
3
1
14
1
1
1
1
5
1
1
12
16
1
1
1
3
7
20
3
1
5
1
2
1
1
3
2
41
25
2
1
65
1
3
45
1
1
1
4
12
1
55
1
2
1
29
1
1
1
2
10
1
2
2
1
4
1
12
1
2
1
10
2
3
1
23
3
2
1
1
1
13
1
1
6
2
2
11
2
1
35
7
1
27
11
1
2
1
2
122
8
2
1
1
78
1
2
2
1
1
70
2
27
1
22
4
4
1
1
2
4
2
1
13
1
45
3
4
1
3
3
1
1
26
1
2
1
1
1
3
1
5
2
15
1
1
1
2
3
208
3
3
1
2
2
6
1
115
1
2
12
11
11
13
1
1
3
1
10
1
10
1
5
26
7
1
1
1
1
1
1
7
4
1
1
1
5
8
1
4
59
1
1
2
1
10
2
14
1
2
1
12
1
3
1
5
1
5
1
1
2
1
1
2
18
2
1
10
2
2
1
1
2
1
1
1
2
57
3
1
4
1
11
2
3
4
2
1
10
2
1
1
46
1
5
1
1
2
1
2
3
5
8
1
1
1
59
1
1
6
2
1
2
2
3
41
1
22
1
1
1
4
1
5
1
1
14
6
3
1
10
1
18
1
4
1
40
1
71
1
1
4
1
3
1
5
1
49
1
1
30
3
1
3
2
35
1
2
2
4
1
95
27
7
6
3
7
3
9
3
1
5
2
1
5
1
4
1
8
1
3
4
1
1
1
3
7
3
3
1
22
1
7
8
1
1
32
2
5
10
1
5
19
2
1
1
2
1
3
14
1
2
1
3
1
9
1
4
2
4
4
1
3
1
1
1
2
12
1
93
1
1
1
8
2
1
19
2
1
5
1
1
1
2
1
13
1
3
2
1
28
28
1
3
8
1
3
4
1
3
1
1
5
1
4
3
3
1
5
3
1
1
5
3
2
3
22
1
4
1
1
5
1
1
3
3
11
13
1
7
3
2
11
2
4
1
2
2
1
4
3
10
2
1
3
1
4
106
2
3
2
1
2
1
1
1
4
3
29
1
4
1
3
1
2
1
5
2
10
1
19
3
1
1
2
3
1
3
3
1
5
1
1
1
6
1
1
22
4
2
1
2
1
1
1
2
339
1
3
2
10
8
1
1
3
1
1
1
5
2
1
19
1
64
4
4
1
18
3
1
2
3
1
14
3
1
1
2
37
1
5
5
1
1
8
1
2
1
1
1
1
1
3
2
1
3
2
2
1
1
3
1
31
1
15
2
4
2
10
3
2
1
5
4
1
6
1
2
3
4
3
1
1
1
7
2
1
1
1
1
3
3
5
28
2
1
2
3
3
1
10
2
1
4
1
3
10
1
3
1
5
1
1
59
117
15
1
10
1
4
1
1
2
7
1
4
23
14
5
1
6
1
1
2
1
13
1
6
1
1
1
14
2
2
4
5
1
4
1
32
1
3
3
5
1
214
1
19
1
2
1
7
3
4
1
1
36
1
1
1
1
1
4
11
1
6
5
1
6
2
4
1
2
2
2
1
1
3
2
2
1
1
7
1
3
1
1
1
17
28
2
1
4
48
1
1
3
1
3
1
2
1
1
1
1
1
2
4
5
1
1
3
11
2
11
3
1
6
1
1
10
1
1
1
1
2
6
3
2
1
1
1
2
4
1
3
1
3
4
1
2
4
1
1
2
1
1
3
3
3
6
13
16
3
1
3
1
14
1
2
9
1
12
1
11
1
6
3
1
1
1
2
2
22
2
6614
1
1
3
1
1
2
2
3
3
7
14
2
17
1
1
3
1
1
14
2
10
16
31
1
6
1
1
23
1
113
2
2
2
1
2
3
1
7
15
1
1
1
1
4
1
2
1
4
9
3
1
12
2
2
1
2
1
5
1
4
1
3
3
12
3
1
119
6
12
2
1
5
53
1
16
2
5
192
3
2
2
1
1
4
4
1
1
10
1
3
2
6
43
1
30
8
1
2
1
5
2
1
14
6
2
1
6
3
8
1
1
2
1
3
8
2
1
2
1
5
1
3
2
10
2
7
1
4
2
4
4
4
1
1
1
1
12
1
1
3
18
1
16
1
22
1
1
2
1
1
1
1
3
3
3
2
1
1
1
2
2
2
2
4
2
3
1
2
1
23
1
2
1
2
2
9
1
1
2
1
2
1
1
1
5
1
2
1
15
5
1
12
2
1
1
3
2
1
1
3
3
7
8
4
1
18
1
1
1
1
2
2
1
3
4
1
3
6
4
43
8
1
6
3
1
1
3
1
1
25
25
2
1
2
1
1
1
4
1
14
2
16
1
2
12
2
19
1
3
2
2
1
7
1
6
2
1
1
2
6
1
40
1
1
14
2
1
1
1
1
16
1
6
1
1
1
5
2
1
2
1
1
1
1
2
10
1
168
2
1
2
4
3
5
5
2
1
16
3
25
5
2
1
1
1
9
11
1
1
8
5
2
1
29
1
12
2
1
1
98
6
3
1
1
3
7
1
1
1
1
3
1
1
1
3
1
2
2
1
1
35
2
10
1
1
4
3
3
3
7
1
1
31
1
2
4
1
56
10
1
2
2
1
1
1
2
1
1
1
57
4
3
1
6
1
3
1
4
4
7
2
2
1
64
1
1
1
1
1
3
2
3
12
1
1
3
3
49
3
2
17
2
2
2
1
540
1
7
2
1
1
13
2
2
18
3
1
3
1
4
5
1
1
4
1
53
1
6
1
6
1
1
2
1
80
5
10
1
7
2
1
1
7
1
4
267
1
11
1
1
4
3
14
2
1
16
2
6
4
3
1
2
1
1
1
4
135
2
5
7
2
3
43
3
15
1
6
2
1
8
1
4
1
5
5
1
1
1
10
1
2
1
1
1
9
2
1
4
1
114
2
1
6
1
1
2
1
1
1
10
1
20
1
2
2
1
3
12
1
1
1
5
1
5
1
5
3
1
2
3
34
1
1
12
1
1
1
4
4
2
6
1
2
1
2
14
3
3
3
5
1
1
41
2
1
9
1
4
1
1
2
7
1
2
4
2
2
2
23
1
60
9
1
2
1
5
3
12
932
1
1
3
15
2
1
1
1
7
1
18
1
6
21
37
1
6
2
1
1
4
16
4
2
1
9
2
1
3
63
2
6
4
2
1
1
1
1
1
1
3
7
2
1
1
1
1
2
1
1
1
6
1
7
1
1
1
4
1
2
12
2
292
314
1
1
2
2
2
1
1
1
1
3
1
5
1118
2
1
2
1
2
1
1
26
2
23
1
1
26
3
1
2
7
14
1
1
2
6
9
1
1
1
2
4
2
1
1
1
6
3
5
1
3
3
1
1
7
1
9
1
26
2
16
1
1
8
1
26
7
5
1
4
1
2
1
1
1
5
5
1
1
2
4
1
5
1
3
2
1
1
1
1
1
1
3
1
2
2
1
1
1
82
1
4
1
3
5
1
1
1
25
1
2
217
2
1
24
3
1
1
7
5
1
1
17
1
3
2
1
2
2
3
1
1
7
16
1
1
1
2
1
2
1
1
12
2
21
1
1
2
1
23
1
2
4
1
9
2
1
2
1
5
18
1
5
3
1
1
1
3
1
3
1
6
20
2
1
3
1
2
16
20
1
7
1
1
2
1
1
4
1
1
3
6
7
2
2
1
25
1
12
7
1
1
3
1
4
2
1
1
3
60
1
5
4
6
1
2
10
3
1
2
1
15
1
2
1
1
2
2
2
40
2
1
2
1
4
2
4
1
2
163
3
1
19
1
12
1
1
1
1
2
5
52
2
1
13
11
2
1
1
9
17
2
4
5
1
7
1
2
2
1
2
5
4
2
4
10
1
1
5
2
5
2
6
2
1
447
1
3
2
6
1
1
1
3
1
4
18
1
4
4
10
3
45
1
2
1
4
4
2
2
1
3
4
4
1
4
8
2
1
2
1
4
2
1
2
1
1
2
2
5
2
4
4
1
27
5
11
2
5
1
88
2
122
298
1
1
8
1
5
1
4
4
7
1
1
3
10
4
1
2
7
2
5
1
1
1
5
2
7
1
6
6
1
3
7
1
1
4
1
32
1
3
7
2
2
1
1
8
1
1
2
3
2
1
1
1
15
1
15
1
3
9
6
1
1
1
1
1
14
1
2
1
1
2
15
2
6
1
3
1
2
3
1
1
1
5
1
4
3
1
4
1
4
1
10
2
3
2
2
2
1
1
3
2
3
133
1
1
2
7
2
10
2
1
4
1
1
1
1
7
2
1
1
1
4
1
2
10
6
1
1
69
1
1
3
1
3
1
1
1
14
9
1
3
2
2
1
3
1
1
2
5
1
15
1
2
1
1
13
2
1
9
27
1
26
4
2
1
10
3
1
1
1
5
1
1
1
9
3
3
21
1
1
7
2
2
3
4
6
1
4
1
2
1
24
1
1
1
9
2
4
4
1
8
4
4
50
118
2
1
1
3
2
1
4
1
7
2
2
1
1
2
2
92
18
3
1
8
1
5
1
27
1
1
3
2
2
3
2
5
4
78
1
3
1
1
2
1
1
2
11
1
1
1
2
1
2
2
2
2
1
33
1
5
2
8
1
43
4
2
2
3
6
2
2
1
79
1
1
32
15
5
1
5
1
2
2
3
1
18
1
3
2
76
1
5
2
1
1
6
8
1
4
2
1
2
2
1
1
1
2
81
1
3
17
3
2
7
7
1
3
1
1
1
2
12
2
2
9
2
5
1
1
2
1
1
1
2
2
4
1
1
15
1
2
2
1
7
2
12
12
3
2
1
33
1
4
1
1
17
2
1
1
1
1
49
1
3
2
1
3
3
1
5
1
29
2
2
1
3
3
4
7
1
1
1
8
1
3
1
1
2
2
3
16
16
1
5
3
9
3
4
2
2
11
2
16
1
1
5
375
1
1
5
4
2
4
3
1
1
2
2
1
1
2
1
6
1
1
1
3
3
3
11
1
1
7
1
142
1
5
2
1
5
5
3
4
22
1
1
8
1
2
2
33
4
4
2
20
35
5
1
2
1
2
10
1
2
2
21
2
1
1
1
4
3
3
1
2
1
5
5
3
1
2
15
1
4
47
1
7
5
8
2
1
7
1
8
2405
2
1
6
3
11
3
1
15
1
1
2
1
4
212
4
41
1
2
2
1
1
3
17
1
6
1
13
1
2
1
12
1
1
1
8
2
1
1
1
6
1
2
1
2
1
1
1
1
1
30
1
4
1
36
1
221
3
4
1
4
4
21
1
1
4
1
1
5
2
2
1
3
1
11
1
5
3
2
5
1
32
43
25
56
1
2
48
2
1
5
2
1
2
1
1
1
1
1
1
1
3
2
1
7
2
7
1
8
1
1
32
7
1
8
4
19
9
5
1
4
1
2
1
2
1
1
1
4
1
1
3
39
1
10
3
1
2
2
5
1
2
18
1
1
1
4
1
2
3
1
2
62
9
2
1
2
13
1
2
1
5
3
4
2
1
15
112
3
1
4
1
54
2
1
1
2
1
3
2
1
1
2
12
6
2
3
5
1
1
2
5
3
5
3
35
2
5
2
1
1
1
15
1
1
5
2
2
1
2
1
1
2
1
1
1
3
1
1
2
1
3
1
1
1
1
5
1
1
1
2
1
1
1
2
7
1
1
1
1
1
1
2
3
3
1
1
6
46
3
2
17
1
13
2
2
1
1
4
160
4
6
6
1
1
5
12
1
367
8
1
2
39
1
4
1
3
4
1
1
1
2
1
6
7
2
2
2
2
25
2
46
1
42
7
9
1
3
2
7
29
8
1
877
2
4
1
2
18
1
9
1
11
1
27
1
3
10
27
3
1
1
2
2
2
7
10
2
1
17
1
1
5
3
1
2
2
3
1
2
1
10
3
7
1
6
2
2
28
1
13
2
8
1
18
6
1
4
1
4
15
1
46
1
22
1
1
1
6
3
2
8
1
1
7
1
3
5
1
34
5
3
13
21
7
49
5
1
4
6
1
6
1
42
5
1
1
3
1
1
24
3
9
1
11
1
23
5
1
3
2
1
7
2
1
1
1
1
26
1
1
1
5
1
3
2
3
1
1
7
1
1
1
2
3
1
1
1
1
5
5
4
1
7
3
13
2
1
85
5
1
1
16
1
2
1
1
4
1
1
1
1
5
7
1
1
1
7
2
4
13
1
1
1
1
138
4
4
1
8
3
2
4
3
1
3
2
3
5
1
2
15
3
1
1
1
496
1
4
1
1
2
1
1
1
3
1
2
19
1
3
1
1
1
1
1
5
3
2
3
2
8
4
1
2
10
3
1
4
2
3
1
11
3
3
2
6
2
1
2
16
4
1
17
1
2
1
5
1
18
12
65
1
3
1
2
11
4
1
1
12
1
1
5
1
2
1
1
2
1
2
2
6
1
7
3
2
1
1
1
1
19
1
4
8
9
2
1
88
2
4
1745
2
12
7
2
2
3
35
1
56
11
1
1
17
1
12
5
1
1
1
8
1
11
1
1
4
2
3
79
1
2
1
2
1
10
1
1
1
2
17
6
1
3
1
12
1
1
5
5
1
7
2
2
1
1
10
1
1
2
1
2
9
2
1
1
2
1
4
4
2
19
1
1
2
1
6
8
4
3
1
3
1
7
1
1
1
9
4
1
1
8
6
1
1
1
1
1
14
37
1
4
1
6
3
3
3
3
3
1
1
2
45
1
8
1
2
10
1
1
11
1
1
4
11
1
1
1
2
3
13
1
50
1
1
2
2
2
1
2
1
12
2
18
1
8
2
2
1
5
5
1
191
6
1
4
4
1
1
4
1
2
3
1
1
9
13
1
1
6
2
11
1
1
51
4
2
4
10
3
1
7
3
11
1
1
6
2
15
1
1
8
1
2
33
13
17
1
15
1
23
1
1
1
5
1
1
2
2
46
1
2
1
3
16
178
1
3
4
1
3
1
31
2
1
2
1
70
1
65
1
1
38
5
3
1
1
5
1
1
1
2
4
1
2
3
1
1
1
22
184
1
1
5
2
2
34
7
2
1
79
4
1
1
1
2
1
1
1
1
5
2
4
1
16
1
2
3
19
1
3
1
50
4
1
1
1
1
1
1
5
1
4
2
3
1
1
1
3
3
1
3
1
2
4
2
1
1
1
1
1
1
1
1
1
8
1
3
1
2
23
4
1
2
2
1
42
8
1
1
10
1
1
1
4
1
13
1
4
1
2
1
1
1
2
14
1
4
2
3
3
2
1
1
23
1
3
1
1
4
1
2
1
5
3
4
4
6
1
2
3
7
1
1
5
4
2
4
1
3
3
6
1
1
2
2
41
2
3
12
2
7
3
1
3
2
1
6
1
2
1
1
11
1
8
1
1
1
1
1
2
1
18
1
1
4
4
1
4
2
1
1
6
3
1
2
1
23
22
1
27
1
4
4
1
6
1
4
3
1
1
5
1
1
1
1
1
1
2
14
1
82
4
10
5
1
28
6
1
1
1
1
5
2
1
627
8
38
2
1
1
1
1
1
1
3
34
2
3
4
5
2
2
2
2
5
4
1
3
3
4
1
5
7
3
7
8
10
4
2
1
3
1
2
125
2
4
2
1
1
1
2
10
3
9
10
2
1
2
1
1
2
3
1
6
1
3
28
7
2
1
1
6
2
1
3
1
32
1
8
3
75
5
1
3
4
1
7
1
1
3
3
5
2
1
1
1
2
1
2
1
1
2
1
1
1
6
4
1
1
27
1
2
1
2
3
1
1
107
1
5
11
2
6
2
10
2
1
1
1
1
3
3
2
2
1
7
2
17
1
1
2
1
5
2
1
3
5
2
1
5
2
1
5
1
4
1
5
20
1
1
1
1
1
1
1
25
4
10
3
3
12
9
1
325
1
60
2
4
1
2
1
1
2
1
9
1
2
3
4
1
3
1
2
1
23
2
1
2
1
2
14
11
1
13
1
2
2
5
1
4
1
1
1
1
73
11
3
14
1
1
32
10
2
8
4
1
1
1
1
1
1
3
1
4
3
1
2
3
3
38
35
2
1
8
3
3
1
4
5
1
9
2
9
5
1
1
1
6
1
2
5
1
31
2
1
3
1
2
6
1
3
3
1
65
1
1
1
4
1
7
2
7
1
12
2
1
1
3
2
1
16
111
2
6
1
4
1
2
5
2
10
15
1
5
1
1
4
1
3
1
1
2
1
4
94
3
5
1
1
1
1
64
7
1
1
7
6
1
1
1
1
9
6
1
1
1
1
1
2
10
2
4
6
3
1
3
3
1
1
4
1
1
3
2
1
3
1
10
42
3
4
2
7
1
1
1
1
1
6
1
2
1
1
2
1
31
1
5
3
7
1
5
5
1
2
2
2
1
4
2
1
2
1
4
1
8
1
2
4
4
1
1
1
19
3
1
25
1
3
5
1
1
2
117
1
2
1
1
1
5
1
1
1
43
3
1
6
3
2
1
1
4
1
1
9
1
1
1
2
3
279
2
3
1
33
5
2
3
2
3
46
1
12
1
3
5
1
1
2
1
8
6
7
2
1
1
7
1
7
1
2
1
8
3
4
1
1
1
7
2
2
1
1
3
1
1
1
1
1
6
1
22
1
1
2
4
11
1
3
2
1
24
8
1
29
3
2
5
2
7
1
1
1
1
1
45
1
3
2
2
2
6
1
8
15
1
3
8
2
1
4
2
3
3
1
7
1
2
1
16
4
6
1
2
3
2
1
3
1
9
1
1
1
2
2
2
2
1
2
228
8
1
51
2
2
1
26
2
1
1
3
1
5
1
1
8
1
4
1
19
1
6
1
1
5
31
1
3
1
4
1
5
2
2
3
2
1
5
2
1
4
1
1
21
2
2
1
2
1
2
6
4
8
3
1
21
2
3
5
1
9
1
2
5
1
5
291
4
12
143
1
1
1
2
5
16
2
1
1
1
12
2
1
2
3
8
2
3
165
1
3
4
1
6
1
2
3
1
3
2
7
1
1
1
3
1
1
1
1
1
1
1
1
1
249
5
1
9
13
2
2
2
8
1
23
25
1
1
5
3
1
1
1
11
1
1
5
1
2
1
4
6
4
14
1
24
1
7
1
3
2
5
13
2
1
4
84
1
1
20
1
3
2
2
2
7
2
6
1029
56
22
1
1
1
1
9
1
2
1
2
205
1
36
1
9
2
8
4
1
4
1
1
9
1
1
2
4
7
5
1
6
4
1
1
1
2
1
3
1
6
8
2
2
6
1
1
127
1
8
5
1
4
1
17
1
2
1
4
1
6
3
1
3
3
8
7
1
1
1
4
1
3
11
4
2
4
1
1
1
5
2
1
2
2
2
1
1
3
1
5
2
4
1
25
1
7
12
1
2
1
6
6
2
22
1
3
1
51
1
1
3
1
3
1
1
1
3
2
2
1
1
4
6
1
13
1
1
1
65
14
17
10
1
10
3
201
6
1
55
1
17
1
4
2
3
1
5
4
1
6
2
2
1
203
1
2
4
1
1
44
1
5
1
1
3
5
3
219
4
1
1
14
5
1
5
2
4
1
108
2
5
2
1
2
1
1
8
1
1
2
2
5
6
10
1
2
2
1
3
1
1
1
2
1
2
13
6
1
1
1
3
1
61
428
1
2
17
2
1
1
1
1
3
1
1
5
2
2
1
2
1
2
1
1
1
2
15
1
1
1
2
2
2
13
1
14
2
4
4
2
8
1
1
1
1
1
88
3
8
1
4
3
1
2
1
14
1
6
1
1
5
1
5
1
39
3
21
2
12
1
5
1
1
4
1
1
8
1
2
3
1
10
1
8
22
2
9
1
2
1
1
1
1
1
9
14
3
544
1
7
19
1
2
1
1
6
1
15
1
22
6
5
18
1
3
1
1
1
33
4
1
2
4
2
2
3
1
1
3
10
1
2
1
2
1
2
2
1
1
1
1
3
1
1
2
3
3
95
3
2
2
1
1
217
1
1
7
1
9
2
1
1
2
2
79
2
1
15
36
1
1
6
28
2
2
2
1
4
2
9
1
15
2
142
1
6
2
3
3
1
1
7
2
1
66
1
3
1
2
1
4
6
23
1
1
1
1
1
1
2
2
1
1
1
6
4
3
31
4
1
5
2
1
1
1
1
1
2
1
2
1
1
1
2
3
2
1
2
1
1
1
6
1
2
4
2
1
3
1
1
1
5
7
1
13
5
7
1
6
1
2
1
16
3
3
3
1
2
2
12
9
1
2
1
2
1
12
1
5
3
3
1
1
2
1
5
1
1
8
3
1
1
2
161
2
1
2
1
21
1
3
3
1
2
3
1
6
2
3
2
6
3
1
1
1
2
2
25
1
13
1
1
4
1
4
1
1
2
5
1
14
3
1
1
6
1
5
3
3
1
7
1
13
6
16
1
4
3
20
1
3
4
2
1
1
1
6
4
1
1
3
10
1
1
5
1
45
2
6
1
4
1
1
1
1
6
2
7
3
50
10
3
2
1
6
6
2
1
4
3
4
2
2
4
2
1
3
1
8
1
3
4
1
1
3
2
3
20
2
1
1
1
3
6
5
8
2
3
1
98
3
1
1
1
13
1
3
1
4
15
6
4
1
1
1
26
3
1
2
11
3
2
1
12
1
1
7
1
1
1
22
1
2
1
1
3
3
1
6
1
8
2
36
3
9
1
1
12
1
2
15
1
1
1
3
3
1
6
5
29
1
1
5
5
1
1
13
136
3
4
1
15
4
8
2
14
1
2
1
8
13
4
1
4
3
2
1
24
1
3
1
3
1
1
1
1
101
6
1
25
2
1
2
1
1
4
1
1
1
1
22
6
1
3
6
4
5
10
2
1
1
4
3
1
1
2
3
1
30
12
7
2
1
1
2
2
2
12
1
1
5
1
1
3
4
11
2
2
6
3
1
2
160
83
4
2
1
1
1
5
1
1
2
1
2
1
248
2
2
1
1
1
11
2
1
21
4
1
2
4
53
4
2
1
2
2
7
2
1
3
1
6
2
1
1
6
1
8
1
1
1
3
1
3
1
1
2
1
2
3
2
2
2
6
2
1
2
2
1
2142
2
2
1
2
1
7
55
1
4
1
3
45
3
1
1
3
1
7
1
2
1
2
3
3
1
1
5
2
8
1
9
1
14
34
1
5
46
1
9
7
1
3
1
1
3
17
2
7
1
2
2
2
1
1
1
1
2
3
20
1
1
1
2
1
1
3
2
1
63
5
5
3
2
1
3
8
2
2
1
4
1
1
85
7
4
1
27
3
1
2
1
2
17
3
15
1
1
2
2
3
5
1
5
13
1
20
29
2
8
2
2
3
2
2
1
8
1
3
1
5
1
1
2
4
5
9
3
12
3
11
1
1
1
43
5
3
2
1
1
1
2
1
3
1
1
1
1
1
3
2
1
5
1
1
195
1
4
3
2
23
7
2
1
2
2
11
3
4
1
1
1
2
1
2
7
5
1
11
2
1
2
2
1
7
1
23
1
5
6
1
4
6
15
7
1
31
1
15
1
2
1
1
17
28
4
1
2
4
1
3
1
17
1
2
39
2
7
1
1
1
1
6
4
1
2
2
2
33
3
1
1
1
1
1
13
2
1
2
1
1
14
1
1
1
4
1
1
5
2
3
3
1
1
8
1
6
11
1
9
1
4
4
46
1
1
1
79
2
1
16
1
4
18
1
1
108
7
1
2
1
1
10
1
5
1
2
1
12
1
1
4
1
1
76
1
1
6
50
4
2
