23
7
9
3
1
1
591
2
9
1
2
34
1
16
1
30
1
1
4
1
2
108
2
2
1
3
1
7
1
2
2
2
1
2
3
2
166
1
2
1
4
8
10
1
1
7
1
2
3
566
1
2
3
3
1
20
1
2
19
1
3
2
1
2
13
2
2
11
3
1
2
1
7
2
1
1
1
2
1
19
1
1
12
11
1
4
1
6
1
2
18
1
2
49
1
3
5
1
1
1
1
1
7
1
6
48
2
2
1
10
1
1
5
1
1
7
18
12
2
1
5
2
9
10
1
19
1
2
1
4
2
2
1
39
1
1
12
1
15
165
1
2
1
3
1
1
1
1
24
1
1
1
3
9
1
1
1
2
1
1
10
1
36
1
7
23
1
2
1
2
1
2
4
1
3
1
3
2
9
1
9
1
11
1
1
2
6
3
1
1
1
4
2
1
2
1
2
1
1
15
3
1
1
2
1
5
6
1
1
4
1
2
7
1
10
1
1
38
102
1
1
2
10
13
2
7
1
27
6
1
12
3
1
21
1
2
2
24
1
1
1
9
1
3
2
13
15
2
1
1
2
2
1
5
18
12
1
6
1
2
3
1
21
2
1
3
14
1
3
1
30
13
4
3
1
1
6
1
2
5
1
1
2
1
1
1
5
63
3
4
1
3
1
5
2
1
1
9
1
20
1
1
140
1
4
4
4
1
28
8
1
3
10
1
2
5
1
3
3
9
8
1
2
1
4
1
1
1
1
8
1
2
7
11
23
1
15
29
1
1
2
1
1
3
1
1
2
1
32
1
1
1
3
2
9
1
1
39
1
1
7
2
28
7
10
1
2
1
8
9
2
10
2
4
1
2
4
2
3
1
1
5
1
1
1
4
2
8
1
7
1
3
32
128
1
6
1
3
55
5
1
13
17
2
1
8
4
4
1
1
2
3
2
1
2
4
1
2
2
2
1
5
3
6
4
1
170
12
2
19
1
1
3
1
1
1
1
1
1
5
15
1
6
1
1
1
4
1
1
1
2
1
2
1
2
3
19
1
1
1
9
1
1
1
14
1
5
2
1
2
11
2
1
8
1
2
87
5
1
1
2
6
1
1
2
3
2
26
3
2
2
3
7
7
1
11
21
3
1
5
1
4
1
4
1
13
17
1
11
2
1
1
3
1
8
2
2
4
1
8
2
2
1
1
2
1
1
3
1
1
6
1
11
3
1
79
6
2
1
15
1
21
5
1
2
1
5
1
1460
4
2
92
1
2
1
1
5
1
4
1
3
16
11
2
103
11
2
1
1
3
4
2
1
1
5
6
6
2
1
1
19
19
1
15
1
12
1
64
58
1
2
51
1
34
1
1
55
35
17
1
29
7
2
1
2
1
8
1
3
2
1
1
4
2
1
9
9
4
7
4
3
2
1
9
1
2
17
3
1
1
1
32
1
3
16
1
1
1
1
1
7
1
1
1
2
2
5
1
1
1
2
1
2
3
3
4
9
2
2
10
12
1
16
2
1
5
1
87
2
1
4
1
8
70
2
1
7
4
5
1
3
7
4
4
1
4
1
2
1
2
7
5
1
43
4
2
11
1
1
6
1
1
9
2
2
3
2
2
4
1
1
1
2
1
2
1
1
4
23
1
2
5
3
4
2
8
1
38
1
2
1
2
16
6
1
1
13
2
1
1
1
1
8
1
1
1
3
1
12
1
8
1
4
8
4
1
3
2
2
2
6
2
1
3
1
1
53
2
1
1
1
1
1
8
14
1
8
1
1
38
1
1
1
61
1
1
2
2
1
3
10
25
1
5
3
1
3
3
2
1
1
1
1
6
2
4
2
5
1
7
3
1
1
3
1
2
4
9
1
4
3
1
1
3
2
3
1
1
5
1
1
9
1
1
3
1
2
1
2
1
6
2
1
1
1
3
13
7
3
1
4
1
1
3
7
10
1
2
1
2
5
15
1
2
19
3
1
1
1
3
1
2
1
11
4
1
4
6
1
1
1
1
1
2
1
1
3
4
1
8
2
1
7
1
2
2
2
13
1
2
76
1
4
2
168
2
5
35
2
1
1
1
1
1
3
299
1
5
1
30
2
19
1
2
3
6
1
10
3
3
1
2
8
1
15
109
1
4
6
2
1
5
1
1
1
2
1
5
1
1
3
112
1
23
1
3
1
1
1
4
1
1
15
1
2
3
1
1
1
1
71
5
1
1
2
3
2
296
27
1
2
3
1
3
7
1
1
1
1
4
1
4
1
1
8
24
2
1
8
1
1
1
9
2
6
14
1
3
1
1
8
5
1
3
1
2
1
8
2
2
4
2
119
1
3
2
13
51
3
4
1
1
1
1
7
13
1
1
2
24
1
2
2
1
1
6
2
8
4
1
1
2
6
1
4
7
1
2
1
5
1
8
1
2
6
1
1
20
1
8
1
5
15
1
2
2
1
1
3
1
3
3
4
1
4
4
1
2
2
39
34
3
2
1
1
11
1
50
4
1
2
5
13
3
1
6
2
2
2
15
1
235
2
2
4
2
3
1
29
1
2
2
1
8
1
1
1
1
5
2
6
1
1
1
1
1
1
1
1
1
2
14
2
1
1
6
1
1
1
3
1
13
2
3
2
1
2
5
2
1
1
2
27
2
1
7
10
1
1
1
1
16
6
2
1
1
117
1
3
1
1
3
19
57
1
1
4
78
1
1
1
8
1
2
1
47
3
1
12
1
1
1
1
39
10
17
1
2
2
3
6
1
5
1
1
8
17
1
19
1
1
3
1
4
9
21
1
2
1
2
6
3
1
4
2
3
1
240
14
2
20
1
3
11
67
3
2
1
46
1
1
2
8
8
2
4
9
4
1
3
2
1
1
3
13
22
2
4
6
1
4
24
1
5
1
4
1
69
1
15
2
17
1
349
1
8
3
14
1
2
1
8
9
11
19
2
1
2
10
2
1
1
4
1
1
1
1
10
3
4
21
1
1
3
4
2
1
2
5
1
1
13
13
5
2
2
1
1
2
2
12
9
5
3
1
6
1
3
1
11
1
2
1
2
3
3
4
1
5
1
18
1
1
2
1
3
2
2
1
4
1
2
2
2
1
1
4
1
1
3
2
5
3
8
46
3
1
1
2
14
1
10
1
5
3
1
2
2
4
2
1
1
1
3
1
2
2
5
2
1
2
1
22
1
20
1
5
1
1
2
1
17
1
12
1
1
1
12
97
1
2
2
2
17
1
2
3
1
2
4
2
2
2
6
1
1
1
1
1
3
1
1
1
10
1
6
1
11
1
13
1
2
4
1
2
4
90
3
1
1
1
1
2
181
1
2
10
3
41
1
1
1
1
1
4
5
1
2
1
38
1
4
74
1
3
5
2
4
1
7
1
2
2
2
9
2
3
1
1323
1
2
2
2
1
3487
2
1
3
2
2
3
1
9
1
3
1
95
1
11
24
2
1
5
19
1
90
1
4
1
2
1
1
1
2
1
34
1
3
18
1
1
1
1
1
1
37
2
1
17
1
1
7
1
1
1
1
4
6
8
1
4
18
2
6
3
1
1
4
3
5
1
3
1
2
2
1
1
2
21
6
7
3
4
4
1
2
1
3
3
1
1
2
1
5
1
1
2
1
3
1
1
4
1
3
98
1
2
1
4
1
2
2
1
1
7
1
9
1
1
3
13
1
2
51
1
4
1
1
1
2
1
2
2
10
1
2
7
2
8
1
4
7
1
1
38
4
2
2
404
1
1
1
11
1
4
1
2
3
2
1
3
17
4
1
22
14
5
1
11
1
1
5
1
1
4
1
6
8
1
1
2
2
5
3
2
4
1
2
2
1
7
3
1
1
16
4
3
1
1
11
1
11
1
4
5
1
1
15
4
1
4
5
2
9
1
1
1
4
1
3
15
3
1
9
1
4
5
103
1
5
282
2
5
2
3
2
1
3
38
1
1
2
3
2
16
2
4
6
1
1
3
1
1
2
10
1
1
46
7
6
2
1
15
1
64
2
4
10
1
3
2
2
7
5
2
9
4
1
1
3
2
2
3
1
2
1
6
1
5
1
4
2
2
1
2
1
5
1
1
3
1
1
6
1
1
4
14
4
23
28
1
1
1
2
1
5
2
1
2
1
1
6
2
36
1
8
5
1
1
5
5
1
1
5
9
2
4
1
2
3
1
1
1
1
3
1
2
1
5
1
3
8
1
17
3
2
1
3
2
1
1
3
3
3
1
2
1
1
1
1
2
1
2
1
3
27
1
1
7
1
2
24
3
1
2
1
1
8
2
2
1
1
1
1
1
1
14
1
1
1
11
2
2
4
1
4
44
2
20
3
3
1
3
1
1
4
5
2
1
2
1
5
1
1
37
2
8
1
1
1
10
3
1
1
1
3
1
8
1
4
1
1
1
15
4
4
1
342
1
2
6
1
2
2
4
2
1
3
2
11
2
1
9
4
1
4
1
4
1
1
1
1
2
1
10
245
2
17
1
11
1
6
3
7
1
16
2
1
13
3
2
1
1
2
2
1
3
22
2
2
4
2
3
4
3
1
1
5
2
51
1
1
2
5
4
1
1
42
1
2
13
8
1
1
1
8
1
9
1
1
6
1
1
13
2
3
4
2
1
1
1
4
2
1
1
18
20
7
1
7
2
8
1
2
1
6
1
1
3
1
2
1
21
3
4
1
1
5
2
18
2
3
2
2
1
1
1
1
1
1
1
8
1
1
7
2
1
2
1
1
3
1
4
1
2
1
1
112
6
458
5
1
3
13
1
12
2
3
1
1
8
1
2
2
5
3
1
1
5
2
1
1
4
1
4
1
4
1
2
1
14
21
1
3
1
7
3
1
1
1
2
15
1
12
1
178
1
258
9
87
1
14
1
5
6
1
1
12
1
2
6
7
1
13
1
2
1
6
1
1
3
2
1
4
4
10
1
9
3
6
2
4
2
1
1
1
1
23
2
8
1
4
1
8
2
2
6
2
5
4
1
18
8
33
1
2
1
2
1
1
3
1
1
18
1
1
1
1
2
4
3
138
1
2
2
2
1
19
34
2
7
1
2
2
1
59
2
4
2
8
1
1
1
5
4
1
8
1
2
2
9
3
1
2
1
9
4
414
2
17
10
2
3
1
4
1
235
19
1
1
2
1
1
1
1
1
1
3
2
4
2
1
40
2
1
1
4
2
4
3
1
2
2
3
14
3
2
2
1
1
9
4
2
1
2
2
6
1
1
4
1
5
1
25
1
11
1
2
1
1
1
1
1
1
12
1
2
1
5
1
1
2
2
5
67
287
6
1
4
2
1
1
1
2
1
3
11
1
1
1
17
1
16
1
4
2
4
16
1
17
3
2
3
2
1
2
1
17
1
3
1
137
4
1
22
2
3
1
2
3
2
2
10
1
1
1
1
2
2
1
2
18
1
8
176
5
5
3
2
1
2
1
1
2
1
1
1
159
63
1
1
1
5
18
1
1
1
11
3
1
1
3
1
1
3
1
1
2
2
3
1
1
4
2
1
1
1
1
16
1
1
18
26
2
3
2
1
4
6
1
3
2
6
1
7
1
8
9
1
8
1
1
1
1
1
15
48
2
90
2
2
1
1
5
1
11
2
2
1
17
2
1
1
2
1
1
1
15
10
4
1
3
2
4
1
1
24
1
1
11
2
6
1
5
3
5
342
2
2
49
2
2
1
2
11
1
1
3
5
1
3
6
1
37
6
1
13
61
1
1
18
13
2
15
1
1
1
2
2
1
2
1
9
26
2
1
1
5
1
1
25
229
2
3
22
2
2
1
2
57
2
1
2
1
14
2
2
3
4
1
2
2
2
12
1
2
2
1
3
1
1
1
3
7
2
1
1
5
2
2
5
1
4
2
2
8
1
4
2
3
1
237
1
1
12
1
5
1
1
2
1
19
7
2
1
17
2
2
1
7
3
1
1
17
1
2
1
2
1
3
10
5
1
2
2
8
2
4
1
1
1
1
39
1
1
1
4
1
1
2
2
7
1
5
1
1
1
1
1
1
17
1
1
1
1
7
1
1
2
1
7
1
4
1
16
11
1
1
4
4
2
1
1
3
2
1
4
2
230
1
3
1
14
1
4
1
2
1
63
2
1
2
4
3
9
11
1
1
3
6
1
3
2
1
4
9
2
35
3
1
9
8
7
1
4
3
2
4
3
20
2
103
1
9
3
4
1
5
1
2
1
11
1
4
62
2
1
2
1
4
3
4
1
8
1
1
6
9
1
11
2
6
1
14440
1
5
33
4
4
1
3
1
5
4
6
3
8
1
27
1
1
2
1
2
15
6
4
2
3
2
6
1
3
1
9
4
5
5
1
8
1
6
1
2
1
5
4
21
6
4
26
13
6
1
13
1
1
6
1
2
2
4
1
8
1
5
1
2
3
7
1
2
1
1
1
1
1
5
1
2
1
2
9
4
1
5
3
6
3
14
1
2
2
2
1
8
2
3
4
5
1
1
1
1
1
60
5
2
1
1
1
1
35
2
1
8
2
42
1
3
1
2
1
9
3
1
2
1
1
2
4
1
4
1
5
2
1
2
21
1
1
2
1
6
1
1
6
750
2
1
2
49
2
3
7
2
1
16
1
19
4
1
1
4
1
3
1
1
16
1
14
1
4
1
2
2
9
3
7
11
7
1
1
19
1
62
4
1
3
45
2
2
1
1
1
2
2
5
1
8
7
3
16
2
1
1
6
1
4
8
1
4
1
2
9
1
2
3
1
1
1
11
23
1
2
34
1
1
3
2
2
1
3
2
1
9
2
1
2
7
29
3
5
1
4
3
2
1
2
3
2
1
15
1
2
1
20
47
1
3
3
1
1
4
1
1
1
1
4
1
1
2
2
3
3
1
14
3
1
1
1
43
38
1
2
1
1
1
15
95
1
2
2
1
1
18
3
1
1
1
1
49
2
2
1
72
1
2
3
1
2
1
7
3
7
8
1
1
2
2
1
2
2
8
6
2
7
1
1
4
9
1
4
3
5
6
1
8
2
1
1
10
4
1
1
3
5
1
2
6
1
1
2
2
1
6
1
2185
1
1
3
5
1
2
4
1
2
2
3
1
2
3
9
5
3
5
3
1
1
1
3
1
1
1
1
1
2
4
1
4
1
4
3
6
2
4
7
5
1
4
4
1
2
6
1
10
1
1
4
1
29
1
1
1
1
2
3
1
27
2
1
3
7
17
4
1
1
2
1
1
1
1
1
1
1
79
2
6
4
21
3
3
1
1
1
12
2
1
9
6
1
3
1
4
1
1
1
1
3
1
6
1
2
1
2
10
1
3
16
2
10
1
1
1
2
3
1
21
1
1
3
3
1
13
2
2
1
2
1
1
9
2
2
1
1
2
2
1
3
2
5
1
1
2
3
1
1
6
1
2
3
7
1
1
2
5
1
1
37
2
1
1
2
1
23
6
2
1
6
1
7
1
12
1
3
2
2
2
10
9
1
16
6
1
24
1
2
1
2
8
4
2
5
1
5
2
6
2
1
5
1
1
1
1
1
3
2
12
1
1
20
3
1
2
1
25
5
1
1
29
1
79
1
1
1
3
2
1
15
8
2
1
1
1
1
2
1
4
2
2
3
11
1
1
6
1
54
123
1
1
3
2
1
2
1
348
1
1
1
1
2
1
4
1
1
1
2
8
5
2
3
35
1
3
1
2
1
6
1
2
2
94
3
1
1
1
5
31
1
7
28
1
1
1
21
1
2
3
4
1
1
27
22
1
8
3
1
2
1
1
13
3
2
1
8
2
1
2
15
1
2
3
2
1
6
1
2
1
1
6
1
3
1
6
1
1
9
1
2
1
25
5
4
2
7
1
2
3
6
1
3
1
6
8
2
1
5
1
1
3
5
3
1
2
1
8
6
4
1
10
3
6
193
1
3
6
3
2
5
1
409
1
3
1
2
2
30
3
5
1
42
1
3
2
2
2
1
3
1
4
1
1
1
2
74
1
16
3
1
1
1
1
1
1
2
3
1
10
1
7
1
2
1
1
1
16
2
1
4
1
2
14
1
6
7
2
10
3
1
18
1
1
30
1
2
51
1
21
2
3
2
4
1
1
4
1
4
3
4
220
1
46
1
1
4
8
1
1
2
1
43
1
13
2
17
1
1
19
2
18
1
1
1
5
1
2
3
1
2
5
1
2
1
1
1
1
1
4
1
1
1
2
1
1
1
5
1
1
3
1
6
5
3
1
1
2
2
1
13
1
2
11
1
3
1
6
2
1
1
1
1
1
1
1
3
1
2
1
2
4
1
7
1
1
1
1
3
2
1
5
2
1
1
3
1
2
1
12
4
3
1
1
1
1
6
14
1
1
2
1
1
2
1
9
1
2
4
25
1
1
1
13
5
2
1
3
2
8
28
1
7
1
6
2
3
1
3
1
1
19
61
4
2
1
48
41
2
2
2
6
2
6
1
13
1
1
2
1
10
5
5
4
1
14
1
1
1
30
8
1
2
5
1
1
1
2
1
2
1
49
1
3
3
1
2
1
3
1
3
2
3
1
1
1
19
1
2
22
17
1
3
7
4
1
1
9
1
1
1
3
3
2
1
2
6
3
1
25
3
374
1
1
1
1
1
1
10
4
5
1
4
2
1
4
1
1
1
1
2
3
3
14
1
3
1
1
5
3
10
8
3
2
2
1
8
2
1
3
1
1
2
10
1
1
3
1
9
1
3
1
1
2
1
2
8
1
2
1
1
1
27
1
1
11
13
1
2
4
6
5
1
5
2
8
6
2
2
2
2
1
3
1
34
3
1
1
1
1
1
4
1
9
1
1
2
35
91
3
1
16
1
17
1
1
30
1
5
57
2
1
65
1
889
7
2
1
1
5
1
4
34
1
7
1
7
78
1
3
5
24
3
1
1
4
1
1
1
1
34
1
3
4
1
1
1
3
1
6
1
2
1
5
4
6
9
1
1
6
7
1
2
2
1
20
3
2
1
1
2
2
1
5
1
3
1
1
4
4
1
1
2
1
1
1
1
5
1
3
29
1
12
7
1
2
1
2
4
3
3
2
1
11
1
5
1
3
1
1
1
3
13
4
44
1
5
7
1
69
2
2
2
1
2
18
1
1
7
1
2
1
1
1
1
2
1
26
5
12
1
11
2
1
1
4
2
1
1
4
3
26
2
2
1
1
1
1
9
1
5
1
1
1
2
9
2
1
12
1
3
2
5
2
1
13
1
2
3
2
1
3
2
1
38
1
3
6
2
4
7
2
2
1
1
1
6
1
3
2
10
2
1
5
16
2
1
14
2
1
4
18
1
3
1
31
1
3
8
2
2
6
1
5
1
1
2
5
2
3
1
1
14
2
1
1
6
1
20
2
4
1
2
2
3
9
1
2
1
1
1
5
1
3
2
2
2
1
1
7
5
6
1
1
1
5
36
9
1
1
1
1
2
1
2
1
1
4
6
1
1
1
2
2
1
3
1
1
1
3
1
1
5
6
1
1
5
33
7
2
1
1
1
1
3
4
1
1
9
5
2
6
2
2
1
20
2
1
5
26
3
1
2
65
3
1
4
1
2
1
1
6
1
1
2
1
1
1
5
4
1
1
4
14
1
6
1
10
1
28
7
3
1
5
3
1
15
1
12
1
2
48
1
5
1
9
1
2
1
1
7
6
1
4
23
3
5
1
3
1
2
5
1
13
1
1
10
1
47
1
3
4
10
1
5
1
1
54
35
1
2
3
1
6
1
2
1
2
8
2
36
18
3
1
4
1
61
1
6
1
1
1
2
1
3
2
3
4
1
1
3
1
17
1
3
3
1
7
1
1
5
1
2
14
2
172
2
1
1
1
6
5
7
6
2
2
1
1
1
1
13
2
1
2
2
11
1
41
2
1
3
1
3
1
1
3
1
8
35
14
25
1
1
1
11
1
1
1
8
1
3
2
1
5
2
2
1
1
15
1
2
1
3
8
7
2
2
3
2
8
1
2
1
65
1
1
1
1
1
391
3
1
1
24
1
12
1
1
1
5
1
1
2
1
1
2
1
1
1
15
3
1
1
2
5
1
4
95
1
2
5
9
1
3
1
10
22
3
1
2
1
2
2
3
1
4
25
3
1
1
2
17
4
2
2
3
5
2
1
1
6
1
1
303
1
1
16
2
1
1
15
1
4
1
6
4
2
5
13
1
1
2
1
3
8
1
4
7
9
6
1
3
9
3
4
1
12
1
5
1
1
1
2
4
2
28
1
1
1
1
38
1
1
4
1
11
1
3
10
1
2
2
3
1
2
1
4
3
6
1
5
2
2
1
1
1
1
10
1
1
7
13
1
6
4
5
1
5
26
2
3
1
1
1
4
8
4
1
3
3
1
1
2
5
3
59
1
11
1
1
2
5
6
2
17
1
1
3
3
3
2
1
1
5
6
5
1
20
5
1
3
1
4
1
3
5
1
4
1
1
2
1
6
23
2
33
3
1
2
249
1
2
1
1
3
1
5
4
2
1
1
13
1
1
31
1
2
1
7
3
6
8
2
6
2
1
5
1
4
1
2
10
3
10
1
20
2
2
3
1
65
3
2
1
1
10
1
30
1
18
3
2
5
6
1
7
1
1
3
1
1
1
1
5
16
1
1
2
100
11
4
1
6
1
1
2
7
1
1
1
6
7
1
4
1
24
2
10
1
7
2
1
2
29
7
10
4
1
5
1
1
1
1
1
15
1
4
7
1
3
1
1
2
2
2
1
1
3
2
3
2
4
16
2
3
2
3
2
2
1
2
10
7
2
7
5
1
2
1
2
62
2
2
5
1
2
13
1
3
1
3
1
1
1
1
2
10
1
1
2
1
8
8
1
2
1
1
3
3
1
14
2
11
5
1
4
1
5
1
1
1
2
8
2
2596
1
2
3
1
2
3
2
5
1
4
1
1
4
1
4
43
1
3
1
1
1
18
7
1
1
2
45
1
34
1
56
1
2
1
20
1
4
2
1
144
4
1
3
2
4
14
2
6
1
1
1
11
1
22
1
1
7
8
2
2
1
2
1
29
3
6
2
2
1
2
2
1
2
1
1
12
1
2
1
1
1
1
3
2
1
1
1
1
1
3
3
1
6
1
2
1
3
1
1
5
1
2
1
1
9
1
1
1142
23
1
28
6
1
1
1
287
2
2
2
2
10
3
2
1
56
1
2
7
1
3
1
19
1
3
1
12
2
3
1
1
1
1
2
1
1
17
3
5
1
1
26
6
1
7
2
1
1
3
22
23
1
53
1
3
1
3
1
3
6
1
1
1
23
3
4
2
3
11
3
3
1
2
5
4
46
1
1
4
1
2
2
1
5
10
1
1
27
4
2
1
68
1
3
8
2
3
1
8
1
208
1
6
62
6
1
2
3
3
1
4
1
28
2
3
1
12
1
1
1
1
7
6
1
3
7
2
1
24
8
1
2
2
108
1
1
3
34
1
1
1
2
2
5
3
2
4
27
1
1
1
7
4
4
3
1
6
1
2
1
1
1
1
5
4
2
3
1
7
3
1
198
1
4
1
1
1
1
1
3
1
2
2
1
77
11
4
13
7
1
1
98
10
1
14
3
2
50
1
13
1
3
2
9
1
1
5
9
2
3
1
1
5
43
1
3
1
1
1
13
1
4
2
2
278
5
3
1
1
1
1
1
5
2
4
4
1
10
1
19
1
1
1
1
7
1
7
1
2
4
81
1
1
4
1
8
2
3
7
1
1
3
1
1
4
1
1
16
1
1
1
2
6
38
2
8
2
1
1
9
2
12
1
1
15
1
6
8
8
1
2
3
3
1
2
1
1
3
5
1
1
16
35
1
51
3
4
1
5
39
1
1
20
4
1
3
1
3
4
1
2
21
1
295
1
1
1
1
2
86
2
3
2
30
6
1
20
1
8
6
6
49
1
7
1
1
1
12
1
2
11
1
1
5
6
1
4
1
21
4
15
3
6
1
1
6
16
1
1
2
1
4
1
11
5
1
14
2
13
1
3
6
25
1
1
2
10
4
9
1
1
1
1
1
3
20
1
17
1
12
1
2
1
3
1
2
1
2
9
1
5
8
1
17
10
1
3
1
7
3
1
1
4
1
15
1
7
1
55
1
1
1
2
1
5
1
13
1
5
1
3
5
3
5
1
23
1
1
2
2
1
3
1
2
2
1
2
8
1
8
10
5
1
1
50
1
3
2
3
1
171
12
4
7
21
2
4
7
9
1
1
2
3
1
1
12
4
2
14
1
1
1
5
6
5
1
4
3
9
3
2
1
2
5
1
8
2
6
1
1
2
1
3
1
10
5
442
2
1
5
1
2
5
1
56
7
3
3
1
9
40
1
13
1
3
4
10
1
14
4
1
6
1
2
1
1
6
1
1
2
2
12
2
1
11
1
5
1
1
15
5
3
1
6
1
1
4
2
1
6
1
3
1
12
1
30
4
1
110
1
2
1
2
1
1
2
2
1
3
1
1
2
2
19
1
1
1
1
1
13
4
2
10
3
1
1
4
4
1
1
1
7
1
1
1
2
2
2
1
1
1
1
54
1
1
8
1
1
1
7
1
6
1
1
1
2
1
1
4
13
3
5
2
3
1
62
1
119
45
1
10
2
2
1
86
1
12
4
2
3
882
1
4
1
1
1
4
1
1614
20
1
1
31
3
3
1
1
1
1
8
1
3
1
1
1
1
1
1
10
1
9
5
1
8
3
1
16
2
1
1
4
7
6
25
2
12
1
148
2
1
4
9
2
1
1
7
1
5
4
1
1
26
2
2
45
5
4
2
1
1
1
1
3
16
1
2
1
21
1
1
1
4
1
1
3
3
47
3
1
1
1
9
2
2
2
1
11
1
4
1
1
1
3
18
1
1
3
1
1
65
85
1
12
3
4
24
2
3
9
3
1
4
1
4
1
1
1
4
1
2
2
3
1
30
1
3
8
1
5
1
2
8
1
2
1
10
4
28
3
18
1
1
2
1
21
1
1
1
88
9
1
4
7
2
1
2
1
24
1
4
1
1
2
1
1
5
1
24
1
7
2
6
1
16
1
1
2
1
2
3
1
2
2
1
7
1
5
1
13
1
6
1
10
1
3
1
1
1
1
5
2
3
2
1
1
1
1
2
4
1
3
1
14
1
6
1
6
1
27
51
6
1
2
10
53
1
1
15
2
5
2
1
2
1
1
38
7
1
1
6
1
99
2
2
1
1
3
1
1
6
1
1
10
1
1
1
2
1
1
3
1
9
1
2
32
1
2
1
1
2
9
1
8
5
1
72
1
2
2
1
519
34
1
18
11
1
3
2
1
42
1
5
19
1
9
1
3
2
1
8
1
2
1
8
1
1
4
9
1
3
6
2
1
1
1
5
20
1
20
1
1
1
1
4
1
1
1
6
2
20
16
1
2
1
6
3
2
30
1
4
1
2
2
1
1
1
1
20
2
1
1
4
11
1
3
2
2
3
1
5
1
1
4
1
1
1
1
1
2
1
1
1
1
5
5
8
1
4
1
2
1
5
1
5
4
1
1
10
4
27
1
14
1
2
1
1
1
29
3
4
1
5
1
25
4
2
1
2
1
1
8
8
1
7
1
1
8
3
1
1
1
1
6
7
1
1
4
1
1
3
1
4
3
3
2
1
1
1
4
3
3
3
1
1
2
3
3
9
2
398
4
4
1
1
1
6
1
1
2
168
6
1
1
1
2
17
1
1
16
1
1
1
1
4
1
1
1
1
2
57
6
11
7
1
1
2
5
1
1
1
4
1
5
1
1
2
2
17
1
3
1
1
1
1
1
1
15
4
1
41
4
1
6
2
1
1
1
3
4
1
1
1
2
1
36
1
2
70
7
88
1
1
4
2
1
2
2
1
1
2
31
1
14
1
4
2
2
1
1
10
1
2
11
6
2
13
1
6
3
2
1
2
6
1
1
1
1
1
6
2
2
2
4
1
4
1
5
4
2
3
9
5
2
1
9
1
3
1
4
1
1
2
3
6
1
5
6
1
7
1
1
6
10
1
1
2
1
2
1
1
2
2
1
2
8
4
3
4
5
16
5
1
2
93
115
5
3
1
4
2
2
6
2
1
1
6
1
28
109
25
2
11
6
1
1
1
146
1
1
2
1
1
8
1
9
38
1
2
32
12
18
1
2
1
1
5
1
1
1
1
1
1
1
2
2
3
2
2
1
1
2
1
4
3
4
1
1
1
3
20
2
2
1
28
5
1
2
2
140
1
12
2
1
1
1
4
1
3
5
2
7
125
3
1
1
1
14
2
2
1
14
5
1
3
2
1
1
2
3
8
25
1
3
3
1
4
1
1
1
3
3
2
12
1
7
4
8
3
15
2
1
5
1
1
8
1
1
13
1
6
3
4
1
6
1
2
72
1
1
1
4
1
4
2
191
2
1
1
1
1
7
88
1
1
3
2
2
2
1
1
1
31
5
2
11
4
4
1
3
1
74
1
1
17
2
8
1
2
1
5
11
2
1
2
2
1
2
5
1
1
11
1
2
1
22
4
3
5
2
1
1
11
2
2
9
1
5
1
1
1
1
2
1
4
1
2
1
1
26
67
2
29
2
2
1
1
3
2
6
3
1
1
1
1
4
9
2
1
1
1
1
1
1
7
11
7
2
127
2
1
1
6
1
4
1
5
2
2
4
1
2
6
7
1
1
1
14
1
2
1
1
3
1
1
13
12
7
1
1
2
2
8
1
43
2
2
1
3
1
7
1
8
1
5
3
10
2
8
5
2
3
2
8
1
1
2
4
14
1
1
1
2
15
1
1
2
1
5
1
2
2
1
2
4
1
4
7
3
9
9
1
1
162
3
2
20
1
3
6
5
1
3
2
1
1
39
43
1
1
1
11
18
1
51
11
81
2
1
1
2
1
1
27
1
43
3
1
15
1
2
29
1
5
2
4
1
1
1
1
3
10
1
4
6
6
1
1
1
9
1
7
2
1
2
13
1
4
1
5
8
1
1
49
7
1
6
2
10
7
26
1
7
3
1
3
1
4
2
1
1
1
1
14
1
5
5
2
3
14
1
1
12
10
14
2
2
3
3
1
1
1
1
1
1
3
26
1
2
7
1
1
28
1
1
7
5
9
1
1
1
4
1
1
1
2
7
1
3
2
1
5
1
2
4
1
2
12
2
2
1
7
1
1
2
10
1
2
3
1
1
6
4
2
8
1
2
5
2
253
2
1
15
1
67
2
5
4
3
2
6
1
35
1
4
2
1
1
2
1
4
4
1
2
67
1
1
1
1
1
33
1
7
1
1
1
1
2
1
3
1
1
2
1
5
2
1
5
1
3
1
1
1
3
5
1
8
16
4
5
2
14
1
6
1
3
2
2
1
1
18
1
5
2
2
2
6
3
1
2
12
3
1
6
2
3
188
1
125
6
1
1
45
2
1
16
3
1
4
4
2
2
1
4
1
1
1
1
4
4
2
1
5
2
6
1
9
3
2
4
3
4
1
1
3
7
3
1
1
1
6
8
1
1
1
1
2
2
5
1
2
1
3
1
4
1
1
1
1
1
3
1
345
2
1
2
1
2
13
1
1
1
1
1
6
25
4
15
9
1
17
1
2
1
3
1
4
1
1
1
3
1
7
8
1
1
1
1
3
7
2
4
25
1
2
11
2
5
1
1
90
2
1
10
2
58
2
3
1
1
3
7
2
8
8
1
2
1
1
1
6
6
19
4
1
3
10
13
1
3
1
5
5
1
1
1
3
8
1
1
1
2
319
2
1
1
1
2
9
11
2
3
4
1
1
2
1
1
3
2
1
6
1
1
6
1
7
4
4
2
180
2
2
1
2
1
1
6
1
3
3
1
6
1
1
1
2
2
2
2
2
29
2
13
11
7
1
1
4
3
1
1
3
4
4
3
1
114
1
9
16
1
5
1
1
3
2
3
1
1
62
3
3
1
16
2
6
1
1
1
5
1
3
2
5
2
3
4
1
13
81
10
3
1
3
10
1
8
1
1
1
1
37
4
4
1
1
3
1
1
1
6
3
2
6
10
180
1
109
1
6
4
4
1
1
1
1
7
1
7
4
4
8
2
21
1
41
1
2
3
1
1
1
2
6
7
1
1
4
6
5
4
2
1
2
2
1
59
8
8
2
3
2
3
1
8
1
1
7
35
59
1
1
3
4
1
4
1
2
1
20
3
2
2
7
134
2
24
1
7
1
1
1
1
1
50
1
1
224
1
7
14
89
1
2
9
3
2
4
1
78
1
1
16
1
1
1
1
3
1
5
2
1
1
21
2
13
1
5
1
20
2
248
1
31
3
1
4
1
1
12
2
2
4
1
2
1
9
1
6
6
2
6
4
1
1
1
4
1
2
1
2
27
1
4
1
2
2
11
1
20
2
1
2
1
2
1
3
5
1
2
6
3
1
2
4
2
220
1
7
5
1
3
1
2
2
1
1
14
5
14
1
1
2
1
83
1
2
6
1
1
1
4
3
2
1
2
7
1
4
4
3
1
3
1
26
2
13
1
5
1
3
1
3
2
3
2
2
1
3
1
11
19
1
1
1
2
1
3
3
2
3
1
1
76
8
1
1
1
1
1
2
8
1
27
4
1
4
5
1
2
1
3
1
2
1
3
28
1
29
3
2
1
1
1
46
1
2
4
2
2
1
1
1
1
29
1
4
1
175
2
1
5
23
2
1
2
6
3
1
1
1
6
2
2
1
36
2
9
1
116
1
12
1
16
3
39
6
1
2
3
3
1
19
3
1
10
3
13
5
2
4
3
11
1
1
1
1
1
9
1
2
1
3
7
2
1
3
1
1
1
13644
1
1
3
3
9
1
3
2
1
1
16
13
1
3
4
2
19
2
1
6
18
1
1
3
3
6
1
7
1
2
14
4
2
1
1
2
3
1
8
1
3
2
2
1
36
3
3
3
2
5
3
1
3
1
8
9
2
14
2
12
1
3
1
16
5
3
4
1
1
2
27
68
2
18
2
6
1
2
3
6
2
2
1
3
1
2
2
3
1
2
2
1
1
9
3
4
1
11
3
2
1
20
43
4
1
2
3
1
1
6
1
1
1
1
2
19
15
6
2
2
2
1
5
9
1
9
3
14
1
3
4
1
1
1
11
1
11
1
8
1
2
2
4
1
2
2
2
2
10
1
1
1
2
1
1
1
3
82
4
1
1
14
2
5
1
1
1
2
1
1
1
1
3
1
8
9
5
2
2
2
2
8
3
4
15
3
9
2
2
1
3
1
1
1
5
1
1
8
1
2
27
1
1
1
25
1
1
2
2
111
1
3
16
4
1
5
2
1
7
1
2
1
2
1
1
2
4
1
9
1
11
2
1
7
1
21
1
2
1
8
2
1
1
12
15
1
1
2
1
4
1
2
190
4
5
9
2
1
22
1
5
3
1
2
1
4
1
1
4
4
11
1
4
13
1
1
4
29
4
3
1
1
12
9
1
1
1
2
1
2
2
1
9
1
1
2
5
1
3
1
2
24
1
14
8
5
4
1
1
1
1
1
1
3
6
1
1
1
1
3
2
1
1
3
8
125
1
1
1
3
1
4
6
2
3
1
4
3
1
1
2
3
1
1
2
1
26
1
3
1
12
1
5
6
1
1
1
11
1
1
1
8
6
3
98
3
1
1
9
1
1
3
2
1
4
3
6
1
7
1
29
1
2
3
5
1
9
27
20
9
7
2
1
1
1
4
3
13
94
1
3
5
1
5
1
4
1
24
1
2
1
22
1
7
1
5
1
1
3
1
47
1
1
3
10
1
1
2
166
1
8
1
4
15
1
5
1
3
1
1
5
1
12
1
1
1
6
1
2
1
6
3
1
1
1
1
1
9
17
4
21
2
6
1
8
1
3
3
2
1
3
3
6
20
3
3
2
1
2
92
3
1
8
1
4
5
1
7
1
3
1
5
1
3
3
1
2
3
1
914
1
128
5
1
1
5
1
1
1
7
1
3
15
1
157
1
7
4
2
5
8
151
1
32
34
2
5
1
1
2
2
1
2
2
2
6
2
1
15
6
1
1
2
1
7
1
3
2
86
8
1
114
1
1
9
7
1
10
10
7
1
2
5
1
1
13
5
6
1
2
54
1
2
1
1
2
1
1
6
1
38
1
1
6
8
11
2
4
3
1
1
2
1
12
1
1
7
1
7
1
23
1
1
1
1
6
2
2
3
4
1
1
6
1
1
1
1
3
1
1
2
2
28
1
1
2
2
10
1
1
2
7
1
24
3
41
4
1
3
8
1
8
2
2
30
1
2
1
65
1
1
11
1
1
2
1
2
64
2
6
4
1
3
4
1
1
1
7
5
2
8
11
16
2
1
1
2
2
1
1
1
3
1
3
3
1
3
4
1
23
1
1
2
4
4
1
1
2
1
6
90
1
28
2
1
1
2
13
1
2
28
3
2
1
4
65
12
1
6
1
3
2
5
1
3
3
3
9
138
3
3
1
2
2
1
1
3
1
2
1
4
1
1
8
7
60
1
3
1
9
1
1
5
1
1
1
1
3
1
17
1
4
1
3
1
2
1
2
19
4
18
1
3
1
1
5
11
1
2
1
2
1
1
1
1
3
2
46
8
3
1
1
1
5
10
1
1
1
2
1
6
7
1
34
13
2
92
1
1
6
1
22
2
35
1
46
1
1
1
1
5
1
7
4
2
2
2
3
1
2
7
6
1
2
2
5
2
2
12
7
1
3
1
11
5
1
1
1
26
1
2
1
2
1
1
21
1
1
1
2
2
2
2
13
1
6
2
1
5
3
3
1
3
1
1
1
2
7
9
1
1
2
1
3
2
3
1
3
4
14
38
1
5
1
3
11
1
1
3
14
1
1
2
5
1
10
1
2
2
2
2
2
155
1
8
1
3
2
506
2
1
1
5
3
1
1
2
14
1
6
2
2
7
1
7
1
4
1
1
1
51
1
6
2
1
7
1
61
180
1
4
4
1
7
1
5
228
1
3
1
7
1
2
1
1
2
3
4
2
2
2
1
4
3
4
1
2
5
1
5
6
3
4
2
1
1
2
1
23
1
9
203
2
1
114
1
2
6
16
1
2
2
1
6
1
1
1
1
26
1
5
14
1
10
2
1
2
7
1
4
26
1
10
1
1
9
1
1
5
1
2
2
2
1
2
1
7
1
4
1
4
1
8
2
3
2
1
1
97
1
2
1
12
4
2
1
1
3
7
26
1
9
1
1
6
3
191
2
1
1
19
1
1
5
1
6
6
2
27
3
2
2
1
30
2
4
1
5
1
14
2
16
2
1
1
1
20
7
1
1
2
26
1
2
1
2
4
1
2
3
1
1
2
1
3
1
1
8
1
12
1
12
2
1
4
6
3
1
1
2
2
3
1
2
50
1
1
1
1
17
9
2
15
1
1
7
1
1
2
1
3
1
1
2
5
10
14
13
1
3
1
1
5
3
3
2
1
1
2
3
1
4
1
11
1
4
1
4
2
1
2
2
3
1
1
32
1
1
1
2
3
2
1
25
1
4
1
3
3
4
8
2
2
168
1
6
7
1
2
40
19
1
1
1
4
1
1
8
1
2
8
5
6
4
1
1
1
6
3
3
2
3
2
8
1
2
5
1
2
2
12
3
2
18
2
9
1
2
2
7347
136
9
3
5
6
6
1
2
12
7
1
4
3
2
1
1
3
3
2
1
12
11
1
2
1
1
1
4
3
1
10
3
11
1
2
3
24
1
1
8
1
3
8
7
2
8
1
7
2
1
1
22
2
1
11
7
9
1
19
1
1
2
1
1
20
4
3
3
2
3
1
2
2
12
1
10
6
8
1
4
1
1
39
1
13
24
1
22
4
126
1
35
1
2
3
41
329
4
21
3
2
1
5
1
1
4
1
1
1
10
2
3
1
1
3
1
12
2
2
2
1
150283
1
4
58
2
1
1
1
1
1
1
1
1
24
1
1
1
1
1
1
1
1
4
1
39
11
1
7
9
1
10
1
1
5
1
1
1
103
1
15
1
1
1
1
1
9
3
22
1
1
2
2
1
4
1
12
1
2
3
1
10
13
2
1
16
1
18
3
1
8
4
2
1
19
336
1
1
1
1
1
3
1
3
2
1
1
4
1
11
1
36
2
1
1
5
1
2
1
1
2
2
2
8
1
11
3
8
1
3
2
3
1
2
3
2
2
2
2
2
1
1
14
1
5
12
1
3
7
2
1
15
1
1
2
77
5
1
1
3
1
3
2
11
1
17
1
215
4
1
1
4
2
1
2
1
3
4
1
14
1
8
3
1
1
1
7
1
21
8
1
1
1
6
33
6
5
1
39
1
2
7
2
44
3
4
7
3
1
8
1
8
2
8
1
1
1
1
1
2
7
1
6
2
8
1
1
1
2
1
16
1
1
1
1
93
1
3
1
8
4
3
3
23
2
37
1
2
3
1
2
1
4
1
4
3
1
11
2
3
8
1
9
1
6
26
4
1
1
8
2
4
3
1
4
1
5
2
9
2
44
1
1
20
1
1
10
14
4
2
1
2
20
1
1
10
1
4
2
5
3
4
3
1
1
2
212
19
2
5
5
1
7
1
1
8
1
11
1
4
4
1
1
2
1
3
2
5
1
4
1
11
1
5
1
4
2
1
12
8
1
6
1
8
2
19
2
1
2
2
6
2
5
2
2
3
9
7
1
1
3
1
10
19
1
33
3
3
2
1
3
1
7
9
10
1
18
12
23
1
63
1
4
4
1
1
2
5
1
7
1
1
2
1
1
16
1
310
1
6
3
2
6
13
1
1
6
2
11
1
2
5
11
1
6
1
2
2
1
1
5
1
1
1
12
4
1
1
1
7
1
5
5
3
1
8
9
4
1
1
2
1
1
1
2
18
1
3
1
1
2
2
1
1
24
1
1
2
1
9
16
1
5
4
2
1
1
12
1
1
1
1
7
5
1
2
3
1
1
2
69
4
1
6
1
6
1
1
8
1
5
8
11
5
2
15
1
3
2
1
3
3
4
1
1
2
21
7
1
1
1
1
3
3
2
1
6
3
12
3
202
1
1
2
1
1
1
1
2
1
10
2
3
2
1
1
2
1
95
3
4
2
21
2
2
1
4
1
1
12
12
2
3
1
1
19
1
1
75
5
16
1
13
4
5
7
1
2
12
27
13
1
11
1
4
2
7
1
1
4
5
2
3
5
5
44
1
1
1
1
2
33
2
1
5
1
1
4
2
1
94
1
5
2
3
9
1
3
2
4
18
2
1
3
1
2
1
1
9
1
7
1
65
1
7
1
99
5
11
1
3
2
16
1
1
4
1
2
1
1
6
1
2
3
1
5
1
1
1
167
2
1
1
1
2
1
1
1
5
58
5
1
3
6
1
21
1
3
3
1
1
1
13
1
2
1
5
3
121
2
590
2
4
35
5
4
4
1
3
2
1
4
2
1
1
1
5
1
9
1
1
1
4
2
1
2
1
3
33
1
7
1
54
18
1
13
1
1
2
1
2
7
9
1
1
1
2
2
3
1
1
1
5
2
2
17
2
1
3
2
1
13
2
3
3
1
19
4
63
2
11
1
4
2
1
1
5
9
1
1
6
1
283
4
1
1
2
3
2
3
4
1
2
3
8
1
1
38
2
5
1
3
1
2
1
1
6
3
3
1
1
3
1
1071
2
1
3
1
2
11
3
1
50
1
1
2
1
97
14
4
3
1
3
3
1
9
1
4
6
1
16
3
3
1
7
1
1
1
2
5
1
41
1
1
1
1
12
4
1
2
1
1
1
2
2
6
1
2
1
4
213
7
1
2
1
1
2
2
19
2
115
1
4
1
5
1
1
10
1
1
1
107
1
2
1
1
1
1
1
5
19
2
1
1
1
67
1
23
1
1
1
1
4
27
1
2
1
6
1
11
1
2
2
12
3
2
5
11
70
2
1
5
7
1
8
1
2
9
1
3
1
1
9
9
1
3
1
2
1
1
4
3
1
1
5
2
21
1
1
1
53
2
6
3
5
84
15
1
1
2
1
2
2
1
1
65
2
36
1
136
1
5
7
4
1
1
10
7
2
4
7
5
3
32
5
1
3
1
6
1
6
14
12
4
1
12
57
2
1
2
6
1
2
2
1
5
1
13
1
9
3
8
4
13
2
8
11
32
1
14
1
2
1
6
3
4
16
1
325
1
2
1
1
6
24
34
2
1
1
7
46
1
9
2
1
4
2
1
2
1
1
2
1
1
2
28
7
1
6
1
2
2
1
14
2
17
1
5
2
1
6
3
633
1
2
1
1
57
1
3
1
1
8
3
3
4
2
121
2
4
2
147
33
10
1
1
2
3
1
2
1
2
1
2
6
1
2
11
1
1
1
3
2
1
14
12
1
3
15
5
1
5
2
6
6
12
1
79
1
3
1
1
4
1
1
1
2
19
1
9
2
1
4
2
1
1
1
3
6
1
132
1
4
2
1
2
2
1
5
1
1
7
4
1
1
2
1
2
4
1
4
9
65
2
1
2
6
3
3
1
1
1
15
1
1
1
21
4
2
200
1
4
53
1
13
1
1
2
4
2
1
7
1
1
2
2
2
1
4
2
2
10
1
1
24
1
1
1
14
2
10
1
2
2
1
1
1
