0
1
2
3
1
6
3
1
1
2
1
1
1
1
3
10
1
1
1
2
1
1
1
1
3
2
3
1
13
7
4
1
1
1
7
2
4
1
1
2
5
14
1
10
1
4
2
18
3
1
4
1
6
2
7
3
3
1
13
3
1
4
4
1
3
1
1
1
1
2
17
3
1
2
32
1
1
1
1
3
1
4
5
1
1
4
1
3
9
8
1
1
7
1
1
1
1
1
1
1
4
5
4
32
1
19
2
1
1
52
43
1
1
7
2
1
3
28
2
39
1
1
1
113
2
12
3
1
13
2
1
1
6
2
1
1
1
2
71
1
2
14
1
1
3
1
4
2
1
1
2
1
1
1
9
1
2
12
1
2
1
1
5
1
4
1
485
1
2
1
1
2
1
1
1
1
14
5
1
31
1
3
2
1
2
2
4
11
6
2
1
4
2
5
6
1
7
1
1
5
2
3
7
1
1
2
6
13
4
8
1
1
1
1
10
5
6
3
1
2
1
1
1
1
11
1
1
2
1
6
1
1
18
3
1
1
1
1
1
2
2
4
1
8
10
2
2
3
2
1
2
5
2
1
2
1
8
1
8
1
4
9
2
1
3
1
2
1
2
1
13
3
2
1
1
6
2
1
1
2
1
1
3
1
2
5
3
1
6
1
1
2
2
9
1
30
5
9
1
27
1
1
1
2
7
1
53
1
4
136
46
7
1
1
5
1
3
6
2
4
1
8
1
1
77
2
4
2
1
7
5
1
2
2
2
4
4
3
1
1
3
1
1
6
4
2
6
4
3
6
200
1
4
1
1
1
1
5
1
6
1
2
4
1
15
1
5
1
15
2
2
5
5
1
9
1
1
1
20
1
5
2
4
1
6
3
2
3
1
10
25
1
1
1
16
1
2
5
9
1
1
1
3
1
1
1
58
1
7
4
1
1
9
1
3
1
1
1
1
1
10
15
1
3
1
6
2
82
2
15
1
8
1
2
3
196
1
60
4
1
3
2
1
2
4
1
4
3
15
4
2
2
1
3
3
7
1
14
1
4
1
19
1
2
5
7
2
2
6
1
8
6
1
5
1
2
3
1
5
1
3
32
1
21
28
1
6
2
6
1
9
2
3
1
6
39
2
1
2
21
1
3377
1
4
3
1
2
1
18
7
1
1
6
6
10
1
28
1
7
5
23
1
1
6
1
1
6
1
4
15
1
43
4
1
1
2
1
2
7
1
2
1
2
1
1
2
12
1
1
1
11
1
4
9
3
1
1
2
2
1
19
1
262
1
3
2
1
3
3
13
2
1
2
7
1
1
1
1
1
2
6
2
1
8
1
4
1
1
1
1
3
3
2
17
25
5
2
1
3
2
1
2
1
1
2
1
1
6
1
1
1
11
32
1
44
10
1
6
6
1
1
1
4
1
221
3
1
1
15
1
4
1
3
1
1
1
2
1
105
1
3
3
1
5
2
1
12
62
2
3
1
3
1
3
3
6
6
2
1
381
1
3
1
2
7
1
2
1
10
19
2
2
4
1
6
1
8
1
1
1
1
1
1
4
1
9
1
29
1
1
2
1
3
1
1
1
14
2
4
5
1
2
8
1
20
1
1
1
1
1
7
2
1
1
8
1
1
2
2
1
1
7
1
128
2
18
1
2
1
1
1
2
2
1
3
6
2
4
1
1
3
1
5
13
3
1
5
5
1
6
1
1
1
1
1
6
1
3
3
2
1
2
7
2
3
28
1
5
1
4
1
12
29
1
3
1
1
1
1
14
1
6
1
1
1
1
17
1
9
1
2
2
1
1
1
1
1
16
7
1
5
1
1
1
11
16
2
1
1
10
4
92
1
14
6
2
4
2
1
1
1
3
2
3
2
5
2
1
3
1
1
1
2
5
1
102
2
1
6
4
6
1
1
2
1
1
3
2
5
1
3
2
1
5
1
3
2
32
3
12
3
1
1
1
1
45
4
2
2
2
5
4
1
2
2
1
11
1
4
1
41
1
3
1
1
21
2
1
2
2
3
4
1
5
1
776
1
23
3
1
1
427
5
3
1
92
8
4
1
2
12
2
1
1
2
1
40
1
1
3
10
5
2
4
11
2
1
18
1
13
74
15
1
2
1
77
2
1
1
1
6
2
1
1
6
2
1
1
1
3
1
47
1
54
5
4
2
3
2
3
1
1
4
1
9
1
5
3
5
2
75
2
1
1
1
4
2
1
6
1
29
3
2
2
7
18
4
1
1
2
1
7
1
2
1
2
8
1
3
1
8
1
2
1
150
1
5
1
1
1
2
1
1
10
19
1
43
1
4
3
2
4
1
1
2
2
2
4
3
6
2
1
5
3
1
1
3
99
2
2
1
3
1
1
1
3
5
2
1
8
1
1
1
1
16
1
1
6
20
1
6
1
5
1
50
2
1
1
1
16
1
1
1
2
1
2
3
4
1
39
1
1
1
69
1
7
1
1
1
1
1
1
1
1
1
5
1
8
2
1
5
1
7
1
2
13
1
4
16
3
31
8
2
2
2
4
1
3
1
1
6
1
1
11
1
3
1
1
8
1
39
2
1
13
1
1
2
1
2
3
1
1
3
4
1
2
1
3
57
1
1
1
1
23
2
2
1
1
2
2
2
7
3
1
3
5
2
1
9
1
17
5
5
2
3
9
2
3
1
1
2
2
1
6
7
1
1
1
1
29
3
30
9
23
46
2
1
23
1
2
12
1
11
1
1
8
1
26
1
5
4
1
2
1
3
6
25
1
6
2
11
1
3
20
8
2
9
1
1
1
1
4
4
27
2
1
3
3
1
24
7
5
3
2
3
5
1
1
6
1
6
79
2
2
1
4
1
1
4
1
2
3
1
1
1
1
2
4
2
4
1
2745
45
3
5
1
4
1
1
2
1
2
1
1
3
18
2
1
2
1
1
3
49
1
2
2
2
1
1
4
6
3
36
1
2
5
12
1
9
2
6
1
548
2
2
2
1
2
1
13
4
1
20
2
2
2
27
5
1
1
2
2
10
1
3
1
2
1
1
1
3
7
1
29
6
1
7
1
4
3
3
15
9
1
3
1
1
3
1
1
5
1
3
1
8
1
4
2
4
5
1
1
6
1
1
1
10
1
4
3
1
1
1
1
3
2
2
1
20
5
3
23
1
9
1
11
2
16
14
1
5
3
1
2
5
8
1
1
1
4
9
2
2
6
9
2
5
2
1
1
1
1
1
14
1
1
6
5
27
4
2
2
1
3
4
3
1
1
3
1
2
2
1
1
1
7
3
2
1
1
28
1
10
2
4
3
1
1
1
1
3
1
6
1
3
1
3
5
1
5
1
6
5
4
1
10
1
1
24
1
1
2
1
40
32
2
1
1
3
2
6
8
2
5
25
1
200
3
1
1
7
1
87
3
6
5
2
5
3
1
1
1
1
1
2
1
2
1
4
4
3
3
4
1
1
4
1
28
5
2
1
34
1
13
1
1
1
1
1
1
2
6
8
9
38
1
35
18
1
5
4
1
4
2
2
1
3
1
749
1
9
1
1
3
2
2
1
1
1
11
2
5
1
20
1
2
4
3
1
2
1
1
10
2
54
7
1
208
50
1
1
7
4
5
9
53
2
15
1
4
1
1
6
15
2
6
4
15
2
3
4
2
1
32
1
1
6
1
4
1
11
4
1
1
1
4
1
7
77
2
1
9
2
2
3
1
1
5
2
3
1
2
1
2
4
1
1
1
1
3
7
2
1
3
2
20
1
16
3
1
14
1
5
1
8
1
1
1
1
9
1
1
3
2
8
2
1
1
1
2
8
1
12
2
2
5
1
11
1
5
15
2
1
209
2
1
3
9
1
1
1
4
15
1
4
7
4
1
9
1
9
87
1
9
9
4
1
1
8
1
37
225
2
1
1
2
3
29
2
1
1
8
1
2
4
1
2
1
2
1
1
5
3
2
18
1
1
1
1
2
3
14
1
1
1
1
4
2
1
1
1
2
3
2
5
4
6
473
3
1
87
2
1
1
1
6
1
1
14
1
2
7
3
1
1
2
1
2
2
6
2
2
3
2
5
1
2
1
5
1
1
2
10
2
5
15
4
8
7
1
1
4
8
2
1
4
1
1
3
3
1
2
2
1
2
2
11
2
1
1
3
1
1
3
1
21
1
2
1
1
1
3
33
8
1
3
7
4
1
3
1
7
13
1
1
6
4
15
1
1
1
1
4
4
1
5
19
1
3
3
9
3
6
1
1
6
2
1
4
1
57
2
8
14
2
1
2
30
5
1
2
1
1
1
3
58
4
5
1
14
2
6
2
3
1
3
1
2
2
2
1
2
4
2
1
2
2
1
34
1
1
26
1
1
3
13
1
2
1
1
1
1
1
1
1
7
1
6
2
1
1
3
4
1
9
1
1
1
1
6
2
1
1
6
13
1
2
38
1
31
3
1
2
2
3
2
3
1
4
3
1
1
5
1
3
5
7
1
6
2
5
12
1
2
1
2
7
2
3
2
6
1
1
7
3
2
1
1
2
1
1
1
1
162
6
1
1
2
4
3
16
17
1
2
1
4
2
3
2
3
2
4
1
5
1
1
12
1
1
1
31
1
1
1
16
1
3
1
2
3
1
10
1
1
6
6
10
1
4
1
3
1
28
2
2
1
1
6
6
3
3
1
1
3
3
2
1
1
3
1
2
1
1
7
6
1
1
1
23
1
2
42
1
11
2
3
3
3
3
11
1
1
7
1
48
6
22
1
4
1
13
1
1
39
4
30
2
1
1
1
3
1
1
2
4
1
1
1
1
1
7
75
1
1
1
2
1
11
1
101
1
2
5
2
1
1
1
4
2
1
3
5
2
1
1
1
5
26
1
100
1
1
3
33
27
1
14
1
19
7
5
1
5
1
1
2
11
2
9
2
2
3
29
2
7
1
1
2
2
1
5
1
6
1
14
6
2
5
1
1
6
1
1
276
3
1
2
1
4
1
20
2
13
1
3
3
1
6
1
2
7
54
3
5
1
8
4
19
34
5
1
1
2
1
1
1
224
2
1
3
6
3
93
1
5
2
2
5
2
1
1
28
1
1
2
2
10
7
1
11
1
2
8
83
1
1
9
2
1
12
2
31
1
46
1
1
1
2
9
1
2
1
5
3
1
1
12
1
1
7
1
6
12
13
1
2
1
67
1
2
1
2
1
2
4
2
1
2
1
1
1
5
1
1
1
1
1
1
2
1
3
6
1
2
416
1
1
5
1
26
1
1
2
1
2
1
2
1
7
9
3
6
1
8
1
1
2
1
1
265
1
1
1
3
4
6
43
1
1
538
1
3
6
1
1
1
1
1
1
1
1
1
1
3
1
14
130
12
1
1
2
2
1
12
3
5
3
2
1
6
4
10
114
2
1
38
1
2
1
3
144
1
2
6
1
1
2
16
1
7
2
4
4
5
1
1
1
1
4
1
4
1
1
8
1
12
1
1
1
2
1
2
2
2
2
1
4
4
2
1
1
4
1
1
1
3
2
8
3
2
6
2
1
1
1
1
1
1
2
1
1
3
3
1
215
1
8
1
2
2
2
6
1
18
19
1
2
5
8
1
8
1
1
86
315
4
1
8
3
200
12
4
2
1
3
2
1
24
1
9
2
1
3
5
5
1
1
33
1
1
4
1
40
1
7
1
1
2
3
2
1
1
3
1
3
2
1
401
7
8
48
4
1
2
1
5
2
6
1
3
3
1
2
28
1
6
3
3
9
1
2
2
7
5
1
1
10
5
1
101
3
1
2
1
2
1
11
1
4
1
2
13
4
1
18
6
2
8
4
1
2
10
1
368
1
2
267
1
1
1
7
1
1
1
2
1
2
13
1
1
1
3
1
1
4
1
3
5
1
4
2
3
47
1
4
1
57
1
4
1
8
6
1
4
10
4
8
14
1
3
21
2
1
11
1
1
1
17
10
1
1
6
1
1
1
1
1
15
1
1
2
1
1
1
1
1
2
74
1
4
7
1
2
14
33
2
2
1
3
3
1
446
2
1
1
1
10
1
1
4
6
2
8
1
12
1
2
3
1
1
1
3
2
1
4
1
3
2
1
8
30
1
2
21
1
23
1
5
6
1
2
47
1
6
4
8
6
2
1
1
8
1
11
1
1
2
31
3
1
2
8
2
1
1
1
1
3
2
6
1
1
2
3
7
1
4
3
1
1
2
1
2
11
1
7
1
1
3
2
1
1
1
3
50
3
14
1
9
4
7
3
3
4
1
2
11
1
3
3
6
8
1
1
2
1
8
26
1
1
4
3
4
4
1
26
1
2
1
2
7
4
1
22
1
1
2
1
1
1
22
2
11
2
2
3
9
144
1
3
1
14
1
8
1
23
1
1
1
8
6
11
1
603
5
2
2
12
1
6
7
1
2
1
8
3
1
6
5
5
1
3
1
3
1
1
7
4
1
40
1
1
1
6
1
67
2
16
4
1
1
3
1
2
1
16
4
2
1
1
3
10
4
1
3
1
9
6
3
1
1
1
1
1
1
2
1
1
1
2
1
10
4
1
29
1
8
12
2
7
17
2
1
1
2
1
7
3
2
1
5
3
1
4
1
1
14
2
2
1
2
1
1
4
1
1
6
1
31
1
1
1
6
84
1
5
2
1
2
1
1
2
2
3
1
1
2
5
1
2
5
1
1
9
1
7
3
2
6
1
7
1
1
2
2
3
9
1
46
2
1
4
1
6
8
1
2
10
1
2
7
1
8
1
1
1
7
1
7
12
11
1
3
1
52
1
1
1
3
1
11
1
2
5
2
1
15
1
1
23
5
1
6
6
1
1
1
1
1
2
4
1
3
4
2
24
1
2
13
3
20
1
3
2
21
4
5
5
11
1
46
1
1
3
3
1
4
1
1
3
1
2
2
2
1
2
4
2
1
3
4
1
7
1
5
1
45
1
2
10
3
2
1
4
3
3
1
3
3
1
3
1
2
1
23
2
1
1
1
3
5
3
3
2
1
1
2
8
1
2
1
3
2
1
5
3
1
4
1
2
1
3
2
37
1
6
2
2
3
2
12
8
1
3
1
2
1
1
8
1
1
1
2
3
8
3
1
2
1247
2
1
2
1
2
1
8
1
2
1
3
2
1
1
2
2
182
1
1
1
6
3
1
1
2
1
16
8
203
1
1
3
1
3
6
1
1
10
1
4
1
2
1
8
3
2
8
2
1
11
1
12
1
83
1
1
2
54
35
2
6
6
10
1
1
1
4
1
1
10
2
1
3
5
2
3
1
1
1
19
3
1
3
2
1
11
3
1
2
1
1
5
14
5
1
2
2
1
36
7
1
16
2
3
1
35
1
1
1
2
8
176
2
1
12
2
1
25
1
3
3
1
1
4
13
1
1
1
1
3
1
49
2
21
2
1
1
17
2
3
2
1
1
1
17
7
3
1
2
1
4
1
12
9
3
1
3
1
1
4
1
13
3
132
1
1
1
24
1
1
2
4
2
1
3
1
1
3
5
1
4
3
1
7
1
6
1
1
7
3
1
2
4
2
4
1
1
27
1
1
1
240
1
1
1
1
1
7
1
1
8
1
3
50
1
4
6
1
2
1
1
1
6
1
4
1
10
1
1
713
1
2
1
1
1
1
6
1
19
1
10
2
3
1
13
3
1
9
5
3
32
1
10
2
1
4
6
1
6
2
1
11
1
6
1
26
1
3
1
1
3
7
1
5
1
2
2
1
7
4
12
1
2
1
1
3
1
1
1
1
1
25
2
35
2
4
1
1
34
1
5
31
1
6
1
5
2
9
1
295
1
1
7
7
2
10
1
8
5
1
1
1
1
3
3
1
1
1
1
13
46
12
1
1
1
2
1
2
6
2
2
2
23
1
1
1
1
6
3
2
1
1
6
2
4
3
5
6
4
13
1
1
9
1
1
1
9
1
1
2
1
1
5
1
1
171
6
2
2
62
2
1
1
2
1
3
6
200
1
7
1
1
164
1
24
1
12
2
4
1
2
329
1
1
3
6
1
1
1
4
1
38
2
1
1
3
21
1
42
2
39
53
1
9
4
7
6
65
40
1
10
1
16
1
4
9
1
20
11
5
33
5
1
1
137
1
2
5
4
1
1
35
5
23
1
2
6
1
4
10
2
1
3
7
1
5
3
1
3
3
2
1
1
1
9
2
2
1
10
4
4
4
1
21
2
1
2
4
1
1
2
3
1
1
1
1
1
16
1
4
1
1
2
1
1
124
1
2
3
1
1
1
2
3
2
1
1
1
7
5
1
7
43
135
5
2
3
61
1
2
1
1
2
1
1
4
2
1
1
13
2
1
1
7
1
1
1
1
5
112
1
7
184
2
1
1
1
75
1
12
4
4
1
1
1
15
1
1
3
2
10
1
1
11
57
2
2
2
53
4
1
1
5
1
1
8
1
2
2
21
2
1
3
1
16
3
1
80
4
1
1
2
2
2
1
1
2
6
12
1
2
1
2
1
33
1
1
1
13
2
1
4
4
1
1
1
1
1
3
2
3
5
2
7
11
2
1
143
1
9
5
1
3
1
11
1
1
1
16
1
8
1
3
1
1
1
4
2
8
1
1
2
1
20
1
31
3
3
3
6
1
2
1
4
2
8
1
13
2
23
1
1
1
2
9
1
6
3
16
10
17
5
3
1
23
3
1
26
1
2
17
1
1
4
2
6
1
30
1
6
1
3
1
2
1
1
2
5
3
2
2
4
1
1
1
1
38
2
1
1
62
3
1
2
1
11
5
1
2
2
1
39
1
2
1
1
1
1
1
20
3
2
6
1
1
1
18
1
1
2
1
1
1
1
4
1
4
3
1
1
1
3
7
1
5
1
1
2158
2
12
1
1
4
1
2
27
2
1
1
1
13
9
2
16
1
3
1
3
26
6
3
1
2
1
1
1
1
2
49
2
1
1
14
1
7
1
38
1
1
9
6
2
6
3
4
1
1
2
1
11
1
1
38
17
1
1
1
1
1
8
18
1
2
12
2
2
3
1
1
2
2
2
50
1
1
1
1
1
2
1
6
3
3
1
1
2
5
1
27
1
1
4
1
22
5
4
3
3
1
7
12
4
2
4
1
1
7
2
9
3
1
2
2
1
2
4
1
10
1
1
9
2
1
8
1
20
1
2
1
6
9
1
2
2
1
12
4
3
1
2
8
4
4
1
1
1
1
1
1
1
59
2
1
1
2
1
22
1
1
2
4
15
14
20
1
1
1
1
1
1
1
1
7
1
2
2
1
1
3
1
1
1
2
2
4
2
1
5
3
5
2
4
1
5
1
4
2
6
2
3
1
10
16
1
2
3
3
6
4
3
6
2
1
1
1
9
1
4
1
3
1
77
4
1
1
3
4
1
6
1
1
2
6
1
6
1
18
5
1
2
5
1
1
4
1
5
4
2
2
4
1
20
1
18
1
1
10
1
3
14
1
36
165
1
1
8
1
1
2
1
1
3
3
25
2
1
2
1
32
1
5
2
1
2
1
10
2
4
3
13
5
9
1
22
1
149
1
1
1
2
2
6
1
3
1
12
2
3
14
1
10
1
4
3
3
1
1
5
1
5
1
140
7
5
6
2
1
12
2
1
50
3
26
2
7
1
5
1
1
2
1
2
2
4
1
2
28
2
1
2
5
2
9
2
269
2
3
4
8
6
93
1
1
4
1
4
4
1
2
4
25
1
11
61
1
2
2
4
6
7
1
2
1
2
1
17
2
5
2
1
1
10
3
2
4
1
1
1
4
1
4
17
1
1
2
1
4
1
7
7
5
1
1
1
1
1
1
1
3
1
3
3
2
1
81
3
3
2
45
1
4
1
54
1
5
3
2
66
18
1
23
31
5
22
1
1
1
2
2
3
2
45
35
8
1
1
1
3
3
5
5
40
3
1
1
1
1
2
13
28
1
3
1
3
1
9
64
4
9
1
6
4
2
1
6
1
2
2
4
7
36
11
7
3
1
5
2
2
3
1
1
1
2
1
2
1
4
7
1
1
4
132
1
6
1
8
1
18
2
1
1
4
2
4
1
1
4
25
2
30
1
1
11
10
5
127
1
1
1
2
1
1
3
2
2
1
1
11
1
1
1
3
1
49
8
3
2
2
1
5
4
3
21
1
1
1
1
3
1
2
3
2
3
2
5
1
8
4
18
1
1
2
2
2
17
2
3
1
1
1
2
2
1
1
1
1
4
22
1
1
1
1
1
1
2
1
2
1
3
4
1
1
1
4
2
5
1
4
1
1
11
4
15
1
2
2
1
7
5
37
1
2
1
13
1
7
2
1
2
7
41
1
8
2
1
1
5
4
4
4
16
1
1
3
2
1
1
10
5
1
2
3
1
11
2
4
8
3
10
2
1
1
2
2
3
1
13
2
7
1
1
2
1
1
1
644
2
2
7
5
2
10
2
2
3
2
2
1
1
1
1
1
2
12
41
1
3
5
41
1
10
28
1
1
1
2
1
3
5
3
1
1
10
1
1
4
1
1
1
4
2
11
1
1
2
1
2
71
29
1
1
1
3
2
3
1
16
3
1
1
1
4
5
2
3
6
1
4
1
1
1
18
2
39
1
1
1
1
1
3
4
12
1
17
2
15
1
6
1
3
15
1
4
1
1
1
1
2
1
3
1
28
3
2
10
2
2
1
10
19
10
2
4
5
9
2
6
10
2
1
40
3
2
1
19
2
1
91
4
41
19
1
5
194
4
8
3
1
1
1
1
1
25
3
14
4
1
1
2
1
1
1
1
4
4
10
2
14
1
1
4
5
1
3
7
4
8
1
6
1
3
1
122
1
2
6
2
2
3
3
9
1
1
1
1
1
5
1
4
2
5
4
4
2
17
1
2
1
18
1
5
21
2
8
4
1
1
5
4
2
4
1
7
7
2
1
9
7
1
1613
1
1
1
30
4
2
2
2
4
6
5
1
4
1
1
2
7
5
2
5
3
1
54
1
2
3
6
1
1
1
14
1
2
1
1
2
3
1
52
1
2
1
1
3
3
2
17
28
4
1
6
2
1
6
1
4
1
4
1
4
1
1
2
4
2
1
2
1
2
1
2
1
12
6
2
2
1
8
3
4
1
3
2
3
2
1
1
7
4
2
1
2
1
1
2
9
1
2
3
10
3
3
1
2
4
1
1
2
1
2
10
3
1
7
3
1
12
19
1
1
1
1
1
2
11
1
5
19
1
17
10
1
3
11
1
1
1
8
11
5
1
6
1
31
1
15
1
1
1
2
3
1
9
37
3
5
1
4
7
3
1
5
4
3
1
1
2
1
4
3
10
1
1
2
1
3
2
1
6
1
2
11
1
31
7
1
3
23
1
8
10
2
1
3
14
1
1
1
5
5
2
6
1
2
1
6
22
6
1
1
3
6
1
1
2
1
7
5
1
1
21
1
4
2
1
2
1
8
1
1
1
1
2
4
1
34
1
1
1
103
2
1
18
9
1186
1
1
1
1
2
1
8
1
2
41
3
1
2
1
8
2
29
1
13
2
14
1
1
61
2
6
26
4
5
1
1
1
5
1
133
17
3
2
3
1
1
2
6
4
4
9
4
3
2
10
2
4
17
1
62
1
1
6
2
2
1
1
1
47
1
1
1
2
1
3
1
1
1
1
4
8
10
10
1
4
2
2
5
1
1
7
8
2
1
1
5
1
3
6
1
1
8
23
1
2
1
2
4
1
1
2
1
4
4
1
1
1
1
22
1
3
2
2
8
1
1
2
1
71
1
1
8
4
3
58
1
4
1
2
1
1
13
4
5
1
3
1
1
1
2
1
1
1
1
4
2
4
37
1
21
1
10
5
2
15
1
6
10
1
1
6
1
13
1
3
2
57
5
2
11
1
1
1
5
1
1
1
2
2
1
1
1
23
3
14
1
1
6
6
3
3
2
1
19
1
2
7
2
3
1
1
5
2
1
10
2
4
2
1
1
2
8
1
3
6
4
1
1
2
1
1
88
1
2
2
1
1
1
4
14
2
1
7
3
2
1
15
1
28
102
13
2
5
16
1
2
2
1
2
1
2
12
1
1
1
61
1
1
3
1
6
1
5
1
2
6
1
1
43
7
1
1
2
3
3
1
1
1
1
8
1
4
2
3
14
1
2
1
1
12
1
1
7
1
3
1
2
3
1
1
2
11
2
1
2
5
14
7
3
2
1
8
4
13
2
6
1
7
7
1
48
2
1
1
19
48
1
1
1
1
1
7
1
1
7
1
12
1
2
1
8
1
3
1
1
2
1
1
1
14
2
3
2
1
1
64
2
4
1
18
77
3
1
2
1
1
3
4
4
4
2
2
3
3
1
2
10
1
1
3
1
6
1
3
1
1
1
1
12
1
1
1
1
3
1
19
1
1
281
1
4
6
8
1
1
1
1
6
2
4
1
1
1
1
1
1
1
1
1
2
5
2
2
2
2
1
1
15
2
2
3
37
3
1
1
1
3
2
1
1
2
3
1
1
1
2
8
7
2
38
3
2
1
125
4
8
1
1
1
6
1
1
1
1
12
1
1
3
1
1
5
21
2
14
3
1
82
1
13
1
1
1
10
12
4
1
1
2
10
1
41
15
1
3
1983
2
3
1
3
4
16
8
1
1
1
3
4
6
35
3
3
1
1
7
2
1
12
3
14
3
1
2
3
2
88
1
1
1
70
1
1
2
14
2
1
3
2
1
1
3
4
1
5
1
3
3
1
2
1
1
2
1
19
2
6
1
1
12
1
9
5
1
3
5
4
5
7
1390
1
1
1
1
94
1
2
1
6
1
3
2
61
1
2
3
3
1
6
2
3
2
1
1
6
1
1
4
1
1
3
1
3
1
6
2
5
1
6
15
3
2
4
2
12
2
1
1
2
1
1
6
1
3
1
4
31
4
1
2
67
4
2
6
3
2
1
5
1
1
10
7
2
5
1
3
1
7
2
1
1
1
1
26
3
1
5
2
2
1
2
44
1
4
1
1
1
1
2
1
1
2
2
8
1
2
1
29
1
1
3
79
8
1
3
2
1
4
4
1
36
3
1
19
2
3
3
5
179
4
2
3
2
12
1
3
2
1
1
1
3
6
1
1
1
2
20
2
1
1
9
1
2
3
1
3
4
4
1
4
1
5
1
3
3
1
11
1
2
8
2
3
6
1
14
1
2
106
1
27
2
18
3
1
2
4
1
2
1
1
3
1
3
2
17
2
24
3
4
1
2
4
1
2
7
2
1
1
60
4
2
10
2
3
1
1
1
4
44
4
1
1
5
1
1
4
3
6
25
1
7
1
12
1
1
3
2
1
22
9
1
8
1
2
3
1
1
18
1
1
6
1
4
2
1
8
4
2
11
1
3
1
10
3
1
14
1
123
1
1
5
1
5
2
7
5
1
9
1
1
2
783
1
2
1
4
14
3
1
1
2
3
1
2
1
54
6
1
26
1
17
2
13
3
14
16
3
3
10
37
3
56
2
41
3
1
2
139
1
62
4
26
1
62
2
1
3
1
1
26
31
3
19
2
1
4
1
11
1
1
12
2
1
1
1
11
1
36
2
1
1
3
11
1
8
1
3
8
1
1
1
16
1
1
4
3
11
1
6
1
3
4
2
2
9
5
4
6
2
2
2
1
4
16
1
6
2
5
1
1
15
1
3
2
8
4
3
20
1
26
2
1
4
2
1
3
1
1
9
2
53
1
2
1
1
9
2
1
1
1
21
1
2
4
10
1
1
12
5
2
2
30
13
1
1
344
1
2
1
3
2
25
1
4
2
4
2
1
3
1
23
1
116
1
1
2
2
1
4
1
41
1
2
4
1
1
3
4
121
1
1
5
2
61
3
1
58
43
1
3
3
1
1
1
2
2
1
9
1
1
3
1
8
51
1
5
29
1
5
2
7
4
40
1
6
1
4
3
2
1
2
1
1
9
1
1
2
9
1
1
6
4
1
1
1
1
3
7
1
1
2
10
4
1
1
6
2
1
1
6
2
1
1
1
1
1
4
1
1
4
3
13
4
2
2
1
7
2
2
1
8
12
1
11
2
1
10
2
5
1
30
1
2
4
21
7
1
30
4
66
6
1
5
3
1
4
1
57
3
1
1
1
5
4
5
2
1
29
1
6
1
3
9
1
1
8
1
2
3
2
1
1
11
1
16
1
1
3
9
6
1
17
85
1
8
1
6
3
1
1
2
2
1
1
5
3
1
3
19
1
1
1
2
3
10
2
4
10
24
17
1
7
1
1
1
2
2
3
1
3
1
160
1
2
7
1
1
9
8
2
6
2
1
75
1
4
19
16
2
2
2
2
1
12
1
1
2
1
2
1
1
1
1
1
4
3
4
7
2
1
1
8
1
25
1
1
3
3
4
2
3
1
6
1
7
2
2
6
2
5
2
1
2
1
23
2
1
3
2
1
2
1
2
3
7
1
4
4
1
4
1
2
2
3
1
11
4
10
14
1
1
66
3
10
1
2
2
1
2
1
13
1
4
1
2
1
3
46
3
2
1
13
1
1
2
2
1
3
1
1
1
1
6
78
1
11
1
1
4
1
1
10
1
2
1
2
1
15
4
1
3
5
2
1
1
1
2
4
1
3
56
1
6
1
1
8
2
4
2
1
2
2
16
1
1
91
54
1
61
5
2
4
4
8
4
2
8
3
1
609
4
1
2
1
1
1
28
10
2
1
1
3
2
3
8
1
2
49
3
2
63
9
4
13
1
7
2
3
1
1
3
1
2
886
3
19
3
2
3
4
1
6
4714
1
3
1
2
2
1
9
26
15
1
7
1
16
1
3
4
7
2
1
2
2
1
1
1
1
1
2
4
3
1
34
1
14
1
1
8
1
7
1
8
1
9
14
1
1
2
20
1
9
6
1
2
35
1
41
1
1
1
1
1
2
1
4
1
1
4
1
2
1
2
2
2
1
1
2
2
1
67
1
17
5
13
1
1
53
1
1
2
1
6
4
1
16
1
4
2
8
1
1
2
11
2
1
1
1
1
1
8
2
12
1
4
4
2
1
1
1
6
1
1
11
12
1
8
1
8
3
32
1
1
1
1
6
1
2
37
1
1
1
2
3
1
49
1
273
2
1
2
3
10
1
46
1
14
2
5
4
1
5
1
20
1
9
1
1
2
4
163
1
105
8
5
104
3
3
8
4
1
5
1
15
16
2
7
3
4
2
9
3
1
1
2
109
2
17
1
4
8
1
2
12
1
1
3
1
2
3
1
1
6
4
9
1
1
1
16
339
7
1
12
1
28
5
1
1
3
3
2
2
1
18
3
3
1
2
1
2
2
9
1
2
142
1
3
1
2
1
3
2
20
2
1
2
11
2
1
6
1
1
1
5
11
1
1
2
1
22
2
1
2
1
2
1
1
5
5
1
1
4
1
1
229
6
10
1
4
4
5
1
4
11
1
7
178
6
1
1
1
8
2
15
1
3
1
2
8
1
3
7
3
3
1
1
1
6
1
7
1
2
1
5
4
1
4
8
1
1
21
17
2
2
1
1
11
11
8
2
22
1
1
6
80
6
1
9
2
1
1
1
1
1
1
38
1
4
1
2
3
646
1
5
1
1
2
1
2
2
3
6
4
1
3
1
3
6
43
1
1
2
1
2
2
1
7
1
6
1
11
5
1
2
3
1
102
3
1
1
1
1
6
1
1
8
6
6
1
2
2
1
1
7
6
1
5
2
1
1
1
1
10
1
2
1
3
1
12
3
1
37
3
1
3
95
2
2
1
3
7
1
1
1
1
2
3
4
2
1
1
3
9
2
1
2
1
4
1
12
9
4
1
1
1
1
1
1
4
1
1
1
3
4
10
5
1
3
2
20
7
3
1
4
3
5
5
7
1
1
1
1
1
5
1
1
7
29
2
2
2
16
4
1
3
4
2
1
11
2
1
3
1
3
4
2
1
1
1
17
1
1
1
1
1
1
1
1
11
1
1
1
2
2
1
4
2
3
1
1
1
3
1
7
1
1
98
1
9
12
32
1
1
2
1
3
4
2
7
4
1
1
4
1
1
1
1
3
6
4
2
10
1
1
2
1
3
2
1
1
1
11
11
1
3
1
1
1
4
3
56
1
1
2
1
3
1
4
1
17
1
3
1
1
275
1
10
2
2
1
1
21
1
2
3
1
3
3
1
1
1
4
3
5
2
2
2
1
2
1
4
2
1
2
1
1
1
1
1
12
1
2
5
1
1
1
1
1
6
1
1
1
1
1
1
67
3
2
622
1
24
4
1
1
1
3
7
1
2
2
3
1
4
1
3
2
4
19
2
7
1
4
3
1
2
1
207
1
1
1
1
5
1
2
1630
1
3
1
13
113
1
4
1
1
1
1
3
36
38
1
10
2
2
2
1
3
11
656
3
1
1
5
1
4
2
3
1
4
3
4
1
1
2
1
6
1
7
2
1
43
1
2
4
278
1
6
13
8
1
2
5
1
1
1
6
1
4
2
5
1
3
4
1
1
3
90
1
4
2
2
1
1
2
1
1
3
2
13
9
1
13
7
1
7
1
4
1
28
3
7
2
1
1
2
1
26
1
4
1
1
2
2
21
1
2
1
13
1
1
1
2
2
1
1
2
7
1
5
1
4
1
10
6
1
3
1
1
7
1
12
1
10
1
1
4
1
1
1
1
1
1
1
6
9
2
7
2
11
1
3
1
1
2
1
18
1
1
6
252
9
1
88
1
17
4
1
3
3
2
1
2
12
12
1
1
1
7
1
2
1
4
8
21
1
1
1
1
1
1
5
1
2
1
2
3
7
6
1
10
1
3
36
3
1
4
1
10
11
2
8
1
2
9
9
1
2
9
34
4
1
5
4
1
1
4
2
3
1
3
2
2
31
6
1
12
4
3
8
25
1
1
2
1
1
2
8
10
3
4
9
1
3
1
1
1
1
2
5
7
2
1
9
1
3
122
10
1
5
1
1517
1
1
1
2
2
1
1
1
1
21
1
1
1
1
1
3
1
9
1
91
2
2
1
1
2
7
18
1
1
9
1
80
2
1
1
2
6
1
15
1
1
4
19
46
10
1
4
3
3
2
610
3
1
2
1
1
1
4
1
3
11
1
133
3
1
2
1
3
1
1
17
1
1
2
4
1
10
3
2
24
1
2
1
8
10
23
5
1
1
2
2
11
1
6
2
1
4
10
50
3
1
5
1
1
1
6
6
1
1
2
2
1
1
2
11
7
1
1
1
5
9
13
1
19
1
1
1
1
1
1
20
1
2
4
1
194
2
1
1
7
1
6
1
2
3
4
1
1
595
2
1
4
71
1
4
2
6
1
1
2
1
4
1
25
2
27
1
45
2
5
1
2
1
1
6
1
4
1
4
1
25
4
1
27
2
1
9
1
4
2
5
1
2
3
2
1
1
1
2
3
1
2
6
2
1
3
1
1
1
7
19
5
1
2
1
1
1
1
3
1
10
4
231
25
13
1
10
1
56
1
6
1
3
1
1
2
2
9
7
11
7
7
1
6
1
1
2
21
2
1
1
2
3
1
2
1
1
1
1
1
1
1
4
2
3
1
5
1
1
1
1
4
59
7
4
1
4
1
10
1
6
2
2
1
1
120
14
2
2
9
3
6
1
10
4
1
1
1
4
3
4
1
23
1
1
1
3
1
1
4
2
1
2
1
5
1
1
1
1
3
1
5
3
10
1
6
1
1
1
3
3
2
2
21
13
10
1
1
2
5
1
5
3
8
1
5
1
1
1
1
1
34
6
2
1
1
4
25
8
2
3
3
1
58
8
1
1
1
4
1
5
1
1
3
2
4
1
8
1
3
1
2
2
3
13
1
1
61
8
1
3
1
2
1
1
1
1
22
2
1
1
8
1
5
2
21
2
2
3
2
2
1
2
1
5
2
3
1
2
2
4
3
1
1
34
1
4
10
1
1
1
5
1
1
1
2
2
2
2
13
2
2
7
1
10
1
3
10
3
1
1
3
1
6
1
2
1
1
8
2
1
15
1
13
4
5
1
2
2
3
2
1
14
1
1
1
1
2
1
9
1
3
6
2
1
3
1
9
1
19
6
1
1
3
2
85
2
1
50
1
51
1
12
2
1
6
42
2
1
1
1
1
2
21
12
26
1
117
1
1
2
1
4
1
1
8
1
1
1
1
2
2
2
3
1
1
1
4
2
18
74
1
3
1
4
10
1
2
2
1
1
1
3
3
1
1
2
1
8
3
1
5
1
2
1
20
1
4
12
5
1
1
1
23
1
10
1
1
1
1
2
1
2
1
2
2
20
1
1
1
3
4
4
1
1
3
4
3
1
7
2
1
7
2
6
5
9
1
1
1
3
3
1
3
2
5
1
7
1
3
16
7
6
21
1
4
1
1
1
1
4
1
7
4
6
2
2
3
2
18
7
2
1
1
13
3
83
3
1
5
1
5
1
1
2
5
2
2
1
4
15
2
2
1
439
1
1
155
2144
2
1
2
9
1
1
2
19
1
1
1
3
2
1
1
5
13
7
3
1
1
1
2
44
1
1
3
1
3
1
3
1
1
10
7
5
1
1
2
5
25
3
1
40
1
6
4
1
35
1
2
1
1
1
26
4
23
1
1
2
3
1
2
1
35
1
4
7
19
1
2
4
5
11
5
2
1
16
1
14
1
2
8
2
1
34
1
1
2
1
4
37
5
2
5
340
1
5
1
2
2
6
100
1
69
1
4
2
82
1
3
1
2
4
5
1
41
4
1
15
2
12
2
1
1
1
5
946
1
4
1
4
6
3
3
3
15
28
2
1
2
2
115
3
1
7
1
5
11
1
2
3
2
8
1
1
1
8
23
1
7
1
1
11
4
3
1
12
1
1
2
2
2
1
1
2
14
1
4
2
1
2
3
2
2
4
1
2
20
1
2
1
1
2
1
2
1
1
1
11
7
1
1
1
11
6
2
1
8
1
1
11
3
9
4
9
8
3
1
1
23
1
2
4
4
1
29
1
9
1
18
3
30
1
6
1
1
1
8
2
1
3
1
6
1
1
2
4
18
2
3
1
3
1
1
1
93
2
17
454
3
1
193
6
17
3
1
1
10
1
1
19
1
2
3
1
6
1
1
1
1
1
5
2
24
1
37
1
487
11
1
2
2
2
5
1
1
5
2
2
1
1
1
1
5
2
6
1
74
5
7
2
37
1
3
9
1
5
1
5
1
1
1
8
2
23
2
3
1
1
1
1
3
22
1
2
1
7
2
1
18
1
3
3
13
1
2
1
1
5
1
42
2
11
1
1
12
1
7
1
2
3
1
1
23
1
1
1
2
9
1
3
22
1
7
1
1
8
2
2
15
1
6
3
26
5
12
1
3
6
2
22
32
1
8
89
1
6
1
3
1
29
2
1
1
1
1
3
2
1
1
1
18
1
1
6
2
8
4
1
2
1
2
16
2
2
1
1
3
1
1
2
2
1
1
3
1
25
2
7
2
6
29
3
1
2
15
1
2
9
1
7
1
2
1
1
3
5
2
1
1
1
3
6
1
1
1
1
2
1
4
2
4
2
3
1
2
3
762
3
2
1
6
7
1
1
1
185
3
2
13
6
1
2
1
2
7
4
1
1
1
1
7
1
3
14
11
1
2
1
5
2
4
1
2
1
1
1
7
1
94
1
1
2
3
665
1
2
1
5
9
1
1
1
2
1
2
6
2
2
39
1
3
2
1
8
1
10
1
2
7
2
1
1
34
1
29
1
1
27
1
1
1
2
17
1
14
8
1
2
1
10
11
80
4
1
1
1
1
9
3
1
2
20
1
5
4
1
1
6
14
3
1
1
25
22
1
4
1
1
285
22
1
4
2
1
2
1
6
5
2
68
2
1
1
1
3
20
2
1
2
1
1
2
1
1
1
15
1
9
1
1
4
1
1
1
1
4
1
2
1
8
1
27
1
1
1
1
1
1
1
2
3
2
9
2
1
4
1
2
4
6
7
2
2
1
3
1
6
2
2
1
1
3
1
18
24
1
4
2
10
1
205
2
9
10
3
4
13
1
1
1
1
1
35
5
1
27
5
1
1
2
1
6
1
1
24
2
1
2
2
1
3
2
8
1
2
5
1
2
3
3
1
3
2
1
1
2
1
25
1
3
16
1
116
1
5
3
1
1
7
5
1
1
1
1
2
2
3
5
11
3
1
499
3
16
2
1
4
1
5
4
1
2
2
1
23
3
21
12
57
1
2
5
2
5
2
15
2
1
1
1
5
1
1
1
2
1
3
1
3
3
1
7
1
3
1
6
3
1
5
1
25
7
2
2
5
5
3
5
1
4
1
1
2
1
1
2
3
1
27
15
9
1
1
1
10
1
2
1
5
2
1
2
87
1
2
1
2
1
1
5
1
2
1
3
28
1
5
6
1
8
1
2
1
1
5
1
6
3
1
36
1
2
1
2
8
5
2
2
2
5
1
4
1
17
1
1
15
53
1
15
5
1
2
3
2
2
6
50
3
54
5
5
2
7
1
1
2
7
41
1
2
4
1
1
1
10
1
2
4
2
3
9
1
6
1
1
2
1
2
8
1
5
1
6
13
2
1
10
1
11
2
6
1
78
1
1
4
1
2
1
4
1
17
2
1
3
1
2
2
30
1
4
2
1
14
2
2
1
7
1
1
1
1
2
1
2
1
19
1
5
432
3
23
1
10
20
3
1
2
8
6
1
42
1
1
37
35
1
3
1
49
8
3
1
5
3
2
1
2
6
1
963664
1
1
1
31
5
1
7
1
2
4
11
6
1
1
24
1
2
1
5
1
5
3
1
12
3
3
1
2
1
1
1
5
2
1
3
8
1
1
1
1
2
11
3
1
3
13
1
6
54
3
1
30
1
1
3
1
59
1
3
1
4
1
2
4
2
2
3
1
1
3
4
6
16
5
4
1
1
16
1
2
1
1
5
3
34
78
2
3
1
1
39
6
4
2
18
3
2
3
1
8
3
2
3
12
1
2
11
1
10
3
1
2
1
338
2
30
3
1
1
1
2
4
2
6
1
3
1
72
1
2
6
1
2
3
2
2
1
1
1
5
1
1
1
5
4
2
9
1
1
2
13
1
1
21
1
4
1
2
2
8
9
11
1
1
3
1
3
1
1
1
1
1
2
4
1
16
1
1
1
1
18
1
1
9
4601
1
9
3
4
4
1
6
10
4
1
1
31
2
2
1
3
3
1
3
5
1
1
21
2
2
2
1
16
1
1
1
1
1
1
1
67
4
3
1
2
1
2
54
13
1
6
11
1
6
2
1
65
1
3
1
10
2
4
1
1
5
3
2
12
1
2
2
5
1
1
4
2
2
1
6
1
41
7
1
3
1
3
2
1
4
1
30
1
2
1
2
1
47
1
1
2
8
6
2
7
4
6
2
2
101
1
1
4
10
7
13
2
38
2
3
1
2
1
1
2
1
2
3
8
1
31
3
9
82
1
1
1
17
1
7
8
2
2
1
1
5
1
2
1
16
3
17
2
1
3
2
7
1
1
2
1
3
1
4
93
8
3
1
1
14
17
1
1
1
1
1
2
5
20
1
1
2
2
8
1
1
6
1
6
1
6
2
1
14
6
1
2
4
1
428
28
1
2
5
2
1
4
430
1
3
1
1
5
5
207
1
4
1
1
9
4
3
1
5
41
22
7
3
3
4
9
19
1
2
3
4
1
1
20
1
2
2
2
6
1
2
1
3
1
1
2
1
1
1
1
1
3
3
1
13
1
1
4
4
1
3
9
16
2
9
2
1
2
2
2
2
3
1
25
16
2
1
1
5
1
1
5
3
3
1
1
23
1
1
1
1
4
2
1
3
3
1
2
4
2
1
14
1
2
1
1
1
19
3
2
1
4
9
2
111
2
1
1
4
2
1
21
2
1
7
8
2
11
1
60
1
19
1
13
2
2
1
2
3
3
1
7
3
1
1
33
11
3
1
3
8
23
2
3
1
2
1
41
4
1
2
2
2
2
5
174
2
9
728
6
2
3
1
3
4
1
3
2
2
1
1
2
2
4
1
1
2
2
86
1
1
1
2
4
5
78
1
1
5
2
1
1
1
3
2
1
2
5
1
1
3
1
2
2
3
24
3
6
2
10
1
2
2
1
1
2
1
1
3
2
4
1
10
2
4
1
5
4
1
1
1
9
2
2
13
5
2
93
10
3
1
51
1
6
2
1
1
17
1
2
2
2
1
4
1
2
3
2
36
1
3
1
3
1
2
2
1
4
7
1
1
3
10
1
1
1
1
5
1
1
2
1
5
1
2
2
1
5
5
1
1
64
5
2
2
5
12
1
2
1
3
1
13
1
1
4
3
2
2637
1
12
2
2
1
2
7
1
11
2
2
2
3
1
3
1
3
1
137
1
2
8
1
16
1
3
1
5
4
2
46
1
1
8
3
1
2
2
5
2
1
20
48
2
1
8
4
5
5
1
1
1
1
9
4
2
152
2
4
5
5
2
6
3
1
5
10
1
1
1
1
1
10
1
16
1
1
13
1
2
9
1
1
43
1
2
1
33
1
3
2
10
1
1
16
1
2
2
1
1
1
2
3
6
5
10
1
1
15
3
2
215
3
1
11
1
4
5
2
6
4
1
1
1
2
1
3
