8
1
1
5
1
3
1
4
12
3
2
1
5
2
12
1
1
1
10
2
2
2
3
8
3
2
2
2
29
1
1
13
1
1
8
11
16
3
1
4
163
2
1
1
1
5
1
6
1
17
5
1
3
6
3
1
4
1
1
1
5
1
7
15
4
1
1
1
9
1
1
4
1
1
9
1
55
14
14
1
3
2
3
7
1
118
1
2
29
1
2
2
1
4
1
2
1
8
1
6
2
1
4
4
1
6
1
1
3
5
2
1
4
1
5
2
1
11
17
1
2
4
2
5
2
8
2
2
1
2
1
5
1
2
4
9
2
5
2
9
1
2
2
2
3
1
1
1
3
5
1
5
1
7
1
2
1
61
1
9
9
2
1
6
1
2
15
33
1
4
22
6
7
3
1
1
3
2
1
8
2
77
1
23
5
1
1
2
9
4
1
6
13
1
1
1
1
1
1
1
9
1
3
1
1
1
1
11
6
5
1
20
1
2
1
1
1
61
268
2
7
5
2
10
1
2
1
1
1
3
8
1
11
1
2
1
1
852
12
2
1
1
2
12
2
3
6
4
1
2
1
29
5
1
1
2
32
2
1
1
1
6
2
1
2
1
1
2
3
2
1
12
1
3
1
5
1
83
58
27
5
103
13
68
1
4
4
1
2
1
10
44
2
11
3
14
1
1
1
1
2
1
2
1
1
1
2
2
11
1
1
1
3
4
1
1
2
9
10
2
15
3
1
4
1
3
1
1
1
2
1
7
1
1
1
1
1
1
1
1
1
3
5
16
9
2
18
1
60
1
5
2
1
1
127
1
5
2
1
20
1
173
6
3
1
1
2
3
1
6
2
2
1
13
1
2
153
126
45
1
1
1
2
1
1
2
9
1
7
5
15
3
74
4
1
2
2
6
11
15
2
6
1
1
1
3
1
1
5
1
1
2
6
1
2
2
2
7
1
5
1
3
1
2
12
2
1
2
4
1
1
112
3
2
1
14
5
1
5
9
1
9
1
12
1
1
1
3
1
1
12
2
1
7
2
3
3
1
2
3
11
1
7
1
3
8
7
10
2
7
1
9
1
28
3
1
2
4
1
862
39
2
1
68
1
2
35
5
36
1
58
1
1
1
3
2
3
2
1
9
1
11
8
1
3
1
5
2
6
1
3
2
2
3
1
1
1
10
1
1
1
2
199
50
1
2
1
1
1
1
1
20
1
10
1
17
2
1
1
6
221
3
1
1
2
3
2
9
1
8
1
1
1
2
1
17
1
4
3
3
7
1
15
2
7
10
7
3
5
2
1
2
4
6
2
1
1
2
4
5
1
2
1
2
1
3
1
4
1
2
1
3
1
3
27
1
3
1
1
1
1
25
2
12
220
2
1
2
5
1
3
1
1
8
77
1
25
1
2
1
9
2
5
4
1
5
1
1
1
4
8
3
1
2
3
18
1
1
1
2
3
2
7
5
10
1
12
1
1
1
1
2
1
2
15
190
1
2
1
8
2
3
59
6
15
1
3
3
8
24
3
1
1
2
17
1
1
18
1
3
3
1
57
1
2
3
2
1
9
3
1
16
1
3
5
4
2
2
5
1
2
42
14
6
1
10
3
1
1
1
2
2
3
2
3
1
2
1
17
8
3
1
2
4
1
3
6
3
20
2
1
1
1
1
3
1
3
1
1
1
3
1
524
1
6
2
2
6
2
2
1
1
2
11
1
89
2
2
4
7
2
46
4
1
1
1
2
1
4
1
1
7
1
1
1
1
18
1
1
1
8
5
1
2
6
46
1
1
1
2
1
3
22
5
2
1
2
15
1
3
1
7
2
4
1
1
1
21
1
17
6
1
1
29
2
22
1
7953
1
1
3
4
2
3
1
1
3
2
1
5
1
7
3
11
1
7
3
1
9
2
2
1
1
2
14
4
3
1
6
2
2
2
1
25
2
4
1
1
4
2
2
5
6
1
1
1
1
1
36
8
1
2
1
1
1
2
1
4
2
2
1
4
1
2
21
2
257
7
2
2
4
3
1
3
1
38
2
4
1
1
1
1
1
2
6
1
5
29
1
10
5
7
1
1
1
1
2
2
2
3
1
6
5
1
2
15
15
2
3
1
14
1
1
1
1
2
1
4
19
1
1
2
1
1
1
1
1
1
1
1
1
2
1
1
3
1
1
1
2
30
2
14
1
1
1
1
1
1
47
2
4
1
1
1
1
1
13
158
1
1
3
1
2
1
1
1
1
1
1
6
2
32
1
11
37
2
1
7
2
5
4
3
4
2
5
1
2
1
12
2
31
1
48
1
3
2
2
2
12
1
16
2
6
1
5
1
1
1
11
1
4
7
3
2
2
1
3
8
1
1
22
3
5
1
17
2
2
1
7
2
1
1
1
1
4
3
2
5
7
1
2
2
1
1
4
17
8
1
1
2
14
4
25
1
1
4
1
4
1
1
1
1
1
5
1
3
1
2
1
3
1
38
2
18
1
13
9
2
5
2
1
6
1
5
1
2
1
2
2
3
2
2
2
10
1
9
1
1
12
2
1
1
2
1
1
2
2
1
1
1
2
1
2
10
4
25
1
147
5
1
1
1
1
1
1
17
1
3
9
1
1
1
4
3
3
9
1
4
7
9
25
2
2
6
1
3
2
1
1
1
2
2
1
30
1
4
3
7
1
11
349
1
7
1
18
1
6
3
70
1
2
1
2
3
4
2
4
4
13
1
3
3
1
2
1
1
2
2
12
1
3
1
3
1
1
1
3
5
1
1
130
1
1
2
4
2
58
1
10
2
3
1
1
1
2
5
2
5
12
3
1
2
1
10
1
1
1
17
1
1
1
374
8
1
71
1
7
2
1
2
1
1
2
1
2
1
4
1
3
4
1
1
1
1
6
16
2
1
10
6
7
1
1
25
2
5
4588
40
11
1
1
4
1
11
1
1
16
1
2
2
1
1
5
2
3
1
2
2
5
22
1
1
1
1
61
1
2
17
1
1
1
17
1
3
2
2
1
71
11
1
32
8
1
49
1
2
1
19
7
1
1
4
5
6
1
9
6
5
2
3
2
2
2
6
1
1
2
1
1
1
3
1
10
1
2
1
2
3
5
2
2
17
1
1
2
5
1
4
24
162
1
8
2
131
4
4
1
1
22
1
1
12
1
2
2
6
2
1
1
2
7
1
2
10
15
1
1
4
3
3
4
3
1
1
1
2
1
2
2
1
17
4
1
15
3
5
1
1
4
8
1
16
2
4
1
12
1
5
27
14
1
1
2
5
1
1
3
5
3
1
23
3
2
1
4
1
1
1
1
5
1
2
1
3
2
2
38
2
2
2
1
1
4
1
1
4
3
2
96
6
124
1
3
7
1
1
4
1
1
1
2
2
2
3
1
1
2
1
63
59
5
2
2
2
2
10
1
2
1
3
3
19
1
6
1
1
1
1
1
2
263
2
1
4
1
8
4
1
5
13
15
1
1
3
7
1
1
1
1
2
2
1282
3
2
2
1
2
3
1
1
54
1
2
2
3
1
4
2
1
3655
36
6
1
2
3
1
4
1
4
1
20
1
5
1
2
6
4
1
1
6
1
1
3
3
2
92
21
1
2
1
2
3
1
2
2
12
2901
1
3
1
4
4
5
12
1
2
8
4
1
1
1
4
1
1
1
1
1
1
4
1
6
4
1
1
1
1
1
3
1
17
3
1
2
1
1
2
4
1
5
3
1
2
3
6
1
6
6
7
1
16
1
204
1
3
2
1
1
6
4
1
3
2
3
4
3
1
3
1
2
2
1
1
10
2
2
5
3
2
3
6
1
1
13
8
14
1
1
7
5
1
1
1
2
1
3
3
1
6
1
8
4
1
5
2
8
2
1
2
6
3
3
6
1
5
2
12
1
2
1
2
1
18
1
1
1
1
4
1
5
10
2
1
194
3
1
9
1
7
1
3
1
1
7
2
4
3
2
11
1
1
2
2
2
1
5
2
50
1
1
2
2
1
1
5
9
1
2
6
11
2
1
2
1
2
12
2
1
1
2
6
2
3
3
6
1
12
1
2
6
11
1
15
3
1
2
5
1
3
1
1
3
5
1
5
2
2
19
1
11
1
1
2
7
2
1
43
6
1
5
4597
2
3
1
40
5
1
2
4
1
4
1
5
12
1
1
1
6
1
21
1
1
1
1
1
5
20
1
3
1
13
10
11
1
1
15
2
2
4
1
11
4
2
1
10
1
9
2
8
1
1
13
4
1
1
3
7
1
6
1
12
6
5
1
1
8
417
5
3
4
2
19
1
26
1
1
3
2
1
5
1
1
1
2
4
7
1
5
3
1
2
7
1
1
15
3
2
1
2
1
6
1
6
1
4
18
2
2
1
9
111
2
5
3
1
37
1
1
2
2
21
1
3
4
1
2
1
19
2
26
2
2
2
2
2
2
4
2
1
1
1
1
6
5
2
4
1
1
1
1
1
1
1
2
6
1
1
1
2
1
16
1
5
1
4
2
1
26
5
1
6
2
1
2
2
1
1
153
2
1
12
1
1
1
2
4
1
1
2
1
2
1
1
17
2
3
1
3
1
2
1
1
2
3
4
1
1
5
6
2
9
1
1
1
23
2
1
3
3
7
2
1
9
5
1
1
2
40
4
1
2
2
1
2
1
1
1
2
2
1
20
1
1
2
2
1
1
1
2
4
1
3
2
1
18
1
9
1
16
138
3
22
1
9
3
1
7
1
2
4
23
8
2
2
1
11
4
2
1
7
1
3
7
1
7
2
1
1
1
5
1
1
1
3
2
2
3
14
2
4
28
5
1
1
9
1
1
8
1
1
1
1
1
1
6
1
3
8
2
9
4
2
2
2
1
4
54
4
1
1
1
2
2
1
19
4
2
5
1
14
3
4
1
1
1
38
1
1
1
19
1
2
1
1
24
1
1
5
14
1
2
1
2
3
2
1
2
7
7
1
3
9
8
1
116
2
1
3
5
2
1
4
12
1
6
1
2
37
1
1
8
4
1
4
5
1
1
1
1
2
1
1
1
3
1
1
10
1
1
1
2
25
1
3
1
15
6
1
5
1
3
4
3
1
3
6
32
1
4
1
1
4
4
4
6
3
1
4
2
1
17
1
1
1
2
1
4
2
1
1
3
1
8
111
1
11
1
1
1
1
40
2
17
2
3
1
2
3
1
12
5
1
4
13
2
1
1
2
2
4
2
3
1
4
3
135
1
2
3
2
2
3
6
1
1
1
1
7
9
2
1
21
1
1
1
1
86
2
1
3
1
19
3
3
1
87
3
3
30
1
8
1
8
2
2
1
20
2
3
1
3
11
1
1
1
3
3
3
5
4
2
18
1
1
1
3
4
10
2
15
1
1
1
5
1
2
1
17
1
1
1
7
2
4
2
4
6
2
1
13
9
19
1
6
8
8
1
36
1
1
3
1
1
3
1
1
22
9
1
1
1
2
2
2
1
3
3
1
140
3
3
1
1
1
2
3
8
1
1
1
2
1
1
1
2
2
2
1
10
3
1
1
2
2
2
1
101
1
9
1
1
8
1
2
2
1
4
1
6
1
3
1
1
1
1
1
3
3
25
8
1
1
3
1
2
1
1
9
1
5
1
2
2
3
4
1
4
2
3
1
3
6
8
23
1
2
1
1
1
1
2
1
1
2
2
12
1
15
2
2
1
7
1
1
2
19
2
13
5
4
1
1
77
2
30
28
1
10
14
6
2
1
5
1
1
2
1
4
2
1
21
3
2
3
10
2
10
3
1
1
16
1
7
9
3
2
1
2
14
4
1
1
1
4
1
1
622
7
1
1
634
5
18
3
7
1
5
1
2
186
1
3
1
21
3
1
1
1
1
4
6
1
1
1
1
7
2
2
1
2
9
1
1
3
1
2
9
1
2
3
2
2
2
1
2
20
3
2
41
2
3
2
3
2
16
1
1
1
21
1
1
1
2
1
1
2
4
6
2
26
2
1
2
2
2
10
35
1
2
5
2
1
1
1
3
16
2
1
74
2
1
1
1
2
6
16
2
1
1
10
1
2
1
22
1
1
2
4
14
1
6
1
1
27
1
82
8
3
1
6
1
3
4
1
1
1
2
2
1
2
2
4
8
3
5
5
1
8
1
1
3
2
1
8
1
2
3
2
1
9
1
2
2
3
2
1
1
1
1
6
1
1
17
2
1
1
7
1
11
1
22
8
3
1
5
3
6
1
3
1
13
51
1
3
2
1
1
2
1
4
10
19
1
1
1
1
27
4
1
4
3
1
1
3
4
1
12
1
3
5
1
64
2
1
1
12
1
2
3
5
2
1
2
2
1
6
4
15
1
1
8
1
5
1
5
1
2
4
1
1
20
3
1
1
2
2
4
1
1
1
5
2
1
1
12
1
4
1
7
1
3
58
9
2
3
2
6
3
5
16
1
7
35
1
2
1
2
1
3
3
34
5
1
1
1
7
1
1
1
1
23
3
2
1
7
1
1
12
1
1
1
1
3
2
2
1
1
13
135
3
2
1
9
1
11
1
1
1
1
2
1
13
1
36
3
1
2
6
5
1
2
1
1
9
18
1
1
1
1
4
1
4
1
5
8
1
1
4
1
2
3
1
156
2
5
8
1
1
1
3
9
1
2
4
1
2
7
2
1
3
1
8
1
6
2
1
2
3
1
1
1
9
2
3
1
9
1
15
1
1
4
1
286
2
2
4
2
9
1
3
146
1
2
1
3
1
5
1
27
162
1
1
2
2
7
1
5
1
2
5
3
1
42
1
1
2
2
4
2
1
2
3
5
2
4
1
1
3
21
12
1
2
1
1
4
1
1
2
1
11
18
20
5
2
1
5
33
3
1
6
1
1
2
5
1
5
5
2
4
1
83
4
1
9
1
3
1
3
5
3
9
14
2
1
88
2
8
4
1
1
22
1
2
1
1
15
11
8
1
27
1
6
2
7
2
1
2
2
59
1
2
2
3
3
1
1
1
1
2
1
2
9
5
1
5
2
5
7
1
1
2
3
1
1
2
5
1
149
12
1
1
2
1
1
1
3
1
36
2
1
1
3
3
11
1
4
4
5
1
5
1
6
3
1
1
5
1
14
1
1
1
26
1
3
3
28
2
2
1
2
2
8
1
1
1
1
1
3
2
1
1
8
1
1
1
6
1
3
2
11
14
5
181
1
1
2
1
1
2
5
1
2
9
1
4
1
1
1
2
1
1
2
2
1
1
4
2
1
99
2
4
1
5
3
1
2
4
11
4
1
1
2
2
1
1
3
1
33
1
1
2
1
1
3
1
5
1
2
1
1
5
1
1
1
24
4
4
1
1
2
31
1
2
1
5
6
4
1
1
1
1
1
1
3
10
7
28
3
2
7
1
25
1
1
4
1
1
1
1
8
1
1
1
2
2
1
2
365
1
1
3
5
4
202
2
1
122
1
13
1
5
1
1
1
3
1
1
2
5
1
4
1
13
4
82
1
1
1
26
1
9
1
6
3
1
5
1
1
1
1
2
1
5
6
1
4
5
7
1
6
1
49
1
2
43
1
4
48
18
1
34
8
1
4
3
12
2
1
2
1
1
1
9
1
1
5
3
1
2
5
4
5
2
5
3
1
2
2
1
1
289
2
2
2
1
2
4
2
1
2
2
1
2
15
1
22
1
2
3
1
178
3
7
1
2
2
4
1
1
5
5
4
1
1
1
2
1
2
3
11
2
2
2
1
1
2
30
1
1
1
1
12
1
2
7
1
1
2
1
1
3
1
1
1
1
7
2
5
1
9
1
9
1
1
1
1
3
2
10
9
47
9
7
2
7
10
5
9
1
1
1
2
1
4
1
4
57
1
2
2
1
338
5
1
47
1
1
29
5
1
1
81
1
3
1
20
3
1
1
1
1
3
1
1
1
1
24
1
4
1
8
1
1
3
6
1
52
10
1
1
2
502
1
3
1
1
1
1
209
1
1
1
1
1
1
2
5
1
1
1
1
2
1
3
2
1
10
1
1
1
1
1
1
8
1
1
1
1
40
2
1
1
2
1
23
1
5
2
2
8
5
1
1
1
1
3
231
1
3
1
2
1
82
3
1
21
2
19
1
1
5
2
1
15
1
1
2
1
5
1
2
2
10
2
3
1
13
1
1
2
1
12
1
6
4
1
1
2
1
1
1
2
2
2
1
1
1
1
1
4
1
1
1
4
3
3
1
2
106
2
2
1
1
1
1
1
2
8
94
1
2
1
6
2
1
2
5
8
1
20
3
9
10
1
1
2
1
6
2
1
2
1
3
11
1
3
6
1
4
3
3
1
21
9
4
1
2
1
97
22
11
1
1
12
1
116
8
2
1
6
2
1
1
3
12
1
2
1
4
10
2
1
1
3
151
3
13
1
1
5
6
1
4
6
1
16
1
2
1
2
6
1
54
1
1
1
2
1
2
1
1
2
3
1
1
1
1
3
5
1
1
1
1
1
3
1
3
8
1
1
8
1
1
2
5
2
2
6
19
1
6
5
1
9
1
3
3
1
4
1
1
3
1
1
1
1
3
6
1
4
1
1
1
1
67
8
6
1
1
4
1
1
1
3
4
2
1
14
2
1
3
1
11
2
1
1
3
1
6
1
1
4
1
5
3
28
38
2
3
4
1
16
1
424
2
1
2
1
7
4
3
1
35
311
7
1
1
2
1
2
1
2
7
1
1
1
2
1
1
2
81
1
5
6
1
1
5
1
13
1
1
4
1
26
1
2
4
1
2
1
3
1
2
2
1
5
3
2
1
2
1
10
3
1
381
5
1
3
2
1
1
7
6
1
6
3
3
1
3
2
1
9
1
122
5
2
1
2
3
1
358
5
7
1
6
1
13
3
1
2
1
2
1
1
1
89
4
1
14
1
1
1
34
2
35
1
4
8
1
4
1
3
3
6
2
1
1
4
4
1
41
2
27
1
4
1
1
1
3
7
1
3
1
11
1
3
5
1
5
1
1
3
1
16
42
1
1
1
18
5
1
7
1
2
1
2
8
1
2
1
2
1
1
2
1
1
16
1
273
1
1
2
2
2
1
1
43
1
4
1
8
1
1
96
1
1
2
1
49
2
1
2
5
11
10
14
1
13
1
1
4
128
1
19
8
1
1
2
3
2
1
1
4
1
4
2
12
9
3
1
1
1
16
1
1
1
2
2
1
6
2
1
6
3
1
1
5
2
1
1
13
18
3
1
4
1
14
2
1
2
12
1
4
2
2
2
1
2
2
2
1
12
2
3
2
1
2
8
1
1
1
10
1
3
1
1
3
1
3
2
2
1
3
2
2
2
9
1
1
1
1
2
4
3
1
6
1
2
1
2
22
1
1
1
1
1
1
2
1
107
1
5
1
2
3
3
215
31
5
50
17
1
2
1
2
9
5
4
8
35
1
2
7
1
11
1
4
19
2
1
2
1
9
83
2
30
1
4
2
13
2
11
1
7
7
1
14
1
3
28
2
12
1
2
8
13
1
14
4
2
5
1
1
10
2
3
7
1
1
25
1
3
2
3
1
7
2
1
6
1
5
2
8
6
1
3
13
4
1
5
1
2
3
26
1
10
1
6
2
1
35
1
1
2
1
37
1
6
1
8
1
1
6
1
3
3
1
1
2
4
2
3
1
1
2
1
2
2
1
1
2
19
7
26
1
3
1
1
35
2
4
2
44
1
26
3
3
3
1
4
1
4
3
1
24
1
3
1
9
14
1
3
13
1
5
3
3
7
10
1
5
10
1
3
1
1
1
13
1
1
1
1
6
1
1
3
1
1
1
1
1
145
1
5
2
1
3
75
4
1
1
2
1
2
3
3
3
1
4
3
2
2
1
47
1
2
1
1
7
66
3
27
2
2
1
1
4
3
1
2
1
2
3
7
1
1456
1
47
16
1
1
1
3
1
1
1
2
1
2
2
1
3
70
1
1
1
1
1
1
1
1
1
2
7
1
8
1
206
1
3
1
15
1
4
39
3
74
11
1
22
1
10
1
1
1
3
1
7
4
3
8
2
2
1
1
1
4
1
1
1
1
1
1
17
1
1
26
1
1
2
1
1
1
9
1
1
6
1
2
2
1
2
14
2
21
2
3
1
1
4
1
15
2
2
1
1
2
2
1
1
3
1
2
1
2
4
1
1
3
1
2
4
2
19
4
1
10
6
1
1
1
2
1
10
1
1
2
3
14
7
1
8
5
1
3
1
1
1
13
2
1
1
6
4
1
1
1
1
1
1
3
1
1
2
1
83
10
7
10
2
1
1
3
2
1
13
1
5
4
1
2
1
107
1
2
1
1
1
6
1
11
1
1
16
1
48
1
21
5
4
13
1
7
1
57
5
8
1
7
5
6
2
2
3
4
1
9
3
13
6
1
4
15
3
3
2
1
2
1
1
2
2
2
3
12
2
1
1
12
5
1
1
1
2
36
2
1
1
4
1
6
1
3
2
2
3
2
4
1
16
21
2
1
3
1
3
5
1
14
1
2
1
47
1
7
1
6
15
2
1
3
36
2
1
2
5
1
2
1
2
1
25
3
2
2
9
7
1
8
2
1
1
3
1
4
2
13
4
1
1
1
2
1
59
2
1
5
1
1
5
3
4
4
1
28
1
3
7
132
2
1
2
1
247
1
2
1
17
2
6
3
5
3
2
3
2
19
1
30
1
8
1
1
1
1
1
3
58
1
31
3
13
1
1
1
2
1
4
15
1
1
8
1
1
1
1
1
24
1
27
1
1856
1
5
48
6
4
1
2
2
2
1
1
8
1
90
1
2
1
10
9
1
3
4
2
9
1
1
8
2
1
111
1
2
6
1
2
1
7
3
1
8
1
4
8
1
9
6
9
1
4
3
10
4
22
1
1
5
2
2
1
5
1
27
188
1
13
1
1
4
2
1
4
1
1
1
1
3
7
1
2
14
1
124
1
3
1
1
1
2
434
1
3
5
20
45
1
1
2
44
1
10
1
1
189
1
3
3
1
6
27
1
1
5
2
9
2
1
1
1
10
4
1
6
1
76
1
8
1
1
7
2
2
2
2
3
2
1
7
3
2
1
2
2
1
1
49
1
1
2
1
2
1
1
3
1
1
16
1
2
3
13
3
9
1
1
4
1
2
1
40
1
1
2
1
1
9
4
1
14
1
5
3
1
2
2
4
1
1
29
2
2
2
1
4
2
1
2
5
1
8
6
1
10
1
1
3
3
4
1
53
1
1
21
1
1
1
2
2
1
2
1
1
1
1
2
3
1
3
7
4
3
4
1
1
12
2
1
1
6
5
1
5
2
8
2
3
1
2
4
1
5
4
3
2
3
12
1
1
1
3
2
1
3
14
1
4
3
2
5
2
6
1
30
1
1
11
1
1
5
5
1
1
1
11
4
7
1
2
1
1
2
1
4
1
1
1
1
1
1
47
19
1
22
1
1
2
135
1
1
8
3
2
2
1
5
1
7
4
12
1
3
2
1
1
6
1
1
2
1
1
1
1
1
1
1
11
4
1
5
3
3
3
6
7
2
1
1
1
1
3
1
1
1
5
5
2
2
2
4
2
3
6
1
3
9
1
19
1
11
1
4
2
1
1
13
1
4
1
1
1
3
3
2
13
1
5
1
5
1
1
3
2
15
1
3
9
46
1
4
2
1
1
1
3
1
1
1
2
4
2
3
1
1
3
1
9
5
1
12
1
9
1
1
2
2
4
1
2
1
1
1
5
1
1
3
2
6
3
23
2
1
1
15
13
2
24
5
10
3
15
1
2
1
1
2
43
3
1
2
17
2
1
1
1
1
1
4
2
4
1
2
1
10
1
1
8
1
1
1
2
1
3
3
1
5
1
6
4
2
1
2
3
1
9
5
6
1
1
1
3
4
2
10
2
3
1
3
1
35
1
1
1
6
1
3
48
1
2
1
24
1
2
10
4
1
1
1
3
1
4
1
2
1
1
2
8
9
2
2
6
1
2
5
1
8
1
5
3
12
1
12
4
2
1
2
1
27
1
2
1
14
2
1
1
6
1
4
1
1
1
1
5
1
1
8
3
2
10
1
1
5
2
1
1
1
2
1
100
4
1
2
2
2
6
6
2
2
1
6
1
2
3
2
13
1
12
1
1
1
3
2
7
3
2
11
2
1
4
2
10
1
2
18
1
5
28
5
4
1
12
1
13
1
1
2
4
3
1
1
3
1
3
1
1
1
1
3
2
3
5
1
24
1
1
2
1
3
2
2
28656
3
1
2
1
6
7
1
1
14
1
1
2
7
1
1
3
6
1
15
4
2
1
2
1
4
1
8
8
6
1326
1
39
52
1
9
1
6
4
3
2
1
1
3
1
60
18
1
1
2
5
1
2
1
1
3
2
2
1
12
1
2
2
1
23
5
3
2
13
1
1
4
2
3
1
1
11
1
41
1
4
4
9
2
1
5
4
3
1
69
1
3
1
3
3
2
1
1
3
4
2
1
5
1
2
6
3
36
5
2
1
8
1
3
131
1
1
3
4
38
2
8
8
4
166
2
1
8
1
2
6
1
1
6
15
2
2
3
6
1
8
5
13
1
55
1
16
2
1
2
3
5
1
3
11
3
8
1
14
1
13
4
1
7
1
12
2
10
5
1
2
1
17
2
1
1
8
1
16
2
1
32
4
2
1
2
1
2
2
6
1
1
1
1
2
4
1
11
1
1
12
154
2
2
6
2
1
3
3
1
6
1
1
1
1
1
2
4
2
2
3
1
1
3
2
1
2
1
6
6
2
5
1
2
2
2
1
1
12
1
7
1
37
1
3
8
6
1
2
1
4
20
1
1
9
1
6
1
1
1
2
4
1
1
5
2
1
2
1
2
1
1
3
1
1
3
6
7
3
1
11
4
6
6
3
11
4
1
1
1
3
1
1
2
8
2
1
2
1
4
3
1
2
5
1
1
1
1
1
4
7
1
1
1
2
2
1
5
1
197
4
2
19
21
3
1
3
1
2
2
1
5
7
1
4
1
3
8
1
2
2
13
2
1
3
1
1
1
1
3
1
19
1
70
29
1
4
1
3
14
2
17
1
5
1
20
2
2
7
3
2
1
5
4
1
3
8
1
2
4
1
1
3
1
2
5
5
5
1
2
1
4
2
1
1
1
7
1
1
3
1
72
2
1
8
2
5
59
305
4
1
1
2
1
36
9
1
3
1
21
1
4
1
20
2
5
1
1
2
11
4
10
6
1
5
21
15
1
1
1
1
5
1
8
1
2
9
13
1
3
3
6
1
1
3
1
1
1
3
1
1
1
2
1
16
1
2
1
1
2
3
1
1
1
6
1
10
632
1
2
19
1
3
27
2
1
2
2
49
1
15
1
1
3
3
1
17
1
2
1
5
1
5
2
5
1
3
1
1
1
1
1
2
9
25
4
1
3
12
3
1
2
2
77
1
1
3
1
1
1
1
1
5
5
1
1
10
2
1
3
2
1
4
1
7
2
8
3
1
1
1
1
1
9
11
2
46
1
7
1
2
1
1
1
1
2
1
1
12
1
10
1
3
2
35
1
33
2
1
1
2
1
14
12
18
1
24
2
5
1
126
5
7
8
1
1
11
14
3
2
1
1
1
26
10
1
1
2
3
1
10
1
3
1
1
1
3
1
239
8
33
2
15
3
1
4
1
6
1
2
1
3
2
392
1
4
3
27
73
6
1
1
1
1
1
1
19
10
2
1
7
2
1
1
2
4
1
1
9
1
2
7
3
2
6
1
5
3
2
1
5
3
1
32
4
85
1
9
2
197
2
1
3
2
13
1
1
2
58
1
21
1
7
2
2
6
27
1
1
1
6
3
76
1
5
2
64
1
9
1
1
813
1
1
1
1
4
9
1
3
1
3
1
1
207
9
2
6
1
11
1
37
4
4
15
3
4
1
1
1
1
1
1
1
1
2
6
2
2
4
3
3
4
1
1
1
2
1
1
2
1
1
1
1
4
1
2
4
1
1
4
2
2
2
2
3
1
1
4
1
7
1
4
1
5
1
1
2
3
1
4
1
11
2
1
2
3
2
6
2
3
4
1
36
2
1
1
1
21
2
3
3
1
12
2
1
16
1
1
1
1
4
1
3
2
1
1
5
2
1
1
11
1
1420
1
1
1
1
23
1
1
1
1
8
39
2
26
1
40
2
2
33
95
1
2
6
4
5
5
1
2
10
18
6
1
3
1
1
1
6
1
7
12
6
3
27
1
6
1
1
1
19
1
6
36
1
3
2
3
5
8
1
18
1
1
2
10
2
1
1
1
2
22
2
10
1
8
1
4
1
2
1
11
4
80
3
2
1
1
2
2
4
1
58
1
4
2
1
1
1
2
9
5
359
1
2
13
1
1
1
9
7
1
1
2
5
3
2
8
179
1
1
3
1
3
2
3
2
11
1
1
2
2
1
1
2
8
1
4
3
1
5
2
1
2
1
6
3
93
8
3
4
3
3
1
6
3
2
4
1
1
1
4
3
2
1
1
6
1
7
1
1
3
8
3
7
1
35
160
1
4
1
2
2
10
1
4
1
5
1
1
9
7
2
6
8
6
1
1
2
5
1
3
8
3
1
2
2
1
76
1
1
2
10
5
1
1
1
1
1
4
1
1
15
1
2
1
2
1
134
80
1
9
3
1
617
2
1
2
6
1
11
3
1
4
2
9
3
3
2
17
1
8
2
2
5
5
2
1
8
2
1
1
1
8
1
40
2
1
3
1
15
1
11
1
2
1
2
1
12
2
1
10
3
1
4
4
1
19
2
3
8
1
1
3
1
1
3
1
3
1
1
14
3
5
1
1
2
2
3
4
2
1
1
6
1
1
3
11
1
4
2
5
1
42
4
7
1
163
1
70
7
1
1
3
5
1
3
8
1
1
31
1
1
1
8
1
4
1
75
1
20
1
5
1
8
1
1
15
1
1
1
1
1
1
1
1
1
6
2
1
1
2
1
5
1
2
8
1
1
2
1
2
4
173
2
4
3
4
6
4
2
3
10
2
1
2
1
2
8
27
2
6
1
4
2
2
5
8
1
9
2
6
1
2
2
4
1
2
12
1
1
2
1
1
1
1
1
1
1
2
12
1
2
71
2
5
2
2
1
2
1
2
1
1
2
1
52
3
2
9
1
1
10
2
3
1
4
1
2
4
3
1
1
99
1
50
10
1
1
3
30
2
2
1
4
5
5
1
1
4
1
1
1
3
1
2
2
2
5
1
1
1
4
260
1
3
1
2
2
41
3
1
6
10
3
3
1
1
64
4
2
1
5
1
1
2
1
1
2
1
1
3
95
2
6
320
1
1
11
6
1
2
1
4
4
16
2
1
1
2
3
7
1
1
29
1
2
4
1
1
3
10
1
22
3
3
3
4
2
8
1
13
3
1
8
8
13
2
1
1
8
1
1
1
4
12
1
2
8
1
17
1
1
23
1
2
3
1
2
2
33
1
17
14
1
4
1
4
1
1
1
3
1
1
33
1
2
1
4
3
1
1
17
4
1
2
4
1
4
1
3
1
1
1
1
13
1
1
1
1
1
5
23
1
1
1
1
1
1
1
36
2
2
2
5
2
3
1
3
1
6
1
5
1
6
1
2
2
1
1
1
2
9
17
1
1
1
1
1
1
1
4
1
2
44
6
13
2
1
2
1
5
1
5
1
1
2
10
1
3
2
25
2
8
1
12
36
2
2
1
1
1
3
4
2
12
1
1
5
1
2
8
1
6
2
3
2
8
1
5
1
2
2
23
4
1
1
2
1
3
10
2
356
1
27
2
4
3
4
1
26
1
5
1
2
1
2
1
1
2
6
1
1
10
1
2
2
1
12
10
1
13
2
1
2
1
4
1
3
7
1
1
3
1
2
6
1
7
1
13
1
8
1
3
1
1
1
3
2
1
30
1
10
1
3
1
1
1
2
1
5
4
1
2
5
3
1
1
1
1
27
2
11
1
2
6
1
53
3
2
6
5
2
1
1
1
1
2
1
150
3
1
1
6
1
2
2
3
7
1
5
10
1
2
1
8
1
3
3
6
1
4
1
20
1
17
1
1
81
1
7
2
1
4
27
1
5
2
12
1
1
3
1
205
1
1
1
21
3
111
1
7
2
1
3
2
2
4
1
2
5
1
2
3
26
3
275
1
2
1
1
954
1
1
1
45
6
8
1
3
1
1
330
1
2
1
1
3
1
1
1
1
4
1
1
6
4
1
35
2
10
1
1
1
1
14
1
1
4
1
5
1
1
4
22
1
3
6
2
1
1
1
2
1
3
3
1
1
3
2
2
173
15
1
1
1
6
1
3
3
1
1
2
1
1
3
444
7
1
1
1
9
1
4
1
1
12
2
5
1
5
8
2
3
1
8
1
42
3
1
2
8
1
7
3
2
2
1
6
1
4
1
2
6
1
1
2
13
1
1
1
3
7
1
2
1
1
2
2
2
4
2
8
1
1
1
20
1
1
4
1
2
2
17
22
1
1
1
2
3
3
6
1
2
1
11
1
3
1
1
2
2
4
1
3
6
1
2
1
1
1
3
2
2
9
1
2
22
1
3
9
6
2
3
13
1
1
4
7
1
5
1
2
2
3
2
101
11
1
1
63
1
3
1
2
9
1
1
8
2
1
5
34
1
56
9
1
3
33
2
5
4
6
2
5
1
1
2
1
2
8
3
34
6
1
3
4
5
2
1
24
2
2
16
1
5
1
7
1
1
1
3
1
1
15
6
5
7
1
1
12
6
1
1
1
4
3
1
1
2
2
9
1
1
2
3
1
5
1
3
1
4
4
9
1
8
21
2
9
1
3
3
20
15
1
1
1
4
3
1
1
2
1
1
2
2
6
1
1
2
1
234
2
2
2
1
4
1
1
1
21
1
1
4
2
1
4
1
1
4
1
2
3
1
30
1
1
1
24
3
3
7
1
4
1
1
1
11
1
1
10
11
5
2
11
2
1
15
5
4
1
13
2
3
1
1
8
1
9
2
2
1
1
378
1
4
15
2
1
5
17
1
3
5
1
26
1
1
1
52
5
1
1
2
1
1
1
102
1
1
2
11
1
2
1
4
1
3
1
1
2
1
4
1
1
7
1
21
1
2
1
6
1
43
2
29
22
6
3
1
7
50
20
2
3
1
1
8
1
85
1
1
1
1
9
1
11
4
1
4
1
3
3
8
1
58
1
3
1
2
22
2
1
2
26
1
3
9
1
14
2
2
1
13
1
19
1404
1
25
1
1
1
1
6
547
1
4
6
115
2
3
1
3
1
1
1
1
1
1
15
3
43
1
13
1
2
2
3
3
48
2
1
5
8
2
2
1
37
1
1
2
42
1
1
4
4
333
2
5
1
1
6
4
8
1
5
1
1
1
10
1
1
1
2
4
1
24
1
10
22
9
2
1
2
15
2
2
8
2
1
4
1
5
2
3
1
9
7
1
822
2
5
6
3
14
1
4
1
3
3
1
4
1
2
2
1
4
383
1
1
9
2
4
1
1
1
2
3
1
1
4
3
1640
3
1
19
7
3
7
2
3
1
2
1
1
1
13
1
7
5
2
1
6
2
1
1
2
3
1
1
1
2
8
1
6
1
3
3
5
1
8
1
2
3
2
1
1
18
1
5
3
5
1
1
2
18
1
107
1
2
1
1
1
1
9
1
1
1
1
6
1
4
1
4
2
5
1
1
2
65
9
1
7
2
3
4
1
4
1
1
1
4
1
1
4
6
1
4
1
3
2
5
3
1
83
2
7
2
1
1
1
1
8
1
1
4
1
1
19
1
1
4
2
14
3
1
62
2
3
28
1
6
1
3
1
12
4
2
5
8
1
1
1
44
1
22
1
2
2
20
3
6
19
4
1
1
1
2
1
1
3
1
3
1
1
6
3
3
1
14
1
3
1
11
1
1
2
1
1
1
2
48
1
1
2
3
2
8
1
24
1
2
7
7
1
2
3
19
1
4
1
1
2
2
2
3
3
9
4
1
3
2
1
49
1
1
1
3
4
1
2
24
44
1
1
1
2
2
1
30
1
4
2
3
3
3
9
6
1
3
3
1
2
7
3
2
2
1
11
5
3
3
1
1
1
7
11
3
4
1
1
3
1
35
1
17
1
2
1
9
1
1
1
16
3
1
15
9
6
1
2
1
1
1
3
1
22
2
1
1
1
4
8
2
1
3
1
2
3
1
11
9
6
1
16
2
8
1
58
2
3
1
3
1
1
2
3
3
5
1
2
1
1
2
1
22
1
5
1
1
1
1
10
1
5
1
1
2
3
1
1
1
1
17
1
3
3
1
2
28
2
2
7
2
1
1
3
2
1
14
1
25
1
8
1
1
6
2
1
2
7
2
1
1
1
2
28
34
11
1
3
3
1
3
2
2
2
1
5
1
16
1
2
14
2
2
2
4
16
5
1
7
9
9
2
1
3
1
15
1
1
4
23
2
1
1
2
4
44
2
100
1
2
1
1
11
1
7
105
1
1
2
1
9
2
4
11
1
62
15
1
1
12
13
2
4
1
6
2
4
3
1
1
1
1
9
2
1
1
5
1
2
1
2
2
3
1
4
5
6
1
4
1
2
1
5
15
2
1
1
28
1
8
1
2
1
2
5
1
3
1
155
2
4
6
1
15
2
1
4
1
1
5
1
5
2
1
1
1
2
6
1
5
1
12
4
2
2
4
1
2
1
2
1
2
3
1
52
18
1
16
1
1
11
2
1
1
1
1141
2
1
1
32
1
1
2
15
1
1
2
1
2
27
1
4
5
1
2
1
1
2
1
4
1
5
1
1
39
1
22
2
6
1
2
4
3
97
3
4
1
15
1
1
2
3
2
11
1
112
5
1
1
1
1
2
1
2
2
1
1
1
3
5
10
14
11
4
1
2
2
24
2
4
5
2
1
4
8
3
71
1
1
2
1
1
7
1
3
3
1
8
1
18
2
1
2
5
40
2
1
1
1
1
1
6
1
17
9
2
5
3
2
77
2
1
2
2
2
2
1
1
1
2
1
1
14
1
633
1
1
1
1
6
3
6
1
40
1
2
2
1
2
2
2
2
3
3
1
1
2
1
8
11
12
8
26
1
8
1
1
2
6
1
2
1
1
1
3
1
1
2
7
1
1
1
3
100
1
14
4
1
2
4
1
1
1
5
9
1
2
1
2
1
2
2
6
3
4
1
2
8
7
1
3
56
1
3
1
1
2
9
1
3
1
1
1
4
3
3
1
1
45
2
1
17
1
2
3
1
1
2
104
1
2
2
8
4
5
1
6
3
3
1
1
3
1
1
16
23
2
9
1
2
3
7
1
14
1
23
1
3
1
54
3
4
2
4
1
1
1
1
1
2
6
1
1
2
4
3
1
26
10
1
3
3
1
157
2
8
1
2
7
2
7
1
2
1
2
2
1
7
21
1
1
7
1
3
1
1
1
2
3
1
6
5
4
3
2
2
1
7
2
12
5
1
1
1
3
1
10
1
2
1
1
2
7
2
10
1
3
4
6
4
5
1
3
1
5
1
11
1
8
2
7
13
1
10
2079
1
2
67
1
1
1
6
9
1
5
15
1
1
4
1
3
4
1
12
5
3
1
1
1
4
1
2
1
1
6
1
2
1
3
7
1
4
4
2
1
7
1
2
1
5
2
2
2
2
3
4
3
1
2
2
1
7
10
1
1
9
4
1
1
7
1
3
6
5
1
1
3
1
94
25
10
2
5
1
26
18
1
4
7
1
1
37
1
1
5
4
2
4
12
1
46
1
14
5
1
9
1
14
1
2
2
2
1
1
1
1
5
5
4
4
1
3
1
1
5
1
16
1
8
17
2
1
5
1
2
9
1
7
1
2
2
20
3
1
1
6
2
1
1
2
6
18
4
1
2
3
1
5
6
1
3
6
4
1
4
3
3
2
1
2
11
1
1
19
1
1
8
2
3
1
53
1
211
12
2
7
2
1
1
2
61
1
2
1
1
4
1
1
1
4
3
6
1
1
1
2
1
4
3
1
1
2
1
1
1
1
106
1
4
2
1
1
2
86
6
1
1
1
3
1
4
4
2
1
1
2
1
11
2
1
3
4
2
15
1
1
5
1
2
1
1
1
1
2739
7
2
4
8
1
1
1
7
12
1
3
9
3
1
6
1
5
1
1
53
3
1
3
2
4
2
2
1
1
1
15
1
1
2
3
1
1
1
2
2
1
24
1
6
1
2
1
1
7
1
10
1
3
5
4
1
1
4
2
1
14
1
1
2
1
7
1
2
1
3
2
1
1
1
1
47
1
95
1
15
1
2
416
2
1
6
1
1
19
2
6
1
3
9
13
1
1
2
1
1
2
1
1
2
252
13
1
29
8
3
1
14
3
140
1
1
3
2
1
2
11
4
1
4
8
9
1
1
2
1
36
1
13
1
2
1
1
1
1
3
1
20
2
5
3
2
1
2
24
2
1
5
1
7
13
1
10
1
1
1
2
104
1
1
5
1
1
4
2
58
1
7
1
14
2
1
1
3
13
1
2
1
3
3
5
1
8
5
1
2
9
6
1
1
1
1
3
4
5
3
3
2
2067
3
2
1
1
5
14
1
2
10
1
14
1
2
2
1
2
75
1
2
1
9
1
1
11
1
2
1
3
3
1
10
1
1
2
1
1
1
2
1
1
35
1
2
2
1
2
2
3
5
3
2
5
14
2
4
3
1
71
2
2
4
1
1
2
3
1
1
1
17
2
15
1
1
48
1
21
1
1
4
1
1
1
2
6
1
11
1
3
1
46
2
1
1
4
2
1
1
1
10
583
3
2
1
4
1
2
4
2
3
1
19
1
2
98
1
2
16
1
1
2
2
1
1
2
3
48
8
15
1
1
1
2
1
3
16
1
2
2
6
2
3
12
1
1
1
2
16
4
1
1
1
2
1
3
3
3
6
2
3
1
1
3
1
1
1
1
62
4
1
5
7
1
1
3
11
1
1
2
5
4
3
14
1
3
1
1
2
2
16
1
4
1
6
69
26
3
5
1
9
2
1
6
2
1
4
3
172
1
1
1
5
4
1
13
4
1
3
1
2
2
1
1
1
1
1
13
1
1
2
2
1
1
60
1
15
1
13
1
73
1
3
19
1
8
1
2
3
3
2
42
3
1
2
4
1
1
2
5
22
1
1
16
21
1
49
5
2
1
42
1
2
1
9
5
1
8
2
2
2
2
2
1
5
1
1
1
8
4
3
1
3
1
1
11
1
25
1
1
1
12
2
1
11
2
1
2
6
1
29
7
1
25
1
5
1
3
8
4
1
170
8
1
1
4
1
2
2
9
10
22
1
2
2
1
16
1
5
47
1
28
1
4
3
1
687
7
4
50
5
3
6
1
3
4
1
1
3
19
1
7
2
7
4
1
1
2
4
2
1
2
3
5
3
4
2
1
1
15
1
1
28
4
2
1
2
1
7
1
1
2
6
2
2
1
1
24
1
5
4
2
17
3
18
1
3
1
6
2
84
1
60
3
5
16
1
2
1
20
1
1
3
1
1
2
15
2
5
2
1
4
5
2
1
4
22
2
47
1
4
1
7
1
14
1
1
3
2
2
1
1
1
1
1
57
3
2
6
2
2
1
1
4
3
2
1
1
2
1
4
1
2
6
1
3
1
2
18
1
1
47
1
1
1
1
1
1
170
1
1
1
3
1
3
8
4
3
5
1
4
1
2
2
2
1
9
1
10
1
1
6
1
1
20
2
3
1
4
15
7
1
1
5
2
1
2
2
16
38
1
1
90
1
32
16
2
1
1
4
2
2
94
118
1
1
2
3
1
1
1
1
6
1
1
1
2
3
1
2
183
1
1
7
3
1
10
1
69
13
1
1
33
1
2
1
2
2
16
1
3
9
3
3
1
1
1
3
1
2
1
1
24
6
1
9
1
1
3
1
3
1
1
12
1
7
4
2
1
10
2
1
24
1
4
1
5
1
95
1
4
1
1
7
2
146
17
6
1
8
4
5
2
4
3
1
8
54
1
1
80
1
2
1
3
17
1
5
1
11
3
2
33
1
20
1
1
1
1
1
1
2
7
4
1
3
1
3
1
12
2
2
1
3
1
4
1
3
2
2
2
11
18
1
3
1
5
5
34
4
2
1
4
2
3
16
1
5
4
12
1
13
3
2
3
2
2
1
1
1
28
1
2
13
10
2
1
11
2
16
25
1
3
1
2
28
5
2
15
1
1
2
1
1
1
2
1
1
1
1
2
2
2
1
17
1
3
1
1
6
5
5
4
13
2
1
3
1
1
2
1
1
3
3
2
8
5
10
1
2
1
4
16
1
1
1
572
1
1
2
6
1
1
1
1
4
1
2
1
3
2
1
1
1
2
3
2
36
7
1
1
5
4
2
1
4
3
3
1
1
6
1
6
1
28
1
3
2
22
4
1
1
1
2
3
1
2
1
3
1
7
1
299
5
368
1
9
1
1
1
1
1
1
9
3
3
3
2
2
2
32
5
3
2
1
4
4
6
3
105
19
1
1
3
3
3
6
9
3
7
2
6
21
4
17
1
3
7
1
1
1
1
1
6
3
1
3
1
73
1
3
4
14
1
4
1
1
21
14
1
2
4
3
4
1
2
1
1
13
2
2
1
