1
5
1
7
1
2
10
1
4
2
1
2
3
36
4
15
7
2
2
17
1
1
4
1
1
1
2
17
1
2
1
3
20
1
2
3
2
1
5
3
3
12
1
2
20
2
8
1
1
1
7
10
8
1
6
4
10
1
1
1
701
1
1
1
1
96
1
9
1
2
3
2
7
2
1
1
1
152
3
3
1
33
1
4
40
1
1
1
2
1
2
2
12
1
3
4
1
4
1
10
1
13
1
1
1
1
2
1
1
4
16
2
1
6
5
6
1
1
3
8
1
14
9
1
3
4
2
17
21
1
1
7
1
2
1
3
4
15
3
1
1
1
19
1
1
2
1
6
11
5
1
1
2
1
37
4
11
4
1
2
2
3
1
1
1
3
1
2
1
38
2
10
1
3
1
2
7
3
3
3
1
1
1
1
57
3
1
7
1
11
1
4
11
70
3
25
28
1
22
1
39
1
1
4
5
3
2
7
19
1
5
3
1
1
1
1
1
8
2
1
1
18
10
1
3
19
1
4
2
1
1
12
1
1
8
1
132
11
2
3
9
1
3
4
1
2
2
9
1
5
1
2
1
4
1
3
1
3
1
3
56
13
1
5
3
1
3
2
2
6
1
1
1
23
5
17
1
8
2
1
1
1
7
1
1
16
6
2
1
1
1
17
1
2
5
6
1
2
2
1
39
1
3
2
2
9
4
1
2
3
1
1
1
10
5
1
3
1
1
1
3
1
94
2
4
1
7
5
3
2
3
1
2
2
2
13
1
1
4
1
5
1
3
1
2
1
1
3
1
2
1
1
1
6
2
2
2
1
3
1
1
1
2
2
6
1
1
3
17514
23
4
29
52
3
1
18
3
1
1
2
15
1
2
2
1
1
2
4
2
3
2
6
1
1
4
12
2
2
1
4
1
3
3
1
66
1
15
5
1
98
1
1
3
12
13
1
5
1
4
6
1
8
80
4
5
2
62
1
6
2
1
1
12
3
3
1
1
15
1
4
1
5
10
3
1945
1
9
1
1
12
8
6
4
74
2
3
2
1
5
19
1
2
12
3
1
2
1
5
4
1
1
9
20
13
2
31
1
10
5
1
1
1
1
1
4
16
1
4
3
1
13
41
1
3
16
1
1
10
1
1
1
1
1
1
1
18
1
5
1
1
1
3
1
2
2
1
106
2
2
2
8
1
8
3
3
2
1
21
1
2
11
68
3
3
10
1
5
3
1
2
2
5
3
2
4
1
1
24
4
1
2
1
1
11
3
18
2
3
1
2
1
3
5
1
2
1
6
1
2
1
2
1
4
1
6
2
3
146
2
13
4
2
4
6
2
1
1
1
2
13
1
2
3
1
3
8
1
1
1
1
26
1
1
3
3
8
6
67
2
2
1
1
9
1
1
1
1
2
7
1
2
9
1
19
1
2
1
1
1
1
2
1
1
2
1
1
24
6
10
1
19
1
2
269
4
2
1
2
1
1
2
7
2
37
18
1
1
1
1
1
4
5
2
1
3
1
1
1
69
1
2
3
1
1
3
1
1
2
1
7
2
1
1
1
4
3
79
1
6
3
1
2
2
121
1
1
1
3
3
5
3
197
5
1
3
2
1
3
1
9
1
1
2
1
1
2
1
1
4
1
1
1
4
1
1
129
3
1
1
3
1
2
2
1
2
11
1
2
2
2
1
6
5
1
1
6
1
1
1
5
10
1
3
1
3
3
4
1
2
3
2
21
1
5
1
3
3
1
50
1
2
3
6
5
4
2
1
3
1
2
5
10
1
1
2
1
18
1
1
7
164
2
1
30
1
9
60
4
1
1
3
1
2
1
20
3
68
9
8
1
1
4
1
10
2
1079
1
1
1
11
8
4
5
2
17
29
1
2
2
64
1
3
4
8
2
1
1
1
2
3
1
11
2
2
3
2
3
1
6
4
2
5
1
1
1
4
1
4
8
1
32
1
3
2
6
4
7
1
10
2
3
2
16
2
1
2
1
1
1
5
18
2
39
1
41
1
2
1
2
2
2
5
1
1
1
2
12
1
4
2
3
1
1
2
6
7
1
3
1
2
4
11
2
1
57
1
6
1
3
11
15
1
1
1
6
1
7
2
5
1
1
1
1
4
2
1
11
2
2
5
1
1
436
14
1
6
29
2
1
13
1
1
1
6
1
1
7
4
1
3
26
1
8
7
1
1
1
1
10
15
19
2
3
1
3
111
26
4
9
3
3
1
23
1
1420
1
1
1
2
1
7
1
1
1
1
1
1
1
1
2
8
8
1
1
7
7
1
3
1
1
1
25
4
2
1
5
1
8
1
3
1
1
10
6
3
1
4
1
10
2
2
2
5
148
1
6
1
20
2
2
14
3
14
2
1
5
39
6
6
1
3
6
2
5
3
8
1
4
6
21
37
1
5
2
4
1
3
1
2
2
1
70
1
12
2
10
12
5
1
1
3
2
1
1
1
1
1
1
1
3
1
3
1
2
1
1
1
1
19
11
1
2
4
1
1
3
6
13
1
2
2
10
2
1
1
1
48
2
1
1
2
1
10
1
37
48
1
6
1
7
5
7
114
1
6
1
1
11
1
2
1
2
1
2
2
1
1
1
3
10
14
1
95
2
50
1
2
1
1
1
2
2
1
18
10
1
15
5
2
4
12
2
6
1
1
4
2
19
1
1
1
8
1
1
1
1
5
14
1
49
1
9
2
7
3
227
1
2
11
7
5
1
4
1
11
1
2
154
136
1
1
1
1
1
1
31
1
4
1
1
7
5
2
73
2
4
1
3
5
2
7
1
1
1
1
1
8
1
3
1
39
1
17
34
9
1
1
3
10
2
2
1
3
3
1
3
1
1
13
12
1
2
3
1
14
1
3
1
1
1
1
2
7
4
1
9
1
5
1
28
2
2
2
10
1
21
2
28
61
6
1
1
1
2
1
3
19
1
12
1
1
21
5
1
6
9
1
6
1
2
1
5
716
1
4
2
3
10
7
1
1
2
2
7
446
1
1
7
5
1
2
1
3
1
1
1
17
1
2
1
1
1
3
36
2
10
8
5
1
79
2
1
3
6
1
1
1
3
1
1
3
3
3
1
1
4
104
1
8
1
3
5
1
1
1
2
3
1
1
4
1
3
6
1
5
3
3
3
36
1
1
1
21
5
1
1
1
6
2
8
5
1
9
1
2
2
4
6
1
1
9
1
16
1
4
1
2
1
12
5
1
1
1
1
8
1
2
1
1
1
8
1
1
1
9
1
4
3
38
2
1
1
2
5
6
1
2
9
33
1
1
1
1
1
1
1
10
1
2
1
1
3
5
1
61
1
22
1
20
1
3
20
1
10
23
1
1
5
1
5
1
3
1
15
1
120
1
1
4
1
2
4
1
1
1
2
1
1
12
53
1
4
1
5
1
4
4
10
4
1
8
1
2
1
93
2
3
1
2
1
3
10
25
1
7
2
3
2
17
1
5
2
6
3
2
2
2
1
1
1
1
2
3
1
3
1
1
3
3
2
1
4
47
1
4
1
2
2
1
1
1
2
1
5
2
1
1
6
1
1
2
1
1
3
5
1
3
1
53
1
1
1
2
10
6
1
3
7
1
2
1
106
2
3
18
1
3
2
1
1
2
8
1
18
1
2
15
3
1
4
2
6
2
2
1
1
1
8
25
1
12
5
5
4
1
4
1
2
15
1
1
8
2
20
50
1
3
4
3
1
4
19
68
3
1
1
3
1
48
2
5
1
18
1
1
3
2
1
17
2
1
2
1
2
38
13
16
1
3
1
2
1
6
2
4
3
1
9
1
1
3
1
1
4
1
1
1
1
1
11
3
1
1
1
1
1
121
5
1
4
1
4
29
14
10
1
2
14
1
2
2
1
1
11
3
1
4
1
11
2
1
46
7
1
1
3
4
14
1
72
3
19
9
1
3
1
11
1
6
3
1
2
2
16
2
1
31
2
1
1
2
1
3
2
2
5
2
1
1
1
3
11
1
2
3
1
1
1
9
2
2
1388
1
3
1
5
4
1
9
2
1
10
11
1
1
2
1
1
14
5
5
3
1
1
1
15
2
2
54
1
17
1
1
1
3
2
2
1
4
15
1
1
6
16
1
3
2
1
3
2
8
1
1
5
2
2
3
1
14
2
16
2
6
1
1
1
3
3
1
41
1
68
2
4
2
5
6
1
120
2
10
1
1
2
1
16
2
3
1
1
1
1
2
2
2
7
1
1
2
2
3
1
1
2
5
4
7
1
21
1
3
4
30
29
1
2
7
4
5
10
3
8
2
3
1
14
3
2
2
1
1
1
7
1
2
9
1
7
1
3
1
2
3
3
8
7
1
506
18
1
1
1
2
1
7
2
4
1
2
25
1
2
1
1
4
4
3
1
1
3
1
3
1
7
2
5
1
5
1
10
284
3
1
2
5
2
1
1
1
3
2
2
1
4
7
1
4
1
1
1
6
1
2
1
2
1
7
1
2
13
7
7
1
1
1
1
1
2
1
1
4
1
1
1
1
2
1
6
2
1
1
2
1
1
1
107
18
24
1
2
1
1
2
2
1
3
1
2
1
11
1
1
1
1
1
10
16
1
7
62
1
4
24
2
2
4
3
2
3
47
7
1
1
7
1
1
2
5
1
1
1
6
1
2
1
3
1
1
1
41
1
4
2
4
1
1
3
2
1
1
2
3
1
1
2
2
1
2
1
5
21
1
32
1
12
2
2
11
1
2
2
51
1
1
1
2
11
3
2
2
5
5
1
1
21
3
2
2
6
2
1
1
2
6
1
3
1
1
1
17
1
1
1
4
7
5
2
3
2
1
1
1
5
1
63
2
272
1
2
7
1
1
2
28
1
2
1
3
1
47
1
3
1
1
1
6
1
2
1
3
3
1
2
5
1
6
1
15
6
30
70
2
1
3
1
3
10
2
5
6
1
1
12
2
3
6
1
6
12
1
6
1
1
5
1
18
8
1
2
186
2
5
2
3
3
1
2
6
1
1
4
3
1
1
1
1
2
3
1
2
2
11
8
1
2
2
1
8
5
4
1
309
13
6
2
1
2
4
1
3
2
2
1
1
1
14
2
6
1
5
1
1
4
1
17
1
1
2
5
1
4
3
2
1
1
2
1
17
3
2
1
1
4
3
2
4
1
3
1
1
5
2
1
4
1
1
1
2
1
1
2
2
2
2
1
1
53
1
4
1
1
1
2
2
1
3
1
3
1
1
3
2
1
2
19
2
2
21
14
1
1
11
92
5
2
3
5
1
2
1
19
2
3
1
2
3
2
1
20
1
4
4
1
1
59
1
1
1
1
1
6
1
4
7
1
21
1
3
1
2
4
37
2
95
3
2
4
51
14
3
2
1
8
1
1
1
1
2
1
9
3
9
1
5
2
4
1
3
1
5
1
6
1
112
1
1
1
1
1
3
2
1
4
4
2
1
3
2
1
7
15
1
1
1
1
1
25
1
7
1
5
3
5
1
1
75
6
1
2
2
169
1
77
1
1
39
1
6
2
3
1
2
5
2
1
1
28
1
9
1
2
2
3
1
1
1
2
1
2
3
1
5
1
4
1
1
8
1
3
1
12
5
2
1
1
1
2
2
5
1
5
1
1
7
1
8
3
3
5
2
2
1
4
1
3
20
5
1
36
3
4
3
1
1
1
1
3
4
1
2
1
1
1
1
10
2
2
14
4
411
7
1
1
1
65
5
1
3
2
2
1
1
6
4
17
4
16
1
3
1
5
2
1
2
1
1
1
4
8
3
5
2
1
20
1
1
1
1
13
5
2
1
2
7
1
3
1
1
1
1
2
1
3
2
1
1
3
20
1
25
1
5
1
1
2
3
37
1
1
1
34
1
2
1
11
433
2
6
6
4
1
1
136
1
7
19
4
1
8
2
3
1
1
2
2
1
6
14
1
6
1
2
1
1
3
3
2
5
1
1
2
4
2
6
1
144
1
4
76
2
3
1
22
1
1
1
1
35
1
15
2
1
1
1
2
1
660
1
23
1
2
12
2
2
2
1
4
1
10
1
1
3
9
3
3
8
1
6
69
1
3
5
1
2
4
1
5
6
1
1
1
1
2
1
1
5
1
42
4
1
97
5
7
8
2
12
1
1
1
1
1
1
1
4
1
1
2
8
2
2
228
16
1
4
2
2
1
17
1
3
5
2
1
1
1
2
1
17
1
1
1
1
3
2
45
6
5
13
2
17
3
4
1
1
4
18
1
2
5
1
1
1
2
1
1
13
17
1
92
1
1
2
1
7
1
1
1
1
2
1
16
1
1
2
1
3
1
19
2
2
8
5
3141
1
33
4
4
4
1
1
2
13
1
1
8
1
1
5
4
12
1
2
2
1
2
1
2
3
1
1
1
1
29
1
1
1
1
2
2
1
17
1
5
1
5
1
3
1
26
1
2
2
2
5
12
1
4
1
2
1
1
1
57
1
4
6
2
1
88
3
4
1
1
1
32
4
2
32
1
27
1
4
559
1
2
3
1
2
6
1
3
1
1
1
1
3
2
15
2
1
5
1
2
1
4
4
12
1
2
1
2
6
1
4
2
1
1
2
1
18
2
7
1
47
1
34
1
1
3
7
1
3
11
10
1
2
1
5
2
3
1
2
2
1
2
3
2
2
36
5
1
1
6
7
3
1
3
2
2
1
133
1
14
1
5
1
2
1
2
1
1
4
2
11
17
1
1
6
2
2
37
4
1
1
2
2
1
2
3
12
3
1
3
3
1
2
3
1
1
1
3
8
2
2
1
19
1
6
1
1
12
2
1
17
1
4
1
1
4
28
4
2
1
8
2
1
1
9
1
63
2
5
1
1
3
1
7
3
6
1
27
1
3
2
41
5
5
1
51
1
1
1
1
34
9
2
13
6
46
1
11
1
4
1
1
1
2
3
1
6
3
3
1
2
1
9
13
2
6
1
3
1
7
1
2
3
1
1
8
1
1
2
2
4
5
1
10
5
1
1
3
146
1
3
4
1
48
3
1
2
4
1
3
3
3
4
36
2
3
5
2
1
2
16
2
1
5
8
5
1
1
1
20
2
1
7
2
1
3
4
24
1
4
1
94
1
3
5
3
8
1
2
74
2
13
1
9
1
1154
14
1
1
2
9
1
5
5
6
22
1
7
4
3
4
1
1
2
1
1
8
6
1
1
2
1
142
39
1
757
2
3
2
1
10
3
1
2
1
1
3
1
1
1
10
3
3
1
1
1
1
1
5
2
10
2
22
3
1
1
2
2
1
2
2
16
1
1
14
1
2
1
2
1
58
2
4
4
1
7
1
1
8
1
4
1
17
20
3
1
9
1
2
1
1
62
3
1
2
1
1
1
20
1
1
3
1
2
8
3
1
4
1
15
5
38
1
1
1
1
1
1
2
2
1
1
2
1
2
1
2
1
5
6
1
1
1
5
8
1
2
2
1
16
1
1
1
1
4
1
3
2
1
1
5
3
1
16
4
2
1
3
2
1
1
3
1
3
16
3
1
2
2
1
5
1
3
23
3
31
1
6
1
1
7
6
3
1
1
3
1
1
1
1
2
1
1
28
2
1
6
1
3
1
2
4
1
17
1
1
2
1
19
3
6
2
23
1
4
5
2
11
8
1
2
4
4
1
5
2
15
6
3
2
3
3
2
1
64
3
1
2
1
3
62
1
1
2
1
1
17
1
1
3
5
2
3
2
16
1
22
1
2
52
1
13
2
3
2
69
2
33
23
1
1
1
2
1
7
3
1
4
1
1
8
1
8
1
7
4
1
2
1
2
1
1
2
1
3
3
4
6
2
2
11
4
21
2
3
1
1
1
7
4
7
2
5
1
6
1
5
1
15
1
1
7
4
1
2
79
4
1
7
3
2
1
1
13
1
1
5
4
1
12
25
1
15
1
1
1
1
2
5
1
1
3
3
8
3
1
3
1
2
1
2
8
1
3
5
2
60
2
4
3
5
4
1
3
120
1
13
1
12
3
3
9
1
4
6
2
2
5
5
1
2
2
64
4
3
1
1
1
6
9
1
1
1
7
1
1
6
2
3
4
1
13
1
19
7
2
2
1
1
1
1
1
2
1
10
7
12
3
1
5
2
2
2
3
1
4
3
1
5
2
22
1
5
1
2
1
7
6
1
3
3
1
5
8
7
1
2
2
1
1
4
1
1
1
7
1
2
1
34
3
2
1
9
2
1
3
6
1
1
5
5
2
1
1
1
3
17
1
1
1
1
2
5
2
1
2
3
1
1
1
4
3
1
5
3
3
2
5
1
1
5
9
1
2
1
5
1
3
5
4
4
16
2
2
1
3
1
1
1
2
17
1
3
1
1
4
4
1
3
4
1
2
21
2
2
3
2
2
10
1
42
1
2
1
4
1
1
5
7
632
23
1
10
1
4
2
1
20
1
3
18
1
12
1
5
6
1
5
3
1
2
1
24
1
1
1
3
1
4
1
10
2
12
1
3
8
1
2
11
3
16
1
3
12
38
4
3
1
1
15
1
1
2
1
3
1
1
2
19
14
1
2
23
1
7
1
11
1
1
1
4
3
1666
4
1
9
1
3
2
1
1
1
5
1
2
3
1
6
3
1
1
1
2
2
1
7
11
2
6
1
5
11
2
1
1
3
14
115
1
2
2
1
4
4
46
2
1
1
1
2
1
1
3
4
1
1
3
3
3
2
9
3
1
1
1
6
1
6
7
1
42
1
3
2
1
4
5
1
2
4
1
6
4
3
1
65
1
17
1
1
1
1
1
2
1
1
1
4
5
1
77
1
7
1
2
1
10
1
17
1
3
1
20
1
1
1
7
14
1
5
2
4
1
3
1
1
5
2
3
1
4
5
6
1
1
1
2
2
33
1
6
2
1
1
4
1
9
3
4
2
4
11
5
1
8
1
1
2
12
1
1
1
1
28
1
4
49
1
1
1
1
1
5
1
3
4
14
4
1
82
3
1
22
7
1
1
2
1
1
1
7
1
2
1
6
1
1
2
3
1
3
1
4
12
2
3
2
3
1
4
51
1
3
1
1
9
1
6
2
6
1
1
3
3
38
1
1
2
1
1
11
3
6
1
1
5
1
27
18
3
1
1
1
5
1
20
1
12
1
2
1
1
1
21
1
1
258
3
4
1
17
1
226
3
1
1
1
4
2
1119
3
68
2
1
2
27
1
2
4
1
5
176
1
35
1
5
26
3
1
5
13
1
4
4
1
4
2
4
14
20
10
1
1
1
23
7
10
30
8
1
5
1
1
3
2
1
1
5
5
1
1
1
1
1
6
5
4
1
15
1
4
4
3
1
2
9
1
4
1
2
1
1
6
16
1
62
1
1
1
1
2
1
1
11
2
9
5
4
3
86
1
33
1
14
1
1
2
1
1
2
1
2
11
119
6
1
1
1
1
4
12
1
2
1
2
1
14
1
3
2
75
2
5
2
28
3
7
2
1
1
9
2
36
20
28
1
1
12
1
3
1
5
2
9
1
8
3
11
2
365
1
5
1
19
1
1
6
2
1
1
3
5
2
1
3
1
12
2
4
126
7
1
1
2
5
6
1
1
6
1
3
1
2
40
2
1
279
1
1
12
1
1
1
8
1
3
8
4
1
2
26
1
2
227
2
3
3
1
1
3
21
3
2
4
2
2
14
3
23
1
1
1
8
6
1
2
6
2
1
3
3
9
1
1
14
1
1
1
1
1
1
1
22
1
1
4
3
1
10
14
6
1
3
1
7
18
1
27
1
7
1
6
3
13
1
90
1
1
1
1
95
2
8
3
1
3
1
6
1
3
116
2
37
1
2
1
4
1
8
14
8
2
2
5
2
1
1
5
4
1
4
6
1
1
6
29
7
1
1
2
1
11
3
38
1
6
8
2
1
1
1
8
1
2
1
52
3
1
67
2
5
10
2
3
8
6
18
1
2
2
4
3
8
2
1
2
4
4
243
3
1
1
9
1
4
1
3
2
3
2
2
1
8
1
4
1
1
1
1
1
4
1
142
1
58
1
2
1
8
1
8
2
13
1
4
1
6
2
3
1
2
4
1
8
1
2
48
26
3
1
1
5
1
1
6
1
1
2
1
41
1
1
1
1
5
3
1
5
1
36
1
1
14
4
3
1
55
1
4
3
2
21
1
1
1
3
1
5
3
2
1
10
35
2
1
2
1
5
1
3
1
1
1
1
2
1
54
2
2
5
1
3
4
1
2
3
1
1
3
4
1
4
2
3
1
5
2
1
2
3
1
2
2
2
4
1
6
2
2
1
11
1
3
12
3
8
1
3
8
1
1
18
19
1
4
1
1
2
2
12
11
1
6
9
2
1
2
2
1
77
1
6
1
1
3
21
1
2
1
1
1
2
1
4
2
10
1
1
2
2
7
6
1
13
1
2
4
1
4
4
2
3
1
28
5
3
3
1
10
193
1
1
1
1
3
2
9
7
1
2
2
10
2
37
1
2
1
1
3
2
1
2
1
24
1
1
2
1
66
1
4
2
1
12
2
13
1
8
3
15
1
9
1
5
3
2
1
6
6
1
6
2
2
1
1
1
3
3
1
4
1
1
1
2
3
1
2
103
1
20
16
2
1
5
1
1
1
1
5
16
1
1
7
2
1
5
1
2
1
1
1
4
1
2
1
8
2
1
1
9
1
2
1
1
181
4
7
1
1
4
13
1
2
3
1
7
3
2
1
1
53
1
6
1
22
5
4
1
1
2
5
3
2
3
1
9
3
4
7
2
1
2
1
3
19
1
2
42
8
2
18
1
17
3
2
1
5
34
2
1
4
16
837
1
4
1
2
1
1
7
1
3
1
1
4
2
10
7
1
1
1
1
2
1
1
6
1
60
1
1
8
1
12
2
1
3
1
2
16
1
1
1
5
3
1
4
1
3
1
2
2
4
2
83
1
9
1
1
7
1
1
10
4
1
5
3
5
1
1
2
1
1
1
19
4
2
4
1
91
132
9
3
11
5
1
2
2
13
1
25
1
9
3
13
4
1
1
3
1
3
4
1
1
9
1
1
4
101
1
1
99
8
1
9
87
4
1
5
1
1
9
5
1
5
25
1
1
1
3
2
2
3
45
1
1
2
1
4
1
1
2
1
8
8
5
1
1
4
2
1
1
2
1
2
2
1
2
2
1
1
2
2
2
1
4
2
1
1
2
13
2
1
3
2
1
4
1
1
2
23
1
1
2
1
3
9
1
9
2
3
1
1
1
1
12
6
81
27
3
3
2
2
5
1
3
1
2
1
4
1
2
1
2
2
1
16
1
1
1
2
3
5
1
2
2
6
20
1
1
1
1
8
1
6
1
4
8
3
1
4
1
3
2
5
3
1
10
18
1
3
26
41
1
2
4
1
1
6
6
60
2
1
1
1
1
3
51
1
4
1
1
13
1
2
1
1
3
4
1
8
1
2
2
3
1
2
1
1
1
1
1
1
1
14
2
1
5
266
2
1
9
2
4
1
2
11
1
6
4
1
1
5
1
2
1
2
1
2
6
1
3
3
4
2
1
2
1
1
1
9
1
2
2
1
2
5
2
46
1
10
1
2
1
3
1
1
2
1
2
1
2
2
1
15
1
36
1
1
1
1
2
4
5
5
114
1
93
2
4
21
7
1
26
1
8
2
1
1
5
2
1
3
3
8
6
2
2
6
1
4
3
3
1
3
1
3
1
3
3
1
2
1
41
3
1
3
4
3
1
10
1
1
1
1
2
2
6
1
18
18
2
3
1
1
20
1
1
1
10
1
3
1
2
1
34
1
5
173
1
50
1
2
1
2
14
1
148
2
2
2
6
1
9
2
3
3
2
11
1
4
2
1
1
1
2
1
5
1
18
1
4
2
3
5
1
1
1
2
10
27
2
4
1
4
3
2
2
2
1
1
4
1
3
1
536
1
1
1
19
1
22
4
1
6
2
3
1
32
4
1
6
1
19
1
1
1
1
31
6
1
3
11
1
2
19
1
10
2
1
1
1
1
4
2
1
24
1
5
3
2
1
1
1
1
2
1
10
1
1
6
19
1
1
1
1
5
2
4
8
2
6
2
8
1
2
1
5
2
1
1
1
25
23
66
3
21
27
5
1
2
4
15
3
3
1
3
1
1
1
3
4
2
13
5
1
20
1
5
1
1
3
1
53
4
3
2
7
1
2
2
4
5
3
1
1
87
1
5
3
1
1
41
1
85
1
6
1
4
1
7
6
1
2
1
1
3
47
2
5
3
1
12
2
19
1
1
5
1
1
1
1
1
16
16
4
5
1
17
1
1
11
1
3
1
1
13
2
1
1
2
1
1
2
1
2
1
1
6
1
23
1
1
1
3
4
1
2
1
2
1
34
5
12
2
1
2
11
1
10
1
1
1
2
1
3
2
6
6
13
1
15
2
37
2
1
1
1
4
3
1
1
6
2
2
2
5
1
1
19
1
1
115
1
8
2
1
15
1
3
2
1
1
1
5
1
5
1
7
14
5
1
136
1
4
1
1
1
1
1
1
10
1
2
16
1
1
1
2
1
7
1
5
2
5
15
6
12
7
2
6
1
7
6
1
86
5
1
1
1
1
2
5
1
22
27
48
11
5
2
2
1
2
1
1
1
11
1
2
1
17
1
2
1
13
1
1
1
3
1
1
1
4
1
2
3
2
3
2
1
7
5
1
2
1
1
58
1
1
4
27
1
1
1
1
1
12
2
1
1
1
3
1
1
2
32
13
1
1
8
14
26
1
1
2
1
3
4
13
2
3
2
1017
1
1
2
2
2
2
1
12
1
1
2
1
2
1
2
1
1
4
1
35
9
1
2
2
1
4
1
11
2
1
12
1
2
11
1
1
2
35
2
1
2
88
6
1
2
4
1
2
4
1
10
1
11
16
1
6
1
10
4
5
1
1
4
1
1
1
6
1
1
17
3
6
1
6
1
4
3
4
1
210
2
1
21
4
35
1
3
1
1
1
2
25
9
1
1
1
9
3
3
10
2
65
16
1
9
3
23
1
5
1
1
3
1
3
2
2
3
1
1
1
4
1
1
2
1
1
43
2
9
1
496
1
11
66
1
26
9
4
2
1
2
3
2
1
1
15
1
41
2
1
1
7
1
7
1
18
2
42
2
1
1
1
2
3
7
1
4
7
1
1
1
1
1
3
2
2
2
1
2
6
1
2
3
1
3
1
1
1
1
4
2
1
1
1
6
3
3
1
1
1
2
1
4
4
1
2
2
1
1
4
2
22
1
1
1
1
8
2
3
2
2
1
1
23
8
3
1
306
2
1
1
332
3
1
2
1
3
1
17
2
7
1
1
1
1
1
6
2
1
1
1
5
1
1
1
5
2
12
12
1
2
1
2
2
1
1
2
1
4
1
13
2
1
4
1
1
6
2
3
5
1
20
1
8
5
11
14
1
6
3
3
1
1
1
2
2
1
3
3
2
1
1
2
1
1
1
1646
2
10
1
2
6
1
1
1
1
9
1
4
3
4
2
2
6
2
15
1
5
13
3
1
290
3
19
1
1
1
14
1
1
1
2
13
1
17
1
2
1
12
1
67
1
17
10
10
1
2
2
1
3
1
1
1
38
4
1
3
151
1
1
1
2
1
1
1
27
1
2
42
4
52
1
1
2
1
4
2
1
8
6
1
1
1
11
1
4
2
3
1
2
4
2
2
3
252
5
1
4
2
1
2
1
2
1
1
1
1
1
1
4
1
1
14
1
5
12
1
1
5
1
4
3
66
18
1
1
7
1
9
1
1
1
2
3
1
6
1
5
4
4
4
4
1
2
3
1
4
2
6
1
2
1
1
1
2
1
23
16
2
4
5
2
5
1
6
67
1
33
3
1
18
1
1
9
4
2
1
1
1
2
2
6
1
1
1
8
5
5
8
8
25
8
6
1
6
1
2
2
1
2
1
3
6
6
1
1
1
155
1
1
4
5
1
1
4
3
2
3
2
1
7
1
4
5
1
10
2
9
1
10
1
19
1
3
1
8
1
1
1
11
2
2
3
9
4
1
12
4
4
3
21
2
3
20
1
3
4
8
4
31
1
1
2
6
92
3
12
1
3
2
1
4
3
2
1
3
1
3
2
2
8
1
1
4
2
1
1
2
3
2
4
1
1
2
1
3
1
1
5
1
2
2
2
2
1
59
8
2
3
4
1
40
1
3
4
29
21
1
15
6
1
2
12
97
3
1
1
1
9
2
6
2
2
4
2
11
1
1
2
1
2
1
1
15
1
9
8
1
1
2
5
2
1
1
1
31
1
3
4
1
1
2
2
2
1
1
5
4
1
5
2
4
1
1
5
1
1
2
1
1
2
5
53
1
1
1
9
4
1
6
11
21
1
12
1
21
3
29
1
1
5
5
2
1
1
5
2
1
1
5
1
33
1
2
9
1
8
1
1
1
1
1
1
3
3
46
2
32
1
1
2
120
1
4
19
12
1
61
1
1
97
1
2
2
1
1
1
13
1
3
1
6
5
3
7
1
99
1
1
3
1
1
3
6
4
117
2
2
1
13
12
2
209
5
5
2
33
5
1
2
2
13
5
4
1
23
1
2
7
4
1
3
3
5
1
97
3
5
1
1
1
3
2
2
1
1
3
1
214
1
3
1
3
1
3
3
2
2
16
2
3
2
1
1
1
3
3
2
1
1
2
14
1
4
1
3
1
2
1
2
2
1
2
2
10
1
4
10
8
1
2
44
3
3
2
2
1
1
1
21
3
1
2
2
6
3
3
16
3
1
4
1
1
3
1
8
3
2
2
266
5
1
1
1
1
1
6
1
3
2
2
14
2
58
8
1
42
3
1
42
2
1
7
1
1
45
1
1
1
6
1
1
3
2
5
1
6
1
9
62
3
4
1
9
2
2
2
5
3
1
9
3
1
3
2
4
2
1
1
3
2
1
1
19
1
2
2
1
4
1
1
1
14
4
1
4
2
1
2
6
1
3
1
5
5
1
2
1
1
4
2
24
1
1
1
1
1
3
3
1
41
2
14
1
5
4
1
3
1
1
28
2
26
6
5
1
2
29
1
5
1
4
1
316
2
2
3
1
1
1
12
1
6
1
1
51
2
6
2
2
17
1
1
2
5
1
5
3
43
1
3
1
3
9
3
11
1
2
1
7
2
1
10
20
1
2
2
3
1
1
90
2
3
1
1
2
2
1
3
2
3
2
3
9
2
1
1
1
1
35
1
2
3
3
1
16
2
3
1
13
3
2
4
51
14
42
3
1
10
5
5
1
1
14
5
11
1
6
1
1
4
1
4
5
1
1
3
2
1
3
2
1
6
28
3
5
1
1
11
2
1
5
1
2
5
1
1
1
32
255
2
2
1
3
27
1
3
1
5
1
1
108
1
2
12
1
21
1
6
3
1
3
3
1
3
2
1
29
1
16
1
1
3
1
5
1
1
9
1
4
1
1
1
1
12
18
3
1
1
2
2
2
3
1
1
5
1
8
5
1
1
88
1
2
1
1
10
1
21
9
1
14
1
1
1
5
17
2
23
1
6
1
46
2
12
1
4
19
1
5
10
2
1
1
3
1
2
3
2
1
3
2
5
1
5
22
1
7
1
2
1
2
1
4
3
2
1
91
1
12
2
1
1
2
3
19
2
4
4
1
355
23
6
1
5
1
2
1
2
2
3
9
1
9
1
2
1
5
1
3
2
2
1
23
1
1
3
3
2
249
1
1
9
1
1
1
4
2
3
4
7
3
2
4
1
1
1
5
2
3
7
1
1
1
3
3
2
1
1
2
4
7
12
4
1
2
1
6
1
1
1
1
2
1
6
1
22
1
1
2
6
4
1
24
2
1
3
160
1
1
1
1
10
187
1
1
1
1
13
1
1
16
1
14
1
2
3
1
2
14
1
54
3
1
2
2
6
1
2
4
3
11
1
4
4
26
1
3
2
156
1
1
1
92
2
46
18
8
1
1
1
2
1
2
4
4
1
1
37
4
1
2
1
1
7
17
5
2
24
1
1
1
25
3
7
1
2
3
1
3
5
1
1
3
10
1
4
1
1
4
1
1
1
13
1
3
1
236
1
1
2
1
1
2
1
2
2
1
1
6
43
1
17
6
1
58
7
4
1
1
1
2
3
2
4
2
7
1
2
1
28
3
1
2
1
1
2
1
2
1
14
1
6
1
7
3
2
3
1
7
35
2
3
1
1
10
1
5
1
1
20
4
16
8
1
7
26
1
4
1
1
5
1
4
1
12
8
1
1
3
3
3
53
10
1
23
3
5
5
5
15
113
1
2
1
2
1
6
2
2
1
5
6
2
54
1
2
1
1
3
1
3
1
43
1
5
4
1
49
8
1
1
1
5
1
5
2
1
22
1
23
2
2
2
2
1
1
6
1
10
9
3
5
2
6
1
15
1
4
1
11
4
1
2
1
7
2
6
1
1
6
2
1
1
1
1
1
2
1
1
2
6
5
10
2
14
4
1
35
79
16
6
1
1
3
1
1
1
1
5
1
5
1
4
1
4
3
2
57
1
31
1
4
10
4
2
1
3
1
11
1
8
1
52
4
1
1
2
4
1
2
2
1
1
1
3
4
3
2
113
2
6
1
1
9
12
1
195
2
1
1
12
1
38
3
2
1
2
4
1
3
1
5
2
1
1
6
1
1
6
1
1
1
5
16
1
1
12
5
2
1
2
3
56
41
4
2
1
1
18
4
1
5
1
2
304
2
1
1
9
6
3
1
1
1
1
1
1
38
1
1
3
6
1
1
3
9
1
1
3
3
1
5
2
1
29
1
2
2
2
1
1
2
1
1
10
6
1
1
11
20
4
5
2
1
4
2
1
1
30
1
1
2
2
1
1
1
1
2
10
1
5
1
3
1
1
3
2
1
2
50
36
4
1
47
22
1
28
1
7
3
4
1
1
3
2
1
2
4
2
1
4
2
2
10
1
2
1
2
1
3
2
10
1
7
8
1
2
9
2
5
4
1
1
2
11
1
3
1
1
1
3
2
1
3
1
2
1
3
1
4
1
1
2
1
22
2
1
2
10
2
2
2
1
3
8
7
1
1
1
1
3
1
3
1
4
2
1
2
1
14
1
5
1
1
112
1
1
5
3
1
1
19
1
4
4
1
1
5
3
3
1
2
2
1
4
2
3
4
7
4
2
1
1
1
3
1
17
2
5
2
1
1
3
1
1
1
1
1
1
2
15
1
2
3
1
2
1
1
1
5
1
1
3
4
2
1
1
5
3
1
3
1
6
1
1
1
5
3
1
14
1
3
10
2
1
1
1
2
1
3
1
1
1
1
11
2
1
3
1
1
1
12
2
2
5
5
46
4
1
6
3
27
1
3
3
3
1
12
1
2
11
4
1
1
1
1
3
1
4
4
8
1
1
4
9
1
3
3
1
7
4
1
6
12
2
1
15
1
1
4
1
1
15
1
2
1
19
1
12
1
9
1
1
5
3
2
1
8
1
2
1
3
2
1
5
3
1
5
3
4
1
2
2
1
6
1
3
6
1
1
1
7
1
7
1
3
1
1
26
1
1
4
1
6
1
1
1
1
4
2
2
2
2
5
3
3
4
3
1
2
1
2
1
10
1
5
1
3
2
3
6
1
6
2
1
2
4
5
1
2
3
2
1
1
1
1
2
19
19
1
5
2
1
4
13
3
17
1
1
1
31
1
1
1
1
1
4
1
1
2
1
2
1
9
1
54
6
1
15
1
8
6
2
1
4
1
4
67
2
1
1
1
2
1
5
1
3
3
6
2
111
2
2
4
1
2
6
3
1
9
1
5
1
8
1
1
4
1
2
2
2
8
23
51
1
27
1
1
2
3
5
1
3
14
1
1
8
2
7
1
7
1
3
1
15
3
5
5
1
1
1
1
16
1
2
3
2
4
4
1
1
4
2
7
1
4
1
47
282
1
1
1
10
4
9
1
2
5
1
7
1
3
11
2
2
3
3
1
2
1
2
1
2
7
6
71
1
1
15
1
2
2
1
1
4
7
2
3
1
1
14
6
1
6
4
2
1
1
1
3
2
1
1
2
2
29
1
17
3
4
2
11
1
2
1
1
2
1
1
3
1
3
5
1
11
971
11
3
5
7
2
2
10
3
1
5
8
1
3
16
2
1
1
25
2
1
5
3
27
16
1
9
5
6
3
1
4
1
2
2
69
4
1
5
1
2
2
1
21
1
3
1
2
8
1
2
1
1
1
4
5
6
1
1
2
1
1
2
4
2
2
5
2
6
1
13
15
6
1
80
1
1
11
1
7
7
1
10
9
1
4
2
3
3
1
20
1
10
2
49
5
1
2
1
3
1
3
1
1
3
1
3
1
2
1
12
19
2
3
1
1
21
3
3
1
47
5
36
1
8
3
33
1
10
11
3
3
3
1
1
4
1
5
1
4
1
1
7
1
1
1
2
1
4
8
1
4
4590
1
2
1
16
3
1
1
1
4
11
1
1
23
9
1
8
4
1
4
2
5
1
1
31
2
1
1
2
8
1
3
2
1
2
1
1
10
2
1
1
3
1
28
1
2
1
1
3
1
1
2
4
1
5
2
4
3
20
2
20
1
12
4
7
1
2
8
1
1
1
1
10
8
1
1
9
1
2
7
1
3
36
32
7
2
1
2
3
2
3
2
1
7
3
1
1
34
5
1
8
1
1
1
5
2
1
7
1
6
2
1
4
2
1
1
1
13
2
5
18
1
14
2
2
3
2
19
19
6
2
2
1
1
1
2
15
1
1
4
19
1
3
1
1
1
1
1
2
1
3
3
2
3
3
3
5
1
1
1
3
1
4
1
10
1
4
2
66
2
3
2
2
1
1
12
2
3
1
1
3
6
6
1
1
1
3
1
3
1
1
1
5
3
1
1
1
1
1
1
4
2
10
1
1
2
2
23
1
2
31
2
3
3
1
2
1
1
2
1
1
3
10
1
25
4
2
1
10
2
3
6
1
2
1
7
1
1
3
1
14
3
14
7
3
1
2
9
1
1
1
2
1
6
1
9
1
142
6
1
32
4
1
10
7
4
1
4
16
3
1
8
4
2
1
2
1
33
2
2
1
1
2
2
1
1
12
43
2
1
1
1
4
3
4
2
2
2
1
1
9
1
9
4
4
2
2
1
4
2
1
1
1
1
7
3
1
1
3
5
1
1
2
8
2
3
2
1
5
21
1
2
26
11
1
1
4
1
1
2
37
24
2
4
2
1
1
1
4
1
2
7
14
2
3
23
5
2
1
1
2
1
2
4
4
2
2
4
3
1
3
1
1
1
23
2
1
2
4
1
1
2
1
1
1
3
79
1
6
1
1
14
3
7
1
1
10
6
15
99
1
15
1
1
2
1
4
1
1
2
2
5
6
2
2
4
1
1
10
1
1
13
3
8
1
11
2
1
2
12
4
2
4
7
1
1
4
2
1
20
1
1
1
2
5
1
3
1
1
2
2
2
1
1
1
78
1
2
1
8
1
2
1
4
2
22
1
2
1
3
1
2
1
19
1
5
1
2
1
6
1
1
12
1
1
14
2
1
1
6
3
1
6
6
11
2
1
2
67
1
2
7
1
4
2
22
3
2
3
5
5
5
178
1
1
1
1
1
3
2
4
3
1
5
14
41
50
30
3
1
108
1
2
3
2
3
3
1
2
3
3
1
9
4
1
7
277
2
1
4
193
18
1
2
22
4
2
1
10
4
1
7
1
1
3
30
1
21
2
1
2
1
4
7
3
1
1
1
6
8
2
1
4
1
2
1
4
1
2
4
15
9
3
1
1
1
1
1
2
2
2
12
1
2
4
1
2
2
2
2
9
2
2
1
2
1
3
14
1
1
1
1
2
5
5
1
2
3
1
1
2
1
3
1
2
2
5
1
1
163
1
2
1
1
1
1
3
1
22
14
13
1
4
3
7
2
1
65
6
10
3
2
1
1
4
1
1
3
5
1
17
3
1
2
1
1
2
2
1
2
3
3
2
2
2
3
2
1
4
1
2
1
4
1
3
2
4
6
8
1
4
1
51
6
18
1
6
6
2
5
1
1
19
2
1
5
2
2
7
5
2
5
3
2
3
1
15
34
5
1
5
2
2
1
1
3
6
2
1
1
1
3
1
12
1
1
4
2
2
3
3
2
7
1
5
37
1
1
1
2
1
2
3
3
2
1
4
5
1
1
13
1
1
2
3
1
27
1
1
14
13
1
1
1
3
11
2
13
2
18
1
12
1
3
11
2
2
1
1
1
3
1
2
4
10
9
11
2
13
1
3
1
2
3
6
4
1
3
3
4
2
4
1
21
1
1
1052
1
3
1
1
2
12
2
4
17
1
1
1
2
8
1
1
4
4
3
3
2
3
11
4
1
5
1
14
1
24
1
3
2
2
4
3
5
1
10
5
6
52
18
2
2
8
1
11
1
1
1
56
1
1
1
1
7
1
2
3
1
14
1
1
1
1
1
5
1
1
4
42
2
1
18
1
2
2
1
2
62
2
8
2
1
10
1
27
61
2
1
1
1
6
1
3
1
1
1
4
2
5
1
1
9
4
7
1
1
3
2
1
3
1
1
2
34
3
8
8
3
2
33
1
4
20
4
125
4
2
2
50
1
3
9
1
5
2
1
9
1
8
376
1
2
1
3
9
3
1
6
1
4
47
1
1
1
21
1
4
2
3
2
10
1
1
2
3
1
1
2
2
1
3
1
2
1
3
2
2
3
1
1
1
2
3
4
3
3
47
13
1
5
12
1
10
1
8
1
5
1
10
1
16
4
21
1
2
1
1
4032
1
3
1
1
1
6
2
1
5
7
2
1
2
10
1
1
1
1
2
1
1
1
23
1
2
3
2
2
4
1
6
4
2
1
13
1
1
4
1
2
11
6
1
10
2
7
1
1
1
3
2
3
3
1
13
3
53
45
1
1
3
1
1
1
2
1
7
1
4
1
2
7
4
1
2
7
14
1
2
2
6
1
10
5
1
48
1
6
1
2
2
1
2
1
4
7
8
1
5
1
6
183
1
3
1
1
9
1
5
4
11
4
2
3
11
1
3
1
1
3
1
1
1
12
2
4
1
5
1
2
4
1
3
1
1
1
2
1
6
1
1
7
9
1
3
2
1
28
1
5
2
2
1
5
1
1
11
2
370
1
53
2
31
1
25
1
4
1
2
2
8
43
10
2
3
9
1
1
3
6
15
5
1
3
1
1
1
5
12
3
1
3
4
2
16
11
21
1
4
222
1
2
49
2
1
3
9
1
21
2
1
1
3
5
1
1
4
4
2
4
1
18
2
13
4
1
1
67
5
3
2
43
4
1
17
1
2
1
11
1
1
1
32
6
1
67
1
6
2
2
20
13
7
1
3
3
2
5
5
1
7
2
12
1
1
2
1
1
4
14
1
4
106
1
2
1
1
1
1
2
2
5
1
1
1
2
6
2
2
3
58
1
4
2
2
6
1
1
3
1
1
2
4
11
1
1
1
17
2
1
1
3
4
2
1
2
2
8
13
13
1
1
25
2
3
1
5
1
1
1
1
1
2
1
7
7
8
1
7
2
1
10
3
1
1
1
1
1
2
6
8
30
4
7
3
6
1
4
4
1
1
1
2
31
2
10
2
3
7
1
1
71
2
2
6
1
1
14
3
2
1
1
2
6
2
2
1
1
4
28
2
1
2
2
4
2
1
1
1
12
2
2
3
7
8
1
9
31
1
2
1
1
8
1
31
1
2
1
1
2
2
1
4
1
2
16
16
1
1
3
13
2
1
4
1
4
122
2
1
199
52
3
3
1
19
1
3
2
1
1
8
1
1
2
7
1
13
1
1
4
1
1
15
1
5
2
4
2
1
49
5
11
2
4
1
3
1
1
4
2
1
1
1
36
1
2
5
3
2
3
1
2
11
1
6
1
22
6
1
2
5
1
9
1
4
1
1
2
3
7
2
1
7
2
9
9
1
1
1
1
1
2
2
1
6
2
4
1
4
1
1
2
2
1
1
1
4
44
44
1
1
2
1
2
2
1
3
5
20
1
1
42
1
1
13
2
3
1
4
1
4
2
80
3
2
1
12
2
21
3
13
7
3
2
6
4
1
1
1
36
1
16
1
2
18
1
1
7
1
1
2
1
4
1
1
141
3
2
1
2
3
1
2
1
2
3
4
7
1
7
2
4
35
1
3
3
1
5
1
40
13
2
3
1
2
2
8
20
2
1
14
6
1
6
1
31
1
2
18
2
1
6
26
8
12
2
1
3
4
1
2
1
5
2
4
2
1
2
7
3
1
8
1
2
1
1
7
1
8
2
1
38
1
2
1
1
1
1
3
2
6
3
1
574
1
1
1
2
96
66
4
3
14
1
4
4
1
4
4
1
2
1
4
1
1
1
1
4
1
4
2
5
1
8
2
1
1
3
1
12
1
2
1
157
1
1
1
39
3
3
1
3
1
10
1
2
3
1
1
1
4
1
1
1
1
1
3
2
1
6
4
1
1
1
4
1
5
1
1
2
1
1
1
1
3
1
1
9
1
3
1
1
1
1
3
3
2
1
13
3
4
1
2
29
5
3
9
3
50
4
1
1
5
6
2
3
16
322
2
5
11
1
1
3
1
3
1
1
17
