1
4
1
18
1
1
1
4
1
9
9
2
1
1
1
2
7
1
1
7
11
1
1
1
3
1
6
1
30
1
4
1
1
4
1
3
1
2
7
1
3
1
2
2
1
16
1
1
3
3
1
2
2
1
6
1
1
1
6
1
1
4
428
5
1
1
3
1
1
11
2
4
4
5
4
1
5
14
1
3
1
2
19
1
2
5
1
7
1
1
1
1
1
57
3
2
14
2
7
1
4
2
3
9
1
3
6
1
2
7
1
1
1
5
3
1
9
1
10
1
4
4
2
6
7
1
384
1
1
1
5
2
1
2
155
1
1
26
6
8
1
1
2
11
1
27
1
1
2
1
1
1
7
2
1
1
6
5
2
2
1
6
1
2
2
2
1
2
2
4
1
3
2
1
13
2
23
23
2
2
15
1
2
3
1
8
7
2
1
3
102
7
1
2
1
2
24
1
2
17
4
19
5
1
9
3
1
2
3
15
9
2
1
10
1
9
1
23
2
30
9
1
1
2
1
1
75
52
5
4
1
101
29
1
10
1
1
6
12
5
1
1
1
1
2
1
1
3
1
1
1
13
1
44
2
1
2
1
1
1
3
4
1
1
5
1
1
2
3
1
1
6
2
1
1
1
1
4
4
1
5
3
3
5
1
2
8
1
1
5
1
85
2
1
1
48
1
35
11
338
4
2
2
13
2
1
1
1
1
2
16
1
1
1
5
1
1
6
3
1
1
38
1
7
7
1
5
4
1
5
7
3
1
1
1
1
7
1
8
1
1
2
1
10
41
1
1
2
9
1
1
5
1
3
2
1
10
1
2
4
1
7
1
2
2
4
1
1
3
2
1
2
1
3
192
1
6
1
2
23
1
14
8
1
13
9
1
4
1
14
1
3
5
17
2
29
1
9
1
3
2
2
2
1
1
1
2
165
1
2
1
22
1
25
1
26
1
3
2
4
7
3
1
59
4
5
1
15
3
14
3
3
2
3
2
14
2
1
2
2
1
3
11
1
2
1
10
1
1
18
1
159
1
3
1
1
116
2
1
4
1
3
3
2
1
1
1
102
22
11
19
4
1
2
44
1
3
5
1
2
263
1
25
1
23
1
3
1
1
1
5
7
17
1
2
1
4
1
1
1
7
19
3
3
3
1
1
3
1
2
4
102
2
5
1
1
1
3
1
1
1
3
11
1
2
1
1
2
1
1
7
1
2
1
13
1
1
1
1
3
15
2
2
1
1
1
1
1
7
2
5
2
15
1
1
2
4
2
1
2
28
1
7
4
5
3
4
9
1
2
1
458
3
28
1
15
1
1
1
1
1
2
1
2
1
11
1
41
2
16
1
3
3
5
2
5
1
1
2
3
1
8
1
3
1
27
2
2
5
2
1
2
7
3
6
1
2
2
20
1
7
3
1
2
1
1
2
6
1
5
1
309
1
1
2
2
2
2
1
4
5
6
14
1
2
1
6
1
1
1
1
1
1
28
10
10
2
11
1
33
2
3
26
1
1
1
150
2
2
1
66
1
43
6
1
4
1
26
9
8
1
1
2
1
1
3
1
4
1
1
2
1
1
2
3
1
1
1
2
3
1
1
3
2
4
1
1
2
3
3
6
1
1
1
1
9
2
1
7
8
4
1
95
2
2
13
1
145
1
1
1
1
2
15
1
1
1
1
1
1
1
1
1
20
2
3
1
5
2
2
3
1
21
1
3
5
3
4
10
81
2
3
1
2
1
1
30
2
1
2
1
2
2
1
1
3
3
1
1
7
1
3
1
2
4
1
3
1
1
1
19
1
1
17
3
13
6
15
2
1
11
1
1
1
2
3
2
1
67
29
2
1
1
13
5
3
1
20
1
21
2
1
7
1
8
115
2
5
1
2
1
4
1
1
2
2
1
6
1
2
1
2
1
3
1
1
1
1
2
3
1
3
17
2
2
5
6
3
2
1
15
22
1
6
1
8
6
2
2
9
2
2
4
2
1
406
1
6
1
8
2
9
1
2
1
1
2
2
34
1
7
1
1
2
2
1
3
2
7
1
2
21
6
4
2
1
14
1
1
1
1
1
1
19
2
3
53
2
3
2
2
2
16
1
2
1
1
8
1
1
1
13
2
4
9
1
12
2
6
2
1
1
6
1
1
2
64
7
1
2
1
2
1
3
9
7
2
2
1
3
5
1
1
2
2
6
2
25
1
1
3
14
1
2
1
10
3
1
11
1
1
7
4
5
2
1
13
1
2
17
2
1
1
10
1
1
2
1
18
1
2
1
3
1
2
1
2
1
5
3
19
4
1
2
1
2
1
1
1
26
1
1
5
24
1
1
4
5
2
1
6
6
1
1
35
2
2
1
2
36
2
5
1
2
8
2
3
3
3
3
6
1
1
4
2
2
1
2
1
1
1
1
5
1
1
1
5
5
2
2
3
3
1
2
1
3
9
2
1
1
2
1
2
6
1
4
2
1
2
1
5
1
2
1
2
3
4
1
6
1
3
2
1
1
1
1
4
1
1
8
2
2
1
1
19
2
4
1
1
1
5
4
9
1
6
2
2
2
1
1
11
1
6
1
80
1
137
2
1
1
3
1
6
36
1
4
1
3
1
3
1
2
1
107
3
3
1
1
1
1
1
1
1
2
1
26
2
1
2
1
1
14
25
2
1
1
1
1
1
1
4
1
3
6
2
4
1
2
1
3
2
2
12
2
2
10
6
1
1
1
1
6
1
1
3
1
8
1
27
1
7
1
9
1
2
3
4
3
1
1
1
2
1
1
3
1
1
2
5
1
1
1
11
1
3
1
17
126
3
1
1
5
1
4
1
5
12
1
1
1
4
1
6
2
1
11
11
1
1
16
1
71
1
2
8
4
2
1
1
3
2
9
2
39
1
1
1
3
1
4
2
2
2
1
7
1
1
2
8
1
54
1
1
2
55
1
2
8
4
2
5
5
3
4
1
77
1
12
1
7
3
5
1
2
1
22
9
1
4
1
1
4
1
5
3
1
1
1
4
2
1
2
1
1
4
2
1
2
3
1
5
6
1
1
24
6
1
2
1
1
2
3
17
1
2
3
6
3
21
1
2
1
7
1
8
1
33
1
1
15
1
9
1
1
1
2
2
4
27
6
1
1
1
26
1
1
1
2
28
1
1
4
4
2
1
2
3
2
2
1
8
1
3
1
12
3
2
2
9
1
1
14
1
1
1
4
2
2
2
2
1
1
4
2
1
2
1
1
1
3
1
6
3
1
1
3
1
5
4
1
3
48
1
7
19
6
3
1
2
2
14
1
6
1
2
1
5
1
1
5
24
1
3
1
3
2
9
1
3
39
1
27
1
7
1
1
1
2
1
8
1
18
9
1
1
2
6
1
2
1
1
1
5
1
19
1
1
1
3
19
1
2
8
1
141
1
2
2
1
7
4
1
3
17
1
1
3
4
1
2
35
4
4
84
3
1
2
7
1
8
1
4
3
3
2
1
1
7
2
1
8
46
2
3
1
1
23
1
32
1
1
5
4
2
1
527
1
2
8
1
2
1
2
2
2
1
2
1
123
4
3
7
1
13
4
1
3
2
21
2
2
2
4
46
1
3
6
5
1
2
1
5
2
3
4
12
5
1
1
1
2
1
5
3
1
1
1
1
1
6
3
7
1
1
1
3
3
2
15
1
1
5
1
1
25
7
1
1
1
2
1
3
2
3
1
1
18
3
1
1
1
6
1
3
1
43
1
3
272
3
1
4
1
1
1
15
1
1
2
2
8
6
1
11
1
1
1
3
7
1
1
1
140
2
1
5
3
85
1
6
47
4
1
113
1
1
10
3
6
1
3
1
4
2
2
2
2
1
3
1
4
1
1
1
4
2
1
3
6
1
1
1
1
2
1
2
2
1
3
1
1
1
2
1
1
1
7
1
1
2
5
1
3
6
2
2
2
1
4
3
1
1
3
2
7
1
9
1
21
4
1
9
1
7
2
1
6
2
1
5
2
2
2
1
1
1
2
1
1
6
5
11
1
1
9
1
12
1
3
1
8
1
8
2
7
1
2
1
4
3
2
2
4
1
1
1
8
3
3
1
3
4
8
2
1
1
1
17
2
5
2
7
7
4
9
2
12
1
1
1
2
4
22
1
2
2
1
3
16
2
1
14
1
72
4
1
5
1
2
2
1
5
113
1
1
30
1
3
1
1
13
138
1
1
4
1
2
2
28
2
1
1
2
3
3
72
1
1
1
91
1
2
1
9
2
1
10
2
8
2
3
40
2
2
1
18
1
4
1
1
1
32
1
8
4
1
27
11
1
7
1
8
3
6
2
5
6
3
1
4
1
10
1
4
2
1
28
6
5
1
5
1
3
2
8
1
3
1
12
1
8
1
2
1
1
3
1
4
30
1
43
11
8
1
1
1
1
1
2
15
6
1
2
3
1
12
3
2
1
2
45
1
26
3
2
3
2
1
1
10
1
3
1
2
1
1
9
4
1
9
2
1
20
3
4
1
132
7
2
3
2
2
1
2
4
5
1
3
18
1
1
1
1
6
2
1
1
1
4
1
4
1
542
3
13
1
2
1
6
25
1
1
1
1
11
4
2
5
5
3
6
1
4
387
1
1
1
2
6
1
1
2
1
1
2
5
1
3
6
2
1
1
21
5
18
35
1
4
2
1
4
8
3
1
3
3
1
3
2
1
3
1
1
2
1
1
6
12
1
1
1
1
3
32
2
2
11
2
32
4
2
70
1
1
6
1
11
5
6
3
14
6
1
1
2
1
3
10
1
1
35
1
3
5
1
1
1
1
11
10
1
2
1
6
4
6
43
1
1
61
3
1
4
1
1
1
16
1
6
4
2
1
1
4
1
5
2
1
3
4
4
3
1
4
2
9
209
3
1
1
1
1
5
1
3
82
1
1
1
28
1
3
1
7
1
1
56
1
4
1
3
1
11
19
9
1
1
7
168
1
6
1
20
2
2
1
3
2
7
1
3
1
1
18
45
1
1
1
1
1
3
3
1
1
1
3
1
1
1
2
3
7
1
1
3
3
25
1
6
1
13
59
45
3
5
1
1
1
4
1
3
3
1
22
2
2
7
4
5
1
1
1
2
1
7
6
11
4
13
1
5
1
2
2
1
1
2
8
3
5
3
1
1
1
1
31
6
2
37
1
3
2
5
1
1
7
2
1
2
2
2
6
9
2
3
1
1
6
1
6
1
14
23
5
1
2
9
1
2
1
3
1
3
2
5
13
4
2
1
1
20
1
6
2
10
1
4
14
3
1
3
1
6
1
1
2
3
1
3
6
11
5
23
1
3
61
1
6
1
3
1
8
1
1
7
1
2
1
5
3
2
33
3
2
1
1
5
1
1
24
2
19
2
2
1
8
1
7
1
39
1
1
1
9
1
1
23
7
116
2
1
4
7
1
46
6
1
20
2
3
3
2
2
3
4
3
3
1
4
1
1
9
1
11
1
1
1
1
78
4
1
60
50
2
26
2
1
1
121
1
3
1
6
21
14
1
2
8
3
2
1
2
1
1
1
8
3
3
2
1
3
4
4
1
4
3
2
1
2
16
2
1
4
9
6
1
1
1
1
2
1
2
2
1
1
1
5
1
2
3
1
8
4
6
1
2
1
3
1
4
1
1
1
1
1
2
1
1
4
1
2
2
1
1
2
2
8
1
1
1
1
2
3
1
2
1
1
1
1
1
2
26
1
32
1
33
1
4
2
659
1
1
1
5
1
1
14
1
1
6
1
1
8
3
1
1
5
1
3
1
1
11
1
2
1
1
51
1
3
2
2
4
3
1
1
1
2
1
1
3
18
12
2
3
1
1
7
3
46
4
2
3
1
1
3
1
1
1
3
8
1
1
3
4
1
2
2
6
1
2
1
2
3
1
1
2
2
2
1
12
1
14
6
2
3
7
6
1
15
5
1
4
10
1
13
1
7
1
2
19
1
4
1
1
14
6
2
1
1
3
7
1
1
2
2
13
4
73
2
1
2
1
10
1
1
4
1
3
46
1
1
2
36
26
1
1
1
2
7
16
3
1
1
16
38
18
6
1
1
4
1
4
3
1
3
4
1
5
1
1
4
1
37
24
1
2
1
525
7
1
7
6
43
1
3
10
1
4
1
8
1
6
5
1
2
2
1
1
5
13
14
1
5
1
1
3
5
3
1
2
1
4
1
1
54
3
1
12
1
2
1
8
2
1
4
1
3
1
13
1
1
3
2
1
6
1
2
5
2
922
1
6
2
1
1
9
1
2
2
1
2
12
3
1
2
1
1
1
1
1
4
1
99
2
3
1
2
3
1
4
4
7
2
3
1
1
3
2
1
2
6
3
561
1
3
1
1
8
2
2
4
1
2
2
1
3
1
1
7
1
2
11
5
1
2
1
12
6
4
1
50
13
1
12
4
6
1
6
1
5
1
1
2
1
3
1
10
1
43
5
1
2
1
3
1
11
1
2
3
1
1
3
3
1
2
1
1
1
6
1
93
1
1
1
1
8
2
2
4
1
2
10
3
1
1
3
2
10
1
1
1
2
1
3
1
3
1
10
1
10
39
109
1
3
6
4
1
8
1
1
1
1
1
2
2
6
2
1
1
13
1
11
3
2
2
42
1
1
1
1
1
2
9
2
1
13
1
1
1
1
2
4
3
3
14
1
2
21
1
1
1
1
3
1
3
1
2
1
2
1
22
1
1
1
2
2
1
5
1
1
2
5
3
1
6
1
2
9
1
1
2
1
4
10
10
1
5
1
1
1
4
1
4
1
1
2
3
2
1
2
2
1
2
12
1
2
2
6
1
1
2
1
5
1
1
1
2
4
1355
1
1
3
29
4
63
2
1
7
1
5
1
28
7
1
1
4
1
4
1
1
2
2
1
7
1
2
9
2
10
1
1
1
1
5
6
5
3
1
8
387
1
3
5
1
1
1
1
1
2
5
2
4
1
7
1
41
1
12
3
3
2
2
3
1
75
12
1
1
1
2
1
152
1
1
1
3
10
5
2
1
5
1
1
4
1
423
16
1
9
1
1
6
1
1
2
1
2
1
5
1
6
4
4
1
1
6
4
2
2
1
1
2
1
8
2
2
1
3
1
23
146
1
21
6
12
6
18
1
13
7
5
1
2
1
8
20
30
10
1
3
1
1
1
2
2
18
10
22
10
6
5
16
1
1
1
3
3
1
67
1
3
1
1
1
2
3
3
2
2
3
1
3
3
2
3
2
1
2
4
2
3
1
1
1
2
1
14
1
2
1
1
1
1
4
1
1
1
1
11
2
1
5
2
9
4
2
1
31
4
18
2
2
41
7
1
1
6
1
8
1
1
3
5
1
22
2
28
1
1
3
3
9
3
1
5
2
2
1
3
3
1
1
4
1
4
1
9
1
2
2
2
7
1
4
1
11
1
1
2
6
4
5
1
1
1
1
6
1
3
2
29
1
1
1
1
4
1
11
1
1
3
1
2
5
1
2
2
2
1
3
1
1
2
7
1
1
2
1
414
2
199
1
4
3
2
1
1
5
7
15
1
1
1
1
1
2
5
1
78
1
1
7
1
1
3
2
2
5
2
1
6
2
1
1
5
1
1
2
1
2
2
13
1
2
3
11
1
3
8
1
1
1
6
1
1
1
1
16
1
1
3
1
1
2
1
7
2
14
1
4
1
2
2
7
1
1
5
4
1
3
20
1
2
1
1
54
1
1
1
1
2
1
1
1
10
2
1
2
3
8
1
1
1
8
1
1
11
2
2
1
5
2
1
1
1
9
1
1
2
1
11
1
1
4
1
12
11
8
3
1
1
3
3
165
4
2
9
1
4
2
2
2
1
1
5
3
2
1
1
3
2
1
13
1
2
2
2
1
2
1
3
4
3
1
3
1
81
1
1
1
2
4
1
3
2
1
2
1
9
1
2
1
10
1
1
1
6
2
2
2
1
1
3
7
14
1
2
4
1
55
2
6
1
3
3
1
4
1
1
2
1
1
2
1
18
13
1
2
10
1
23
1
34
1
2
1
1
100
1
5
2
2
1
1
2
2
7
1
6
1
46
1
5
6
8
2
6
11
1
2
3
1
1
2
1
1
2
1
4
14
44
7
2
1
5
2
8
1
12
44
1
5
1
3
1
7
1
1
11
1
11
1
9
15
4
10
2
2
1
27
2
1
200
1
9
1
13
5
1
1
5
1
1
1
4
1
2
41
1
1
1
2
4
1
2
4
6
1
2
3
3
2
1
1
1
1
1
2
3
1
10
1
1
1
21
10
197
35
8
2
5
2
1
3
1
2
8
7
2
7
1
44
1
2
5
1
25
12
4
1
6
1
1
1
45
4
3
2
1
5
1
1
48
1
8
4
6
4
1
33
2
2
3
6
5
11
3
1
4
3
1
4
1
5
2
3
1
15
23
5
1
54
3
4
1
1
1
4
1
1
2
1
1
2
3
1
6
1
1
3
1
10
2
3
29
5
14
1
1
4
4
2
2
1
1
1
6
4
1
3
1
52
1
2
1
1
3
8
3
1
2
2
1
7
2
1
5
1
2
2
2
1
2
1
4
364
1
1
1
1
1
6
2
3
27
1
1
128
1
2
2
1
4
1
9
5
5
1
3
1
9
13
1
1
1
4
114
1
8
1
360
1
1
7
1
23
3
1
1
1
5
174
90
1
6
17
1
57
1
1
18
1
9
1
14
4
3
9
4
1
3
1
6
2
2
5
4
1
1
1
2
5
4
8
1
1
11
2
1
1
1
4
2
1
1
2
1
8
1
2
1
4
5
1
5
1
2
1
1
7
1
1
2
2
1
2
2
1
1
33
1
1
2
1
1
1
11
1
2
5
1
12
2
12
2
4
1
8
6
9
1
2
1
4
1
4
1
1
2
2
5
1
2
10
1
1
3
1
2
4
1
18
1
34
1
1
1
1
3
6
1
1
1
1
3
5
1
3
1
3
1
2
1
1
4
2
2
11
3
1
6
2
7
2
3
2
3
1
4
2
1
2
2
4
1
3
2
2
4
1
1
1
185
1
3
1
3
5
1
23
1
2
13
2
1
2
1
3
1
1
1
2
5
1
2
2
1
2
6
1
102
3
2
2
17
1
1
3
1
1
2
1
9
4
1
2
1
8
15
1
11
1
1
9
2
2
1
2
1
1
41
9
2
1
4
1
5
1
2
3
2
16
1
1
2
1
3
21
1
4
1
4
9
1
9
4
3
11
1
11
2
3
1
1
4
1
2
1
1
3
1
16
7
1
4
1
47
1
20
1
9
1
2
1
3
5
2
4
1
4
4
1
5
1
197
3
1
7
1
8
1
2
179
1
1
1
2
9
2
5
2
10
1
1
2
1
211
21
1
2
3
10
1
2
1
2
5
3
4
1
1
4
3
1
1
1
3
1
1817
1
1
1
1
1
1
42
1
3
3
1
3
2
1
6
2
1
13
2
1
6
1
3
8
1
3
3
1
9
1
5
47
1
1
2
1
16
1
3
1
1
1
1
1
2
2
1
1
4
5
1
25
1
39
2
10
1
5
1
1
4
2
1
2
1
2
3
1
4
2
8
11
5
1
1
3
7
1
1
8
12
1
1
3
3
1
4
1
2
1
10
1
1
13
1
3
1
1
1
81
1
6
1
2
6
1
4
7
1
1
1
5
5
3
1
1
5
1
2
1
1
8
1
3
1
3
4
1
7
1
2
3
2
12
2
10
13
2
6
1
1
471
197
1
8
2
1
4
1
10
4
1
1
1
5
1
5
1
2
1
2
1
7
50
1
21
2
1
2
1
1
1
1
6
2
3
3
9
1
7
3
1
3
2
3
2
6
2
3
1
2
2
11
1
3
1
1
2
2
1
1
17
2
1
4
1
5
1
2
5
3
1
3
2
14
4
1
4
2
1
5
2
1
2
2
11
44
7
1
6
4
1
189
14
22
3
3
4
1
1
1
1
3
1
2
1
7
8
1
1
224
20
3
5
3
1
14
1
7
1
4
1
3
4
7
16
1
2
1
2
1
1
6
1
1
43
2
1
3
1
1
7
1
1
1
1
20
1
3
3
7
1
1
33
7
1
4
1
10
1
46
3
1
4
2
3
2
158
1
1
3
4
1
16
316
1
2
8
2
1
1
1
3
2
3
1
1
5
1
10
3
2
1
21
1
2
8
4
2
3
7
2
2
7
28
1
2
2
2
1
1
3
15
1
1
1
3
5
1
7
1
1
1
1
1
3
8
1
10
2
4
2
4
9
1
6
3
3
4
1
1014
1
2
2
1
1
6
2
1
1
3
1
4
1
1
1
115
1
1
3
1
156
2
1
2
2
1
1
1
2
3
2
11
1
1
19
1
1
5
1
2
4
1
1
2
1
7
1
20
1
5
1
1
13
1
17
1
19
1
1
7
1
3
1
2
1
1
1
23
3
2
3
15
3
1
1
1
3
7
16
1
6
27
1
2
1
1
1
4
9
282
1
1
9
1
3
2
573
1
5
48
6
1
2
2
3
1
1
4
13
2
1
3
1
38
2
2
5
1
11
1
21
1
2
3
1
32
3
13
1
4
8
7
2
2
1
4
1
1
4
6
3
1
1
167
1
1
10
1
9
1
1
3
6
1
3
1
11
397
1
1
1
1
1
87
26
1
58
1
1
2
21
1
2
2
13
2
1
1
1
78
1
1
1716
1
1
21
1
1
2
1
7
13
2
6
1
3
4
1
1
1
3292
2
43
9
1
19
2
209
2
1
1
1
2
3
1
1
1
2
1
1
2
2
6
2
1
4
1
1
92
241
16
182
1
6
1
25
1
15
6
2
1
1
1
1
30
1
1
10
1
1
3
1
1
8
1
11
2
4
1
1
2
1
1
5
3
2
1
3
31
5
1
6
3
13
1
5
1
2
2
2
14
1
2
1
1
1
1
1
6
9
2
1
2
1
19
1
1
1
3
1
2
1
25
1
2
1
1
6
10
1
1
11
1
1
1
4
10
14
1
1
1
1
2
17
5
9
1
3
2
44
1
14
6
32
1
3
2
2
2
28
2
1
2
1
1
2
2
1
3
2
6
1
1
1
10
1
1
8
8
6
1
1
3
3
11
1
3
2
1
2
1
1
2
1
1
5
2
2
2
2
4
4
29
4
3
2
1
1
1
1
3
38
1
1
1
1
2
2
1
1
8
3
3
16
1
1
47
10
1
4
5
1
1
1
5
11
1
1
2
2
5
7
10
3
25
2
17
1
7
1
5
1
2
1
2
2
4
3
1
73
1
10
4
1
12
3
2
2
1
1
4
8
1
1
2
2
121
1
60
1
4
2
7
1
2
1
2
4
2
5
3
11
1
3
7
1
10
1
2
1
1
17
2
3
1
1
3
9
3
1
2
5
1
1
1
3
1
1
3
5
1
11
2
1
15
12
3
1
3
20
4
5
1
19
1
2
1
1
4
75
1
2
17
2
2
1
2
6
1
1
3
5
6
1
3
1
4
3
1
5
1
5
1
1
2
1
1
1
5
1
1
7
1
2
15
1
1
1
1
2
1
14
2
5
2
2
12
1
1
1
1
1
1411
1
3
4
12
1
15
1
2
1
48
1
1
1
2
1
2
3
27
3
19
1
4
1
1
66
13
2
1
8
1
9
2
11
4
4
1
5
2
5
1
2
2
3
26
4
1
6
1
6
1
1
2
3
1
1
8
2
18
3
4
3
12
1
1
10
1
22
2
20
1
3
5
1
9
1
1
2
2
2
1
3
7
1
3
1
3
1
8
5
5
1
2
2
1
257
1
24
4
1314
3
1
3
7
1
3
14
1
4
1
1
1
4
2
1
1
19
1
3
16
1
1
17
12
1
1
6
1
1
13
6
3
35
5
1
1
7
2
1
2
3
4
17
1
43
4
90
1
3
5
22
427
4
4
1
12
1
5
3
1
5
21
2
2
7
18
3
1
3
4
5
1
7
3
3
4
1
187
2
1
1
1
84
1
2
82
1
5
1
1
1
2
20
1
2
2
4
2
2
3
1
5
6
1
4
1
1
1
2
3
1
1
1
2
13
10
1
12
1
1
18
23
36
1
19
4
1
4
1
1
6
2
30
1
2
1
5
3
100
2
6
14
8
33
1
1
1
1
1
1
37
1
2
2
1
2
2
4
1
2
2
1
58
1
3
5
1
15
2
1
3
3
1
9
2
5
1
1
2
1
7
1
2
2
11
1
1
3
5
2
6
1
2
1
3
1
2
2
15
3
1
8
1
1
1
4
1
3
1
2
49
1
1
2
4
2
24
1
53
1
2
1
1
13
1
12
1
4
1
6
4
2
1
1
3
1
3
1
1
11
1
7
2
1
226
1
4
1
1
1
1
33
4
1
1
1
4
1
16
1
1
15
1
1
1
17
1
3
2
9
18
5
1
1
2
1
1
2
1
7
1
1
5
1
3
1
2
1
1
5
1
2
1
10
1
16
1
1
1
2
1
1
5
1
2
1
1
10
1
1
1
26
1
4
29
4
3
2
1
1
2
1
33
1
2
2
1
2
1
2
52
1
14
1
3
1
1
6
4
17
1
4
15
1
2
2
81
1
1
3
2
2
11
2
1
1
24
1
6
1
2
2
10
1
2
25
1
1
1
2
1
2
3
2
1
1
1
7
17
4
3
3
2
1
1
22
1
1
2
1
1
20
1
1
12
1
2
6
1
2
3
1
2
1
5
2
3
3
1
7
1
3
1
1
1
1
1
6
1889
3
2
1
2
37
2
5
1
10
4
15
25
1
1
2
3
1
1
1
16
2
1
5
1
9
3
161
4
1
1
1
1
7
4
1
1
1
1
8
1
1
1
4
13
2
2
4
2
3
16
24
1
3
4
4
2
1
12
1
4
1
2
8
13
4
7
1
1
1
1
4
2
1
11
2
1
1
1
1
9
5
5
1
1
1
121
3
1
22
1
1
2
1
1
7
8
2
8
1
34
6
12
1
1
1
1
4
7
1
1
1
6
48
1
2
21
2
4
9
3
1
1
2
1
1
7
18
3
242
2
5
1
35
3
1
1
1
2
3
1
15
3
1
6
2
1
6
4
1
1
3
5
3
5
3
2
2
2
7
2
1
55
1
1
1
1
1
3
2
2
2
4
1
3
6
2
3
4
2
307
1
2
14
1
8
1
1
2
1
1
4
11
1
2
1
3
1
2
1
4
2
4
1
1
20
2
2
4
7
17
1
2
1
2
1
1
2
1
3
1
5
2
1
4
4
1
1
1
2
1
1
6
1
4
2
1
2
12
2
3
3
3
1
1
1
1
3
1
2
1
1
2
1
5
4
2
3
1
7
10
1
3
6
2
1
1
11
20
1
4
1
102
6
2
1
1
54
1
1
16
2
1
6
1
4
2
1
3
2
4
3
2
1
1
1
18
5
8
2
1
1
1
1
76
1
3
6
17
1
4
1
19
1
4
6
1
1
2
1
4
1
1
1
9
1
13
91
1
1
16
7
3
3
2
1
10
1
2
20
4
1
2
3
2
2
13
2
6
12
1
1
1
1
1
1
1
1
13
1
1
2
1
3
2
24
1
1
2
10
2
2
17
2
1
1
7
1
1
11
4
1
9
3
6
10
10
11
2
5
3
3
1
1
1
1
6
3
1
109
3
4
1
1
1
4
1
1
1
1
3
4
2
1
10
1
45
28
3
5
32
1
1
4
1
2
1
2
1
2
4
9
2
12
4
2
2
2
4
2
10
2
5
1
11
5
14
1
2
1
3
3
1
58
1
5
1
20
1
3
1
6
1
1
2
27
3
1
14
4
2
1
3
2
2
2
1
6
1
2
8
2
27
4
1
1
2
2
6
1
3
1
4
4
1
1
5
1
2
1
1
3
1
18
15
1
1
1
1
1
3
25
1
2
3
5
1
1
1
1
15
2
3
8
1
37
61
907
3
1
3
1
2
2
1
3
1
26
1
1
2
12
2
18
1
2
1
1
13
1
2
14
1
21
1
1
1
5
1
1
1
1
2
3
2
36
1
13
3
4
1
2
3
1
193
2
2
1
2
1
2
1
4
1
1
1
1
2
2
2
11
1
1
1
931
5
1
8
9
1
4
1
1
4
1
1
1
23
14
1
1
3
5
1
2
5
2
3
2
1
1
1
18
2
4
3
3
1
1
2
15
1
1
1
1
34
1
5
1
3
1
1
8
3
6
1
3
3
1
1
211
2
1
1
2
2
7
12
231
2
2
4
2
1
1
1
1
1
3
3
1
1
1
1
1
1
1
2
6
1
2
3
7
2
1
2
3
2
2
3
1
1
1
25
1
3
1
1
1
175
3
4
1
9
4
1
6
1
13
8
1
4
10
74
5
1
10
1
1
1
9
1
1
2
2
2
3
3
11
28
1
10
1
4
1
1
1
3
5
4
2
1
5
4
2
2
1
13
11
1
1
1
4
1
23
2
3
6
3
1
15
2
1
7
12
1
13
76
1
1
12
1
2
1
2
2
7
2
13
1
2
1
3
2
46
1
7
4
8
1
1
2
1
2
1
1
2
3
2
8
2
1
1
17
1
4
4
1
1
1
1
1
1
1
1
1
1
27
1
2
4
2
2
19
1
5
1
5
4
1
4
1
1
11
1
1
1
19
4
1
1
1
3
5
1
4
26
1
3
1
67
1
15
1
2
1
109
1
15
7
2
1
1
1
89
3
2
1
2
1
2
3
1
2
2
2
3
2
5
2
3
6
1
3
1
1
1
1
1
1
18
1
4
1
17
1
8
1
3
1
2
5
1
5
1
2
4
1
3
5
3
2
2
1
1
5
6
3
2
1
1
8
2
1
2
1
1
1
1
1
4
1
2
1
171
2
3
1
39
2
6
14
1
1
1
1
990
3
5
2
2
2
12
2
7
13
3
1
1
1
1
2
2
1
1
6
2
1
1
3
2
2
3
1
1
1
1
1
12
1
3
10
5
3
1
6
1
7
1
4
1
4
1
2
1
6
22
1
1
2
1
2
3
4
2
1
1
1
2
4
1
17
1
1
2
1
2
1
468
1
8
1
9
2
2
1
3
4
1
1
1
1
3
2
2
1
2
12
1
1
6
2
5
6
300
2
1
12
1
3
4
2
67
1
1
30
1
10
4
2
1
1
1
7
1
1
1
2
1
1
2
1
1
1
1
12
1
405
1
2
12
2
1
1
5
1
1
1
6
3
15
3
1
9
3
3
1
1
3
4
5
5
1
4
1
2
7
3
1
1
5
7
1
3
1
1
16
1
12
1
2
10
50
1
3
1
3
1
27
1
13
3
23
1
3
2
1
26
94
1
42
2
2
11
5
4
1
2
1
1
17
2
1
1
2
1
13
1
1
1
2
3
1
3
1
1
1
1
4
2
1
91
1
1
4
2
1
2
1
1
2
5
2
3
3
4
1
1
1
4635
6
1
16
17
1
1
3
30
4
1
10
1
2
1
6
1
3
8
1
1
4
1
2
2
1
1
4
1
8
1
2
3
1
4
1
1
1
9
1
1
1
1
8
1
2
4
3
5
9
1
2
22
16
1
1
5
1
1
8
1
1
12
1
10
1
1
1
1
1
1
1
1
1
19
1
15
1
1
1
108
1
3
2
1
1
2
1
3
3
1
1
1
14
6
1
1603
4
19
27
9
2
4
25
1
4
1
7
1
1
1
1
1
9
13
2
1
1
4
3
1
1
1
2
16
1
2
1
1
4
1
25
2
1
1
10
3
2
1
2
1
5
3
3
1
4
1
1
1
7
17
1
5
3
14
2
1
8
3
1
17
1
96
1
64
1
94
1
1
6
1
3
1
34
1
7
1
4
1
6
1
12
1
2
16
1
7
1
4
1
10
1
1
3
5
2
102
1
7
16
1
9
8
1
8
29
11
2
1
20
1
6
13
1
2
2
1
1
2
1
1
2
2
9
18
2
1
1
2
1
32
3
1
1
1
1
1
4
2
2
4
1
2
1
14
1
6
1
4
1
1
2
1
1
2
534
3
487
1
1
3
9
1
2
2
3
3
6
2
2
1
4
5
1
1
1
5
3
1
22
5
1
1
1
1
3
1
1
2
2
2
1
1
1
22
4
10
1
3
5
3
3
13
20
1
2
4
1
6
3
2
4
5
4
1
3
1
120
1
1
1
1
1
1
9
2
1
4
1
1
1
1
3
2
1
13
6
1
17
1
21
3
1
3
8
6
1
1
1
4
1
8
1
2
1
6
3
7
1
1
1
1
1
1
4
4
98
1
2
3
15
1
37
9
7
1
47
1
16
3
3
4
5
19
2
4
1
1
21
1
1
1
2
1
1
1
2
2
83
4
3
1
5
7
4
14
3
1
1
5
1
3
7
4
2
1
1
2
7
1
38
1
2
1
1
10
2
60
2
1
7
2
1
36
1
3
2
6
1
2
1
4
2
1
9
74
1
7
1
1
4
1
1
2
1
1
5
24
1
5
3
2
5
1
1
3
1
3
1
1
59
1
1
3
1
3
1
1
1
1
1
1
5
2
1
4
1
3
1
2
1
68
1
6
1
2
9
1
2
4
3
1
11
3
50
7
69
1
1
2
2
1
1
1
3
1
1
1
3
5
4
1
8
3
1
1
1
1
2
3
2
6
9
1
1
1
5
1
1
2
7
4
1
2
6
2
1
1
8
1
1
18
1
4
1
19
1
1
1
1
2
16
2
1
2
4
5
1
7
3
2
5
1
3
1
1
2
1
50
2
1
10
165
12
1
10
1
3
4
4
12
8
1
5
1
2
3
1
2
1
2
1
1
1
1
1
1
2
1
2
2
2
2
1
1
1
2
1
3
1
1
1
11
2
2
4
2
11
1
1
2
1
6
2
1
1
2
10
1
3
1
2
854
1
1
1
5
12
1
3
2
103
6
1
2
1
5
1
1
3
1
1
1
1
19
7
4
1
1
2
14
1
1
73
2
1
2
6
1
3
2
11
1
31
1
1
1
4
8
1
7
32
11
1
6
1
1
51
1
11
1
4
1
1
4
1
1
1
2
3
1
7
3
33
2
8
3
4
5
1
1
5
1
7
1
109
10
2
1
48
3
5
61
3
6
1
4
1
6
1
3
3
2
2
4
4
1
25
1
1
12
3
1
4
8
2
2
2
1
4
1
8
1
20
14
3
4
2
1
1
6
2
1
19
1
4
1
1
1
2
2
9
2
4
5
2
24
1
2
3
6
1
5
1
2
1
6
3
1
11
1
1
1
32
1
1
4
1
4
1
1
4
1
1
4
2
1
4
1
13
2
50
1
2
2
2
2
1
1
1
41
2
1
7
1
5
89
1
2
2
1
2
1
3
1
2
131
15
1
4
2
1
1
17
1
4
5
1
2
2
1
4
1
2
12
2
2
1
1
104
12
1
3
1
6
11
1
1
1
1
2
1
9
1
25
10
1
2
1
2
1
48
1
6
7
2
1
1
1
4
2
1
41
65
2
2
2
1
1
2
9
2
1
1
4
2
1
1
1
4
20
2
19
3
1
7
1
2
7
1
1
1
1
5
3
1
2
3
1
3
1
1
9
3
15
1
4
1
1
2
10
5
1
2
12
10
1
2
5
6
1
1
1
24
1
88
2
4
3
14
2
1
1
2
1
3
1
4
3
1
16
7
1
14
1
16
3
26
1
7
1
1
1
2
24
16
2
182
1
2
2
1
1
1
15
5
1
1
5
4
1
6
1
3
1
2
3
3
1
13
2
6
2
116
1
1
12
4
4
109
3
1
7
1
1
9
1
8
2
4
7
2
1
1
3
2
1
1
2
4
1
20
3
1
1
10
188
3
1
28
49
3
2
1
1
2
1
8
2
1
19
321
1
2
1
1
2
4
1
8
92
14
3
4
1
2
1
3
7
1
3
1
1
1
1
5
2
22
1
1
3
3
3
1
2
1
2
1
1
3
1
1
1
15
1
2
1
1
1
1
1
59
1
2
86
1
13
1
5
1
3
23
18
1
9
6
15
2
1
3
1
2
3
1
1
1
2
1
5
3
1
1
1
1
2
1
39
1
1
103
3
5
1
2
2
2
1
1
146
1
1
11
4
2
2
5
20
1
2
2
1
2
1
5
1
2
1
1
1
1
6
4
1
1
4
54
1
1
1
2
1
17
1
1
5
2
1
76
1
1
2
1
6
2
10
2
2
4
1
1
19
1
1
4
1
2
1
2
1
1
3
2
6
1
27
1
5
1
6
5
4
1
1
2
1
7
1
7
3
10
4
1
2
7
2
7
2
3
1
2
2
1
1
2
1
9
1
4
7
3
2
1
2
1
3
2
1
1
10
1
3
1
3
1
2
2
3
1
2
1
3
4
1
1
14
1
2
31
1
2
2
3
1
1
3
4
11
4
7
3
1
1
13
1
6
2
1
3
19
2
1
2
2
1
1
6
2
2
16
1
5
1
3
14
2
7
1
1
2
3
1
1
4
7
1
1
6
1
4
1
25
3
3
1
1
2
3
1
2
3
11
9
1
3
3
1
1
13
1
5
1
4
3
4
1
1
1
56
5
4
1
3
31
3
1
2
1
2
1
2
1
2
1
1
1
1
9
1
4
1
3
28
5
3
1
2
3
7
5
2
3
2
1
7
92
9
3
1
18
12
3
2
7
2
1
1
1
4
1
1
9
1
3
1
2
5
1
1
1
1
4
1
11
34
3
3
1
4
3
2
2
19
4
3
2
2
1
1
10
1
3
1
1138
1
4
1
2
5
5
8
1
2
2
1
1
1
1
1
1
2
2
12
1
1
1
18
1
8
2
10
1
21
5
1
4
6
4
1
2
3
6
10
3
2
4
8
1
1
5
21
2
3
17
1
3
1
1
1
1
1
2
5
1
73
10
3
23
1
1
3
1
2
2
1
2
23
5
13
1
2
1
3
1
7
58
1
5
1
4
1
3
1
1
2
1
3
4
1
10
2
7
107
2
1
2
1
2
5
1
1
28
5
1
1
3
1
5
3
15
1
6
1
3
1
1
2
10
2
2
8
1
7
8
1
67
1
4
48
3
8
1
1
7
79
1
1
49
12
1
44
1
2
2
13
5
2
1
1
5
2
1
8
137
1
1
3
15
6
2
2
1
3
8
1
54
3
2
1
3
9
4
1
1
2
10
2
3
3
1
1
1
18
4
1
1
2
1
2
2
1
4
3
1
1
4
1
3
2
10
3
1
2
2
1
1
4
1
6
80
1
6
1
1
3
1
1
1
23
1
49
3
7
1
1
35
1
1
11
2
6
1
15
1
5
3
1
2
2
9
23
1
2
5
3
2
2
2
1
26
1
2
1
1
1
17
3
7
1
32
44
2
1
3
2
33
1
3
30
2
7
1
3
6
2
3
1
1
1
606
1
2
1
7
12
1
1
4
1
1
26
16
2
2
35
1
5
3
9
2
7
1
1
1
4
2
1
2
1
1
7
2
3
1
1
14
2
1
1
2
1
36
1
1
4
2
1
1
1
99
1
1
1
1
1
8
1
4
1
8
3
4
5
3
1
1
1
4
4
14
1
1
3
1
3
1
1
4
2
1
4
4
1
4
12
5
1
3
2
1
1
1
1
8
3
2
2
10
6
3
9
1
1
4
6
3
1
7
1
7
3
1
2
1
4
2
86
8
1
2
1
12
1
3
1
2
2
5
1
7
2
1
3
2
2
2
1
2
1
2
7
1
1
2
10
1
12
2
1
1
10
2
1
1
1
1
3
1
8
13
1
2
86
2
1
1
5
1
24
3
3
1
15
19
1
5
1
5
2
1
2
463
1
1
266
1
6
3
1
3
1
9
1
3
1
6
2
5
1
3
2
2
9
2
14
1
3
2
1
1
1
2
8
13
2
1
4
1
1
4
5
9
1
2
21
1
6
1
5
1
1
1
1
1
12
1
1
1
4
1
1
1
1
1
9
1
5
1
2
9
1
10
22
8
10
36
6
10
1
70
2
1
1
2
1
1
4
1
1
4
11
5
24
1
8
1
1
8
2
2
1
4
1
7
4
1
11
1
1
4
2
4
1
4
1
75
2
3
2
3
978
8
1
3
1
9
5
12
1
30
2
5
1
1
1
1
4
8
4
7
1
2
2
2
1
4
117
4
96
1
7
1
2
1
3
1
5
1
1
52
1
1
1
5
1
5
17
3
1
16
1
8
4
1
1
3
2
53
1
1
2
4
3
1
8
1
1
1
1
2
2
119
1
1
2
2
20
1
71
1
1
1
4
1
30
7
5
1
1
14
1
4
2
2
1
1
5
3
4
7
95
2
1
5
3
11
2
12
1
1
1
1
5
3
1
1
3
1
32
1
3
2
1
24
1
4
3
4
4
2
1
1
15
1
2
10
6
6
2
1
2
1
1
27
2
4
2
1
1
5
1
1
1
3
3
1
18
2
10
5
4
3
1
1
1
6
10
5
1
3
2
2
1
1
5
4
8
1
4
1
5
7
78
2
1
8
1
3
1
3
2
8
1
4
3
1
1
1
3
1
1
1
2
160
47
1
13
11
4
10
10
15
1
2
2
1
5
1
9
2
5
2
1
1
1
1
1
1
1
19
1
11
6
1
1
3
1
1
1
3
11
3
1
5
2
6
2
1
3
5
5
1
1
1
3
1
13
1
1
2
1
3
1
9
1
2
6
2
14
1
1
3
6
1
38
128
2
1
7
3
13
1
2
1
8
42
2
36
1
2
2
2
1
7
1
13
19
6
2
1
3
2
5
2
1
5
7
16
16
18
1
38
2
2
1
2
2
23
1
3
1
19
1
65
2
4
1
2
4
1
25
1
8
1
1
1
1
4
7
2
17
2
1
3
2
7
1
15
1
2
3
1
7
2
4
21
73
1
1
1
2
7
4
4
1
1
1
2
2
4
1
1
2
1
88
1
1
10
6
1
2
1
1
1
1
1
4
7
1
40
1
7
1
2
1
248
1
2
3
1
6
1
1
1
2
5
1
2
21
6
6
1
4
1
3
1
1
2
99
1
2
1
16
1
3
54
1
1
1
35
1
1
4
1
1
1
3
8
1
3
6
1
1
1
1
3
3
1
1
1
23
3
1
2
1
2
3
2
10
3
1
3
2
1
3
1
9
1
1
1
1
5
1
31
1
2
14
3
3
1
3
33
3
4
1
1
1
3
4
1
1
1
1
1
26
32
1
13
24
6
8
6
2
3
1
11
2
3
1
1
7
3
1
1
1
2
1
4
1
3
13
1
1
197
19
1
1
1
1
5
5
1
4
2
2
9
14
1
2
1
114
145
1
13
1
9
2
1
4
1
2
7
1
1
12
2
12
1
3
1
1
4
11
8
1
1
2
1
3
2
1
3
7
2
1
2
2
1
1
2
1
23
1
1
1
23
2
18
5
5
1
18
40
2
18
1
4
1
1
2
8
3
1
1
3
17
1
1
1
1
2
4
2
1
1
1
2
2
2
1
1
1
4
5
1
7
2
7
31
1
1
10
1
6
1
37
3
4
1
53
1
1
5
1
2
2
2
2
3
4
1
1
1
4
95
1
3
1
1
1
3
28
87
2
1
22
3
1
3
1
7
3
3
2
1
3
1
4
1
1
1
1
1
18
2
3
2
3
1
1
1
1
1
17
16
1
1
1
2
43
1
4
1
5
1
2
1
6
1
3
4
1
8
3
1
1
5
11
5
1
47
1
2
3
3
1
10
2
1
1
1
1
1
1
1
2
3
3
1
1
1
8
4
1
3
5
1
1
2
2
2
5
2
3
1
3
8
1
1
2
2
1
9
2
14
1
2
1
3
1
9
4
3
1
2
1
2
4
1
5
2
1
31
2
2
2
2
1
2
7
4
2022
1
23
34
1
3
1
4
3
1
16
6
1
7
9
2
1
4
4
2
80
1
2
1
8
1
18
3
4
1
1
1
3
1
1
6
1
3
4
5
4
110
1
6
4
1
2
2
1
1
1
1
20
12
2
8
2
5
2
81
13
1
2
8
3
1
2
1
5
3
2
7
7
7
2
1
2
1
1
1
1
22
2
1
3
11
1
2
1
1
1
2
3
1
3
1
5
10
1
11
1
4
1
6
1
1
1
12
6
1
6
3
1
1
4
1
2
122
54
1
5
1
1
6
4
10
1
5
1
4
1
1
4
1
1
1
5
1
35
2
1
1
5
1
6
1
2
2
2
13
2
1
2
1
12
3
1
17
2
1
3
1
11
22
1
78
2
5
2
1
1
1
1
1
1
1
10
3
2
1
1
1
2
23
4
1
1
15
2
1
1
1
2
2
8
2
2
1
1
1
6
1
1
2
6
4
1
3
29
3
1
1
3
6
1
1
4
1
36
3
2
2
1
1
1
5
7
1
2
2
1
11
1
3
3
3
5
11
2
3
18
2
6
12
6
3
1
1
2
2
8
89
1
1
1
13
1
5
1
1
6
6
4
1
6
5
1
6
46
1
2
1
3
1
1
2
6
58
1
6
5
4
1
1
12
3
1
14
1
12
4
2
1
6
10
2
29
1
2
1
5
9
1
3
22
2
1
1
16
1
7
3
35
3
1
4
3
7
10
2
1
3
2
3
1
2
1
2
1
8
1
1
2
3
1
2
4
1
5
1
3
